2022/06/15-23:21:42.246433 7f6aa6179700 RocksDB version: 5.18.4
2022/06/15-23:21:42.246453 7f6aa6179700 Git sha rocksdb_build_git_sha:
2022/06/15-23:21:42.246454 7f6aa6179700 Compile date Mar 11 2020
2022/06/15-23:21:42.246455 7f6aa6179700 DB SUMMARY
2022/06/15-23:21:42.246467 7f6aa6179700 CURRENT file:  CURRENT
2022/06/15-23:21:42.246468 7f6aa6179700 IDENTITY file:  IDENTITY
2022/06/15-23:21:42.246470 7f6aa6179700 MANIFEST file:  MANIFEST-000001 size: 13 Bytes
2022/06/15-23:21:42.246471 7f6aa6179700 SST files in /home/ANT.AMAZON.COM/stefler/Documents/university/cloud-services/WikipediaStats/src/streams2/./local/kafka-streams-wiki/0_1/rocksdb/hour-count-pages-create dir, Total Num: 0, files: 
2022/06/15-23:21:42.246472 7f6aa6179700 Write Ahead Log file in /home/ANT.AMAZON.COM/stefler/Documents/university/cloud-services/WikipediaStats/src/streams2/./local/kafka-streams-wiki/0_1/rocksdb/hour-count-pages-create: 000003.log size: 0 ; 
2022/06/15-23:21:42.246474 7f6aa6179700                         Options.error_if_exists: 0
2022/06/15-23:21:42.246474 7f6aa6179700                       Options.create_if_missing: 1
2022/06/15-23:21:42.246475 7f6aa6179700                         Options.paranoid_checks: 1
2022/06/15-23:21:42.246475 7f6aa6179700                                     Options.env: 0x7f6aa4b63fa0
2022/06/15-23:21:42.246476 7f6aa6179700                                Options.info_log: 0x7f6a5879cbf0
2022/06/15-23:21:42.246477 7f6aa6179700                Options.max_file_opening_threads: 16
2022/06/15-23:21:42.246477 7f6aa6179700                              Options.statistics: (nil)
2022/06/15-23:21:42.246478 7f6aa6179700                               Options.use_fsync: 0
2022/06/15-23:21:42.246479 7f6aa6179700                       Options.max_log_file_size: 0
2022/06/15-23:21:42.246479 7f6aa6179700                  Options.max_manifest_file_size: 1073741824
2022/06/15-23:21:42.246480 7f6aa6179700                   Options.log_file_time_to_roll: 0
2022/06/15-23:21:42.246480 7f6aa6179700                       Options.keep_log_file_num: 1000
2022/06/15-23:21:42.246481 7f6aa6179700                    Options.recycle_log_file_num: 0
2022/06/15-23:21:42.246482 7f6aa6179700                         Options.allow_fallocate: 1
2022/06/15-23:21:42.246482 7f6aa6179700                        Options.allow_mmap_reads: 0
2022/06/15-23:21:42.246483 7f6aa6179700                       Options.allow_mmap_writes: 0
2022/06/15-23:21:42.246483 7f6aa6179700                        Options.use_direct_reads: 0
2022/06/15-23:21:42.246484 7f6aa6179700                        Options.use_direct_io_for_flush_and_compaction: 0
2022/06/15-23:21:42.246484 7f6aa6179700          Options.create_missing_column_families: 0
2022/06/15-23:21:42.246485 7f6aa6179700                              Options.db_log_dir: 
2022/06/15-23:21:42.246485 7f6aa6179700                                 Options.wal_dir: /home/ANT.AMAZON.COM/stefler/Documents/university/cloud-services/WikipediaStats/src/streams2/./local/kafka-streams-wiki/0_1/rocksdb/hour-count-pages-create
2022/06/15-23:21:42.246486 7f6aa6179700                Options.table_cache_numshardbits: 6
2022/06/15-23:21:42.246487 7f6aa6179700                      Options.max_subcompactions: 1
2022/06/15-23:21:42.246487 7f6aa6179700                  Options.max_background_flushes: -1
2022/06/15-23:21:42.246488 7f6aa6179700                         Options.WAL_ttl_seconds: 0
2022/06/15-23:21:42.246488 7f6aa6179700                       Options.WAL_size_limit_MB: 0
2022/06/15-23:21:42.246489 7f6aa6179700             Options.manifest_preallocation_size: 4194304
2022/06/15-23:21:42.246490 7f6aa6179700                     Options.is_fd_close_on_exec: 1
2022/06/15-23:21:42.246490 7f6aa6179700                   Options.advise_random_on_open: 1
2022/06/15-23:21:42.246491 7f6aa6179700                    Options.db_write_buffer_size: 0
2022/06/15-23:21:42.246492 7f6aa6179700                    Options.write_buffer_manager: 0x7f6a587a5490
2022/06/15-23:21:42.246492 7f6aa6179700         Options.access_hint_on_compaction_start: 1
2022/06/15-23:21:42.246493 7f6aa6179700  Options.new_table_reader_for_compaction_inputs: 0
2022/06/15-23:21:42.246497 7f6aa6179700           Options.random_access_max_buffer_size: 1048576
2022/06/15-23:21:42.246498 7f6aa6179700                      Options.use_adaptive_mutex: 0
2022/06/15-23:21:42.246498 7f6aa6179700                            Options.rate_limiter: (nil)
2022/06/15-23:21:42.246499 7f6aa6179700     Options.sst_file_manager.rate_bytes_per_sec: 0
2022/06/15-23:21:42.246500 7f6aa6179700                       Options.wal_recovery_mode: 2
2022/06/15-23:21:42.246500 7f6aa6179700                  Options.enable_thread_tracking: 0
2022/06/15-23:21:42.246501 7f6aa6179700                  Options.enable_pipelined_write: 0
2022/06/15-23:21:42.246501 7f6aa6179700         Options.allow_concurrent_memtable_write: 1
2022/06/15-23:21:42.246502 7f6aa6179700      Options.enable_write_thread_adaptive_yield: 1
2022/06/15-23:21:42.246503 7f6aa6179700             Options.write_thread_max_yield_usec: 100
2022/06/15-23:21:42.246503 7f6aa6179700            Options.write_thread_slow_yield_usec: 3
2022/06/15-23:21:42.246504 7f6aa6179700                               Options.row_cache: None
2022/06/15-23:21:42.246504 7f6aa6179700                              Options.wal_filter: None
2022/06/15-23:21:42.246505 7f6aa6179700             Options.avoid_flush_during_recovery: 0
2022/06/15-23:21:42.246505 7f6aa6179700             Options.allow_ingest_behind: 0
2022/06/15-23:21:42.246506 7f6aa6179700             Options.preserve_deletes: 0
2022/06/15-23:21:42.246507 7f6aa6179700             Options.two_write_queues: 0
2022/06/15-23:21:42.246507 7f6aa6179700             Options.manual_wal_flush: 0
2022/06/15-23:21:42.246508 7f6aa6179700             Options.max_background_jobs: 8
2022/06/15-23:21:42.246508 7f6aa6179700             Options.max_background_compactions: -1
2022/06/15-23:21:42.246509 7f6aa6179700             Options.avoid_flush_during_shutdown: 0
2022/06/15-23:21:42.246509 7f6aa6179700           Options.writable_file_max_buffer_size: 1048576
2022/06/15-23:21:42.246510 7f6aa6179700             Options.delayed_write_rate : 16777216
2022/06/15-23:21:42.246511 7f6aa6179700             Options.max_total_wal_size: 0
2022/06/15-23:21:42.246511 7f6aa6179700             Options.delete_obsolete_files_period_micros: 21600000000
2022/06/15-23:21:42.246512 7f6aa6179700                   Options.stats_dump_period_sec: 600
2022/06/15-23:21:42.246512 7f6aa6179700                          Options.max_open_files: -1
2022/06/15-23:21:42.246513 7f6aa6179700                          Options.bytes_per_sync: 0
2022/06/15-23:21:42.246513 7f6aa6179700                      Options.wal_bytes_per_sync: 0
2022/06/15-23:21:42.246514 7f6aa6179700       Options.compaction_readahead_size: 0
2022/06/15-23:21:42.246515 7f6aa6179700 Compression algorithms supported:
2022/06/15-23:21:42.246515 7f6aa6179700 	kZSTDNotFinalCompression supported: 1
2022/06/15-23:21:42.246516 7f6aa6179700 	kZSTD supported: 1
2022/06/15-23:21:42.246517 7f6aa6179700 	kXpressCompression supported: 0
2022/06/15-23:21:42.246518 7f6aa6179700 	kLZ4HCCompression supported: 1
2022/06/15-23:21:42.246518 7f6aa6179700 	kLZ4Compression supported: 1
2022/06/15-23:21:42.246519 7f6aa6179700 	kBZip2Compression supported: 1
2022/06/15-23:21:42.246519 7f6aa6179700 	kZlibCompression supported: 1
2022/06/15-23:21:42.246520 7f6aa6179700 	kSnappyCompression supported: 1
2022/06/15-23:21:42.246521 7f6aa6179700 Fast CRC32 supported: Not supported on x86
2022/06/15-23:21:42.246601 7f6aa6179700               Options.comparator: leveldb.BytewiseComparator
2022/06/15-23:21:42.246602 7f6aa6179700           Options.merge_operator: None
2022/06/15-23:21:42.246603 7f6aa6179700        Options.compaction_filter: None
2022/06/15-23:21:42.246604 7f6aa6179700        Options.compaction_filter_factory: None
2022/06/15-23:21:42.246604 7f6aa6179700         Options.memtable_factory: SkipListFactory
2022/06/15-23:21:42.246605 7f6aa6179700            Options.table_factory: BlockBasedTable
2022/06/15-23:21:42.246620 7f6aa6179700            table_factory options:   flush_block_policy_factory: FlushBlockBySizePolicyFactory (0x7f6a5874f8c0)
  cache_index_and_filter_blocks: 0
  cache_index_and_filter_blocks_with_high_priority: 0
  pin_l0_filter_and_index_blocks_in_cache: 0
  pin_top_level_index_and_filter: 1
  index_type: 0
  hash_index_allow_collision: 1
  checksum: 1
  no_block_cache: 0
  block_cache: 0x7f6a5875b780
  block_cache_name: LRUCache
  block_cache_options:
    capacity : 52428800
    num_shard_bits : 6
    strict_capacity_limit : 0
    memory_allocator : None
    high_pri_pool_ratio: 0.000
  block_cache_compressed: (nil)
  persistent_cache: (nil)
  block_size: 4096
  block_size_deviation: 10
  block_restart_interval: 16
  index_block_restart_interval: 1
  metadata_block_size: 4096
  partition_filters: 0
  use_delta_encoding: 1
  filter_policy: rocksdb.BuiltinBloomFilter
  whole_key_filtering: 1
  verify_compression: 0
  read_amp_bytes_per_bit: 0
  format_version: 0
  enable_index_compression: 1
  block_align: 0
2022/06/15-23:21:42.246625 7f6aa6179700        Options.write_buffer_size: 16777216
2022/06/15-23:21:42.246626 7f6aa6179700  Options.max_write_buffer_number: 3
2022/06/15-23:21:42.246627 7f6aa6179700          Options.compression: NoCompression
2022/06/15-23:21:42.246627 7f6aa6179700                  Options.bottommost_compression: Disabled
2022/06/15-23:21:42.246628 7f6aa6179700       Options.prefix_extractor: nullptr
2022/06/15-23:21:42.246629 7f6aa6179700   Options.memtable_insert_with_hint_prefix_extractor: nullptr
2022/06/15-23:21:42.246629 7f6aa6179700             Options.num_levels: 7
2022/06/15-23:21:42.246630 7f6aa6179700        Options.min_write_buffer_number_to_merge: 1
2022/06/15-23:21:42.246630 7f6aa6179700     Options.max_write_buffer_number_to_maintain: 0
2022/06/15-23:21:42.246631 7f6aa6179700            Options.bottommost_compression_opts.window_bits: -14
2022/06/15-23:21:42.246632 7f6aa6179700                  Options.bottommost_compression_opts.level: 32767
2022/06/15-23:21:42.246632 7f6aa6179700               Options.bottommost_compression_opts.strategy: 0
2022/06/15-23:21:42.246633 7f6aa6179700         Options.bottommost_compression_opts.max_dict_bytes: 0
2022/06/15-23:21:42.246633 7f6aa6179700         Options.bottommost_compression_opts.zstd_max_train_bytes: 0
2022/06/15-23:21:42.246634 7f6aa6179700                  Options.bottommost_compression_opts.enabled: false
2022/06/15-23:21:42.246634 7f6aa6179700            Options.compression_opts.window_bits: -14
2022/06/15-23:21:42.246635 7f6aa6179700                  Options.compression_opts.level: 32767
2022/06/15-23:21:42.246636 7f6aa6179700               Options.compression_opts.strategy: 0
2022/06/15-23:21:42.246636 7f6aa6179700         Options.compression_opts.max_dict_bytes: 0
2022/06/15-23:21:42.246637 7f6aa6179700         Options.compression_opts.zstd_max_train_bytes: 0
2022/06/15-23:21:42.246637 7f6aa6179700                  Options.compression_opts.enabled: false
2022/06/15-23:21:42.246638 7f6aa6179700      Options.level0_file_num_compaction_trigger: 4
2022/06/15-23:21:42.246638 7f6aa6179700          Options.level0_slowdown_writes_trigger: 20
2022/06/15-23:21:42.246639 7f6aa6179700              Options.level0_stop_writes_trigger: 36
2022/06/15-23:21:42.246640 7f6aa6179700                   Options.target_file_size_base: 67108864
2022/06/15-23:21:42.246640 7f6aa6179700             Options.target_file_size_multiplier: 1
2022/06/15-23:21:42.246641 7f6aa6179700                Options.max_bytes_for_level_base: 268435456
2022/06/15-23:21:42.246641 7f6aa6179700 Options.level_compaction_dynamic_level_bytes: 0
2022/06/15-23:21:42.246642 7f6aa6179700          Options.max_bytes_for_level_multiplier: 10.000000
2022/06/15-23:21:42.246643 7f6aa6179700 Options.max_bytes_for_level_multiplier_addtl[0]: 1
2022/06/15-23:21:42.246644 7f6aa6179700 Options.max_bytes_for_level_multiplier_addtl[1]: 1
2022/06/15-23:21:42.246645 7f6aa6179700 Options.max_bytes_for_level_multiplier_addtl[2]: 1
2022/06/15-23:21:42.246645 7f6aa6179700 Options.max_bytes_for_level_multiplier_addtl[3]: 1
2022/06/15-23:21:42.246646 7f6aa6179700 Options.max_bytes_for_level_multiplier_addtl[4]: 1
2022/06/15-23:21:42.246649 7f6aa6179700 Options.max_bytes_for_level_multiplier_addtl[5]: 1
2022/06/15-23:21:42.246650 7f6aa6179700 Options.max_bytes_for_level_multiplier_addtl[6]: 1
2022/06/15-23:21:42.246650 7f6aa6179700       Options.max_sequential_skip_in_iterations: 8
2022/06/15-23:21:42.246651 7f6aa6179700                    Options.max_compaction_bytes: 1677721600
2022/06/15-23:21:42.246652 7f6aa6179700                        Options.arena_block_size: 2097152
2022/06/15-23:21:42.246652 7f6aa6179700   Options.soft_pending_compaction_bytes_limit: 68719476736
2022/06/15-23:21:42.246653 7f6aa6179700   Options.hard_pending_compaction_bytes_limit: 274877906944
2022/06/15-23:21:42.246653 7f6aa6179700       Options.rate_limit_delay_max_milliseconds: 100
2022/06/15-23:21:42.246654 7f6aa6179700                Options.disable_auto_compactions: 0
2022/06/15-23:21:42.246655 7f6aa6179700                        Options.compaction_style: kCompactionStyleUniversal
2022/06/15-23:21:42.246655 7f6aa6179700                          Options.compaction_pri: kByCompensatedSize
2022/06/15-23:21:42.246656 7f6aa6179700 Options.compaction_options_universal.size_ratio: 1
2022/06/15-23:21:42.246656 7f6aa6179700 Options.compaction_options_universal.min_merge_width: 2
2022/06/15-23:21:42.246657 7f6aa6179700 Options.compaction_options_universal.max_merge_width: 4294967295
2022/06/15-23:21:42.246658 7f6aa6179700 Options.compaction_options_universal.max_size_amplification_percent: 200
2022/06/15-23:21:42.246658 7f6aa6179700 Options.compaction_options_universal.compression_size_percent: -1
2022/06/15-23:21:42.246659 7f6aa6179700 Options.compaction_options_universal.stop_style: kCompactionStopStyleTotalSize
2022/06/15-23:21:42.246660 7f6aa6179700 Options.compaction_options_fifo.max_table_files_size: 1073741824
2022/06/15-23:21:42.246660 7f6aa6179700 Options.compaction_options_fifo.allow_compaction: 0
2022/06/15-23:21:42.246661 7f6aa6179700 Options.compaction_options_fifo.ttl: 0
2022/06/15-23:21:42.246661 7f6aa6179700                   Options.table_properties_collectors: 
2022/06/15-23:21:42.246662 7f6aa6179700                   Options.inplace_update_support: 0
2022/06/15-23:21:42.246663 7f6aa6179700                 Options.inplace_update_num_locks: 10000
2022/06/15-23:21:42.246663 7f6aa6179700               Options.memtable_prefix_bloom_size_ratio: 0.000000
2022/06/15-23:21:42.246664 7f6aa6179700   Options.memtable_huge_page_size: 0
2022/06/15-23:21:42.246665 7f6aa6179700                           Options.bloom_locality: 0
2022/06/15-23:21:42.246665 7f6aa6179700                    Options.max_successive_merges: 0
2022/06/15-23:21:42.246666 7f6aa6179700                Options.optimize_filters_for_hits: 0
2022/06/15-23:21:42.246666 7f6aa6179700                Options.paranoid_file_checks: 0
2022/06/15-23:21:42.246667 7f6aa6179700                Options.force_consistency_checks: 0
2022/06/15-23:21:42.246667 7f6aa6179700                Options.report_bg_io_stats: 0
2022/06/15-23:21:42.246668 7f6aa6179700                               Options.ttl: 0
2022/06/15-23:21:42.258349 7f6aa6179700               Options.comparator: leveldb.BytewiseComparator
2022/06/15-23:21:42.258353 7f6aa6179700           Options.merge_operator: None
2022/06/15-23:21:42.258354 7f6aa6179700        Options.compaction_filter: None
2022/06/15-23:21:42.258354 7f6aa6179700        Options.compaction_filter_factory: None
2022/06/15-23:21:42.258355 7f6aa6179700         Options.memtable_factory: SkipListFactory
2022/06/15-23:21:42.258356 7f6aa6179700            Options.table_factory: BlockBasedTable
2022/06/15-23:21:42.258374 7f6aa6179700            table_factory options:   flush_block_policy_factory: FlushBlockBySizePolicyFactory (0x7f6a5874f8c0)
  cache_index_and_filter_blocks: 0
  cache_index_and_filter_blocks_with_high_priority: 0
  pin_l0_filter_and_index_blocks_in_cache: 0
  pin_top_level_index_and_filter: 1
  index_type: 0
  hash_index_allow_collision: 1
  checksum: 1
  no_block_cache: 0
  block_cache: 0x7f6a5875b780
  block_cache_name: LRUCache
  block_cache_options:
    capacity : 52428800
    num_shard_bits : 6
    strict_capacity_limit : 0
    memory_allocator : None
    high_pri_pool_ratio: 0.000
  block_cache_compressed: (nil)
  persistent_cache: (nil)
  block_size: 4096
  block_size_deviation: 10
  block_restart_interval: 16
  index_block_restart_interval: 1
  metadata_block_size: 4096
  partition_filters: 0
  use_delta_encoding: 1
  filter_policy: rocksdb.BuiltinBloomFilter
  whole_key_filtering: 1
  verify_compression: 0
  read_amp_bytes_per_bit: 0
  format_version: 0
  enable_index_compression: 1
  block_align: 0
2022/06/15-23:21:42.258375 7f6aa6179700        Options.write_buffer_size: 16777216
2022/06/15-23:21:42.258375 7f6aa6179700  Options.max_write_buffer_number: 3
2022/06/15-23:21:42.258376 7f6aa6179700          Options.compression: NoCompression
2022/06/15-23:21:42.258377 7f6aa6179700                  Options.bottommost_compression: Disabled
2022/06/15-23:21:42.258377 7f6aa6179700       Options.prefix_extractor: nullptr
2022/06/15-23:21:42.258378 7f6aa6179700   Options.memtable_insert_with_hint_prefix_extractor: nullptr
2022/06/15-23:21:42.258378 7f6aa6179700             Options.num_levels: 7
2022/06/15-23:21:42.258378 7f6aa6179700        Options.min_write_buffer_number_to_merge: 1
2022/06/15-23:21:42.258379 7f6aa6179700     Options.max_write_buffer_number_to_maintain: 0
2022/06/15-23:21:42.258379 7f6aa6179700            Options.bottommost_compression_opts.window_bits: -14
2022/06/15-23:21:42.258380 7f6aa6179700                  Options.bottommost_compression_opts.level: 32767
2022/06/15-23:21:42.258380 7f6aa6179700               Options.bottommost_compression_opts.strategy: 0
2022/06/15-23:21:42.258381 7f6aa6179700         Options.bottommost_compression_opts.max_dict_bytes: 0
2022/06/15-23:21:42.258381 7f6aa6179700         Options.bottommost_compression_opts.zstd_max_train_bytes: 0
2022/06/15-23:21:42.258382 7f6aa6179700                  Options.bottommost_compression_opts.enabled: false
2022/06/15-23:21:42.258382 7f6aa6179700            Options.compression_opts.window_bits: -14
2022/06/15-23:21:42.258383 7f6aa6179700                  Options.compression_opts.level: 32767
2022/06/15-23:21:42.258383 7f6aa6179700               Options.compression_opts.strategy: 0
2022/06/15-23:21:42.258383 7f6aa6179700         Options.compression_opts.max_dict_bytes: 0
2022/06/15-23:21:42.258384 7f6aa6179700         Options.compression_opts.zstd_max_train_bytes: 0
2022/06/15-23:21:42.258384 7f6aa6179700                  Options.compression_opts.enabled: false
2022/06/15-23:21:42.258385 7f6aa6179700      Options.level0_file_num_compaction_trigger: 4
2022/06/15-23:21:42.258385 7f6aa6179700          Options.level0_slowdown_writes_trigger: 20
2022/06/15-23:21:42.258386 7f6aa6179700              Options.level0_stop_writes_trigger: 36
2022/06/15-23:21:42.258386 7f6aa6179700                   Options.target_file_size_base: 67108864
2022/06/15-23:21:42.258387 7f6aa6179700             Options.target_file_size_multiplier: 1
2022/06/15-23:21:42.258387 7f6aa6179700                Options.max_bytes_for_level_base: 268435456
2022/06/15-23:21:42.258396 7f6aa6179700 Options.level_compaction_dynamic_level_bytes: 0
2022/06/15-23:21:42.258397 7f6aa6179700          Options.max_bytes_for_level_multiplier: 10.000000
2022/06/15-23:21:42.258398 7f6aa6179700 Options.max_bytes_for_level_multiplier_addtl[0]: 1
2022/06/15-23:21:42.258399 7f6aa6179700 Options.max_bytes_for_level_multiplier_addtl[1]: 1
2022/06/15-23:21:42.258399 7f6aa6179700 Options.max_bytes_for_level_multiplier_addtl[2]: 1
2022/06/15-23:21:42.258400 7f6aa6179700 Options.max_bytes_for_level_multiplier_addtl[3]: 1
2022/06/15-23:21:42.258400 7f6aa6179700 Options.max_bytes_for_level_multiplier_addtl[4]: 1
2022/06/15-23:21:42.258401 7f6aa6179700 Options.max_bytes_for_level_multiplier_addtl[5]: 1
2022/06/15-23:21:42.258401 7f6aa6179700 Options.max_bytes_for_level_multiplier_addtl[6]: 1
2022/06/15-23:21:42.258402 7f6aa6179700       Options.max_sequential_skip_in_iterations: 8
2022/06/15-23:21:42.258402 7f6aa6179700                    Options.max_compaction_bytes: 1677721600
2022/06/15-23:21:42.258403 7f6aa6179700                        Options.arena_block_size: 2097152
2022/06/15-23:21:42.258403 7f6aa6179700   Options.soft_pending_compaction_bytes_limit: 68719476736
2022/06/15-23:21:42.258404 7f6aa6179700   Options.hard_pending_compaction_bytes_limit: 274877906944
2022/06/15-23:21:42.258404 7f6aa6179700       Options.rate_limit_delay_max_milliseconds: 100
2022/06/15-23:21:42.258404 7f6aa6179700                Options.disable_auto_compactions: 0
2022/06/15-23:21:42.258405 7f6aa6179700                        Options.compaction_style: kCompactionStyleUniversal
2022/06/15-23:21:42.258406 7f6aa6179700                          Options.compaction_pri: kByCompensatedSize
2022/06/15-23:21:42.258406 7f6aa6179700 Options.compaction_options_universal.size_ratio: 1
2022/06/15-23:21:42.258407 7f6aa6179700 Options.compaction_options_universal.min_merge_width: 2
2022/06/15-23:21:42.258407 7f6aa6179700 Options.compaction_options_universal.max_merge_width: 4294967295
2022/06/15-23:21:42.258407 7f6aa6179700 Options.compaction_options_universal.max_size_amplification_percent: 200
2022/06/15-23:21:42.258408 7f6aa6179700 Options.compaction_options_universal.compression_size_percent: -1
2022/06/15-23:21:42.258409 7f6aa6179700 Options.compaction_options_universal.stop_style: kCompactionStopStyleTotalSize
2022/06/15-23:21:42.258409 7f6aa6179700 Options.compaction_options_fifo.max_table_files_size: 1073741824
2022/06/15-23:21:42.258409 7f6aa6179700 Options.compaction_options_fifo.allow_compaction: 0
2022/06/15-23:21:42.258410 7f6aa6179700 Options.compaction_options_fifo.ttl: 0
2022/06/15-23:21:42.258410 7f6aa6179700                   Options.table_properties_collectors: 
2022/06/15-23:21:42.258411 7f6aa6179700                   Options.inplace_update_support: 0
2022/06/15-23:21:42.258411 7f6aa6179700                 Options.inplace_update_num_locks: 10000
2022/06/15-23:21:42.258412 7f6aa6179700               Options.memtable_prefix_bloom_size_ratio: 0.000000
2022/06/15-23:21:42.258412 7f6aa6179700   Options.memtable_huge_page_size: 0
2022/06/15-23:21:42.258413 7f6aa6179700                           Options.bloom_locality: 0
2022/06/15-23:21:42.258413 7f6aa6179700                    Options.max_successive_merges: 0
2022/06/15-23:21:42.258414 7f6aa6179700                Options.optimize_filters_for_hits: 0
2022/06/15-23:21:42.258414 7f6aa6179700                Options.paranoid_file_checks: 0
2022/06/15-23:21:42.258415 7f6aa6179700                Options.force_consistency_checks: 0
2022/06/15-23:21:42.258415 7f6aa6179700                Options.report_bg_io_stats: 0
2022/06/15-23:21:42.258415 7f6aa6179700                               Options.ttl: 0
