2022/06/10-16:39:29.574912 7f9e4017b700 RocksDB version: 5.18.4
2022/06/10-16:39:29.574947 7f9e4017b700 Git sha rocksdb_build_git_sha:
2022/06/10-16:39:29.574949 7f9e4017b700 Compile date Mar 11 2020
2022/06/10-16:39:29.574950 7f9e4017b700 DB SUMMARY
2022/06/10-16:39:29.574970 7f9e4017b700 CURRENT file:  CURRENT
2022/06/10-16:39:29.574972 7f9e4017b700 IDENTITY file:  IDENTITY
2022/06/10-16:39:29.574975 7f9e4017b700 MANIFEST file:  MANIFEST-000001 size: 13 Bytes
2022/06/10-16:39:29.574977 7f9e4017b700 SST files in /home/ANT.AMAZON.COM/stefler/Documents/university/cloud-services/WikipediaStats/src/streams/./local-streams/kafka-streams-wiki/37_1/rocksdb/month-per-userType-countPagesModified dir, Total Num: 0, files: 
2022/06/10-16:39:29.574979 7f9e4017b700 Write Ahead Log file in /home/ANT.AMAZON.COM/stefler/Documents/university/cloud-services/WikipediaStats/src/streams/./local-streams/kafka-streams-wiki/37_1/rocksdb/month-per-userType-countPagesModified: 000003.log size: 0 ; 
2022/06/10-16:39:29.574981 7f9e4017b700                         Options.error_if_exists: 0
2022/06/10-16:39:29.574983 7f9e4017b700                       Options.create_if_missing: 1
2022/06/10-16:39:29.574984 7f9e4017b700                         Options.paranoid_checks: 1
2022/06/10-16:39:29.574985 7f9e4017b700                                     Options.env: 0x7f9de62e6fa0
2022/06/10-16:39:29.574986 7f9e4017b700                                Options.info_log: 0x7f9de26bef30
2022/06/10-16:39:29.574988 7f9e4017b700                Options.max_file_opening_threads: 16
2022/06/10-16:39:29.574989 7f9e4017b700                              Options.statistics: (nil)
2022/06/10-16:39:29.574990 7f9e4017b700                               Options.use_fsync: 0
2022/06/10-16:39:29.574991 7f9e4017b700                       Options.max_log_file_size: 0
2022/06/10-16:39:29.574993 7f9e4017b700                  Options.max_manifest_file_size: 1073741824
2022/06/10-16:39:29.574994 7f9e4017b700                   Options.log_file_time_to_roll: 0
2022/06/10-16:39:29.574995 7f9e4017b700                       Options.keep_log_file_num: 1000
2022/06/10-16:39:29.574996 7f9e4017b700                    Options.recycle_log_file_num: 0
2022/06/10-16:39:29.574998 7f9e4017b700                         Options.allow_fallocate: 1
2022/06/10-16:39:29.574999 7f9e4017b700                        Options.allow_mmap_reads: 0
2022/06/10-16:39:29.575000 7f9e4017b700                       Options.allow_mmap_writes: 0
2022/06/10-16:39:29.575001 7f9e4017b700                        Options.use_direct_reads: 0
2022/06/10-16:39:29.575002 7f9e4017b700                        Options.use_direct_io_for_flush_and_compaction: 0
2022/06/10-16:39:29.575003 7f9e4017b700          Options.create_missing_column_families: 0
2022/06/10-16:39:29.575005 7f9e4017b700                              Options.db_log_dir: 
2022/06/10-16:39:29.575006 7f9e4017b700                                 Options.wal_dir: /home/ANT.AMAZON.COM/stefler/Documents/university/cloud-services/WikipediaStats/src/streams/./local-streams/kafka-streams-wiki/37_1/rocksdb/month-per-userType-countPagesModified
2022/06/10-16:39:29.575007 7f9e4017b700                Options.table_cache_numshardbits: 6
2022/06/10-16:39:29.575008 7f9e4017b700                      Options.max_subcompactions: 1
2022/06/10-16:39:29.575010 7f9e4017b700                  Options.max_background_flushes: -1
2022/06/10-16:39:29.575011 7f9e4017b700                         Options.WAL_ttl_seconds: 0
2022/06/10-16:39:29.575012 7f9e4017b700                       Options.WAL_size_limit_MB: 0
2022/06/10-16:39:29.575013 7f9e4017b700             Options.manifest_preallocation_size: 4194304
2022/06/10-16:39:29.575015 7f9e4017b700                     Options.is_fd_close_on_exec: 1
2022/06/10-16:39:29.575016 7f9e4017b700                   Options.advise_random_on_open: 1
2022/06/10-16:39:29.575017 7f9e4017b700                    Options.db_write_buffer_size: 0
2022/06/10-16:39:29.575018 7f9e4017b700                    Options.write_buffer_manager: 0x7f9de2712340
2022/06/10-16:39:29.575019 7f9e4017b700         Options.access_hint_on_compaction_start: 1
2022/06/10-16:39:29.575026 7f9e4017b700  Options.new_table_reader_for_compaction_inputs: 0
2022/06/10-16:39:29.575028 7f9e4017b700           Options.random_access_max_buffer_size: 1048576
2022/06/10-16:39:29.575029 7f9e4017b700                      Options.use_adaptive_mutex: 0
2022/06/10-16:39:29.575030 7f9e4017b700                            Options.rate_limiter: (nil)
2022/06/10-16:39:29.575032 7f9e4017b700     Options.sst_file_manager.rate_bytes_per_sec: 0
2022/06/10-16:39:29.575033 7f9e4017b700                       Options.wal_recovery_mode: 2
2022/06/10-16:39:29.575034 7f9e4017b700                  Options.enable_thread_tracking: 0
2022/06/10-16:39:29.575035 7f9e4017b700                  Options.enable_pipelined_write: 0
2022/06/10-16:39:29.575036 7f9e4017b700         Options.allow_concurrent_memtable_write: 1
2022/06/10-16:39:29.575038 7f9e4017b700      Options.enable_write_thread_adaptive_yield: 1
2022/06/10-16:39:29.575039 7f9e4017b700             Options.write_thread_max_yield_usec: 100
2022/06/10-16:39:29.575040 7f9e4017b700            Options.write_thread_slow_yield_usec: 3
2022/06/10-16:39:29.575041 7f9e4017b700                               Options.row_cache: None
2022/06/10-16:39:29.575041 7f9e4017b700                              Options.wal_filter: None
2022/06/10-16:39:29.575043 7f9e4017b700             Options.avoid_flush_during_recovery: 0
2022/06/10-16:39:29.575044 7f9e4017b700             Options.allow_ingest_behind: 0
2022/06/10-16:39:29.575045 7f9e4017b700             Options.preserve_deletes: 0
2022/06/10-16:39:29.575046 7f9e4017b700             Options.two_write_queues: 0
2022/06/10-16:39:29.575047 7f9e4017b700             Options.manual_wal_flush: 0
2022/06/10-16:39:29.575049 7f9e4017b700             Options.max_background_jobs: 8
2022/06/10-16:39:29.575050 7f9e4017b700             Options.max_background_compactions: -1
2022/06/10-16:39:29.575051 7f9e4017b700             Options.avoid_flush_during_shutdown: 0
2022/06/10-16:39:29.575052 7f9e4017b700           Options.writable_file_max_buffer_size: 1048576
2022/06/10-16:39:29.575054 7f9e4017b700             Options.delayed_write_rate : 16777216
2022/06/10-16:39:29.575055 7f9e4017b700             Options.max_total_wal_size: 0
2022/06/10-16:39:29.575056 7f9e4017b700             Options.delete_obsolete_files_period_micros: 21600000000
2022/06/10-16:39:29.575057 7f9e4017b700                   Options.stats_dump_period_sec: 600
2022/06/10-16:39:29.575058 7f9e4017b700                          Options.max_open_files: -1
2022/06/10-16:39:29.575060 7f9e4017b700                          Options.bytes_per_sync: 0
2022/06/10-16:39:29.575061 7f9e4017b700                      Options.wal_bytes_per_sync: 0
2022/06/10-16:39:29.575062 7f9e4017b700       Options.compaction_readahead_size: 0
2022/06/10-16:39:29.575063 7f9e4017b700 Compression algorithms supported:
2022/06/10-16:39:29.575064 7f9e4017b700 	kZSTDNotFinalCompression supported: 1
2022/06/10-16:39:29.575066 7f9e4017b700 	kZSTD supported: 1
2022/06/10-16:39:29.575067 7f9e4017b700 	kXpressCompression supported: 0
2022/06/10-16:39:29.575069 7f9e4017b700 	kLZ4HCCompression supported: 1
2022/06/10-16:39:29.575070 7f9e4017b700 	kLZ4Compression supported: 1
2022/06/10-16:39:29.575071 7f9e4017b700 	kBZip2Compression supported: 1
2022/06/10-16:39:29.575073 7f9e4017b700 	kZlibCompression supported: 1
2022/06/10-16:39:29.575074 7f9e4017b700 	kSnappyCompression supported: 1
2022/06/10-16:39:29.575076 7f9e4017b700 Fast CRC32 supported: Not supported on x86
2022/06/10-16:39:29.575206 7f9e4017b700               Options.comparator: leveldb.BytewiseComparator
2022/06/10-16:39:29.575208 7f9e4017b700           Options.merge_operator: None
2022/06/10-16:39:29.575209 7f9e4017b700        Options.compaction_filter: None
2022/06/10-16:39:29.575210 7f9e4017b700        Options.compaction_filter_factory: None
2022/06/10-16:39:29.575212 7f9e4017b700         Options.memtable_factory: SkipListFactory
2022/06/10-16:39:29.575213 7f9e4017b700            Options.table_factory: BlockBasedTable
2022/06/10-16:39:29.575239 7f9e4017b700            table_factory options:   flush_block_policy_factory: FlushBlockBySizePolicyFactory (0x7f9de270fa00)
  cache_index_and_filter_blocks: 0
  cache_index_and_filter_blocks_with_high_priority: 0
  pin_l0_filter_and_index_blocks_in_cache: 0
  pin_top_level_index_and_filter: 1
  index_type: 0
  hash_index_allow_collision: 1
  checksum: 1
  no_block_cache: 0
  block_cache: 0x7f9de27133a0
  block_cache_name: LRUCache
  block_cache_options:
    capacity : 52428800
    num_shard_bits : 6
    strict_capacity_limit : 0
    memory_allocator : None
    high_pri_pool_ratio: 0.000
  block_cache_compressed: (nil)
  persistent_cache: (nil)
  block_size: 4096
  block_size_deviation: 10
  block_restart_interval: 16
  index_block_restart_interval: 1
  metadata_block_size: 4096
  partition_filters: 0
  use_delta_encoding: 1
  filter_policy: rocksdb.BuiltinBloomFilter
  whole_key_filtering: 1
  verify_compression: 0
  read_amp_bytes_per_bit: 0
  format_version: 0
  enable_index_compression: 1
  block_align: 0
2022/06/10-16:39:29.575248 7f9e4017b700        Options.write_buffer_size: 16777216
2022/06/10-16:39:29.575250 7f9e4017b700  Options.max_write_buffer_number: 3
2022/06/10-16:39:29.575251 7f9e4017b700          Options.compression: NoCompression
2022/06/10-16:39:29.575253 7f9e4017b700                  Options.bottommost_compression: Disabled
2022/06/10-16:39:29.575254 7f9e4017b700       Options.prefix_extractor: nullptr
2022/06/10-16:39:29.575255 7f9e4017b700   Options.memtable_insert_with_hint_prefix_extractor: nullptr
2022/06/10-16:39:29.575256 7f9e4017b700             Options.num_levels: 7
2022/06/10-16:39:29.575257 7f9e4017b700        Options.min_write_buffer_number_to_merge: 1
2022/06/10-16:39:29.575259 7f9e4017b700     Options.max_write_buffer_number_to_maintain: 0
2022/06/10-16:39:29.575260 7f9e4017b700            Options.bottommost_compression_opts.window_bits: -14
2022/06/10-16:39:29.575261 7f9e4017b700                  Options.bottommost_compression_opts.level: 32767
2022/06/10-16:39:29.575262 7f9e4017b700               Options.bottommost_compression_opts.strategy: 0
2022/06/10-16:39:29.575264 7f9e4017b700         Options.bottommost_compression_opts.max_dict_bytes: 0
2022/06/10-16:39:29.575265 7f9e4017b700         Options.bottommost_compression_opts.zstd_max_train_bytes: 0
2022/06/10-16:39:29.575266 7f9e4017b700                  Options.bottommost_compression_opts.enabled: false
2022/06/10-16:39:29.575267 7f9e4017b700            Options.compression_opts.window_bits: -14
2022/06/10-16:39:29.575269 7f9e4017b700                  Options.compression_opts.level: 32767
2022/06/10-16:39:29.575270 7f9e4017b700               Options.compression_opts.strategy: 0
2022/06/10-16:39:29.575271 7f9e4017b700         Options.compression_opts.max_dict_bytes: 0
2022/06/10-16:39:29.575272 7f9e4017b700         Options.compression_opts.zstd_max_train_bytes: 0
2022/06/10-16:39:29.575273 7f9e4017b700                  Options.compression_opts.enabled: false
2022/06/10-16:39:29.575275 7f9e4017b700      Options.level0_file_num_compaction_trigger: 4
2022/06/10-16:39:29.575276 7f9e4017b700          Options.level0_slowdown_writes_trigger: 20
2022/06/10-16:39:29.575277 7f9e4017b700              Options.level0_stop_writes_trigger: 36
2022/06/10-16:39:29.575278 7f9e4017b700                   Options.target_file_size_base: 67108864
2022/06/10-16:39:29.575279 7f9e4017b700             Options.target_file_size_multiplier: 1
2022/06/10-16:39:29.575280 7f9e4017b700                Options.max_bytes_for_level_base: 268435456
2022/06/10-16:39:29.575282 7f9e4017b700 Options.level_compaction_dynamic_level_bytes: 0
2022/06/10-16:39:29.575283 7f9e4017b700          Options.max_bytes_for_level_multiplier: 10.000000
2022/06/10-16:39:29.575285 7f9e4017b700 Options.max_bytes_for_level_multiplier_addtl[0]: 1
2022/06/10-16:39:29.575286 7f9e4017b700 Options.max_bytes_for_level_multiplier_addtl[1]: 1
2022/06/10-16:39:29.575288 7f9e4017b700 Options.max_bytes_for_level_multiplier_addtl[2]: 1
2022/06/10-16:39:29.575289 7f9e4017b700 Options.max_bytes_for_level_multiplier_addtl[3]: 1
2022/06/10-16:39:29.575290 7f9e4017b700 Options.max_bytes_for_level_multiplier_addtl[4]: 1
2022/06/10-16:39:29.575296 7f9e4017b700 Options.max_bytes_for_level_multiplier_addtl[5]: 1
2022/06/10-16:39:29.575297 7f9e4017b700 Options.max_bytes_for_level_multiplier_addtl[6]: 1
2022/06/10-16:39:29.575298 7f9e4017b700       Options.max_sequential_skip_in_iterations: 8
2022/06/10-16:39:29.575300 7f9e4017b700                    Options.max_compaction_bytes: 1677721600
2022/06/10-16:39:29.575301 7f9e4017b700                        Options.arena_block_size: 2097152
2022/06/10-16:39:29.575302 7f9e4017b700   Options.soft_pending_compaction_bytes_limit: 68719476736
2022/06/10-16:39:29.575304 7f9e4017b700   Options.hard_pending_compaction_bytes_limit: 274877906944
2022/06/10-16:39:29.575305 7f9e4017b700       Options.rate_limit_delay_max_milliseconds: 100
2022/06/10-16:39:29.575306 7f9e4017b700                Options.disable_auto_compactions: 0
2022/06/10-16:39:29.575307 7f9e4017b700                        Options.compaction_style: kCompactionStyleUniversal
2022/06/10-16:39:29.575309 7f9e4017b700                          Options.compaction_pri: kByCompensatedSize
2022/06/10-16:39:29.575310 7f9e4017b700 Options.compaction_options_universal.size_ratio: 1
2022/06/10-16:39:29.575311 7f9e4017b700 Options.compaction_options_universal.min_merge_width: 2
2022/06/10-16:39:29.575312 7f9e4017b700 Options.compaction_options_universal.max_merge_width: 4294967295
2022/06/10-16:39:29.575314 7f9e4017b700 Options.compaction_options_universal.max_size_amplification_percent: 200
2022/06/10-16:39:29.575315 7f9e4017b700 Options.compaction_options_universal.compression_size_percent: -1
2022/06/10-16:39:29.575316 7f9e4017b700 Options.compaction_options_universal.stop_style: kCompactionStopStyleTotalSize
2022/06/10-16:39:29.575317 7f9e4017b700 Options.compaction_options_fifo.max_table_files_size: 1073741824
2022/06/10-16:39:29.575319 7f9e4017b700 Options.compaction_options_fifo.allow_compaction: 0
2022/06/10-16:39:29.575320 7f9e4017b700 Options.compaction_options_fifo.ttl: 0
2022/06/10-16:39:29.575321 7f9e4017b700                   Options.table_properties_collectors: 
2022/06/10-16:39:29.575322 7f9e4017b700                   Options.inplace_update_support: 0
2022/06/10-16:39:29.575323 7f9e4017b700                 Options.inplace_update_num_locks: 10000
2022/06/10-16:39:29.575325 7f9e4017b700               Options.memtable_prefix_bloom_size_ratio: 0.000000
2022/06/10-16:39:29.575326 7f9e4017b700   Options.memtable_huge_page_size: 0
2022/06/10-16:39:29.575327 7f9e4017b700                           Options.bloom_locality: 0
2022/06/10-16:39:29.575329 7f9e4017b700                    Options.max_successive_merges: 0
2022/06/10-16:39:29.575330 7f9e4017b700                Options.optimize_filters_for_hits: 0
2022/06/10-16:39:29.575331 7f9e4017b700                Options.paranoid_file_checks: 0
2022/06/10-16:39:29.575332 7f9e4017b700                Options.force_consistency_checks: 0
2022/06/10-16:39:29.575333 7f9e4017b700                Options.report_bg_io_stats: 0
2022/06/10-16:39:29.575335 7f9e4017b700                               Options.ttl: 0
2022/06/10-16:39:29.584304 7f9e4017b700               Options.comparator: leveldb.BytewiseComparator
2022/06/10-16:39:29.584309 7f9e4017b700           Options.merge_operator: None
2022/06/10-16:39:29.584310 7f9e4017b700        Options.compaction_filter: None
2022/06/10-16:39:29.584311 7f9e4017b700        Options.compaction_filter_factory: None
2022/06/10-16:39:29.584311 7f9e4017b700         Options.memtable_factory: SkipListFactory
2022/06/10-16:39:29.584312 7f9e4017b700            Options.table_factory: BlockBasedTable
2022/06/10-16:39:29.584333 7f9e4017b700            table_factory options:   flush_block_policy_factory: FlushBlockBySizePolicyFactory (0x7f9de270fa00)
  cache_index_and_filter_blocks: 0
  cache_index_and_filter_blocks_with_high_priority: 0
  pin_l0_filter_and_index_blocks_in_cache: 0
  pin_top_level_index_and_filter: 1
  index_type: 0
  hash_index_allow_collision: 1
  checksum: 1
  no_block_cache: 0
  block_cache: 0x7f9de27133a0
  block_cache_name: LRUCache
  block_cache_options:
    capacity : 52428800
    num_shard_bits : 6
    strict_capacity_limit : 0
    memory_allocator : None
    high_pri_pool_ratio: 0.000
  block_cache_compressed: (nil)
  persistent_cache: (nil)
  block_size: 4096
  block_size_deviation: 10
  block_restart_interval: 16
  index_block_restart_interval: 1
  metadata_block_size: 4096
  partition_filters: 0
  use_delta_encoding: 1
  filter_policy: rocksdb.BuiltinBloomFilter
  whole_key_filtering: 1
  verify_compression: 0
  read_amp_bytes_per_bit: 0
  format_version: 0
  enable_index_compression: 1
  block_align: 0
2022/06/10-16:39:29.584334 7f9e4017b700        Options.write_buffer_size: 16777216
2022/06/10-16:39:29.584335 7f9e4017b700  Options.max_write_buffer_number: 3
2022/06/10-16:39:29.584336 7f9e4017b700          Options.compression: NoCompression
2022/06/10-16:39:29.584337 7f9e4017b700                  Options.bottommost_compression: Disabled
2022/06/10-16:39:29.584338 7f9e4017b700       Options.prefix_extractor: nullptr
2022/06/10-16:39:29.584338 7f9e4017b700   Options.memtable_insert_with_hint_prefix_extractor: nullptr
2022/06/10-16:39:29.584339 7f9e4017b700             Options.num_levels: 7
2022/06/10-16:39:29.584339 7f9e4017b700        Options.min_write_buffer_number_to_merge: 1
2022/06/10-16:39:29.584340 7f9e4017b700     Options.max_write_buffer_number_to_maintain: 0
2022/06/10-16:39:29.584341 7f9e4017b700            Options.bottommost_compression_opts.window_bits: -14
2022/06/10-16:39:29.584341 7f9e4017b700                  Options.bottommost_compression_opts.level: 32767
2022/06/10-16:39:29.584342 7f9e4017b700               Options.bottommost_compression_opts.strategy: 0
2022/06/10-16:39:29.584343 7f9e4017b700         Options.bottommost_compression_opts.max_dict_bytes: 0
2022/06/10-16:39:29.584343 7f9e4017b700         Options.bottommost_compression_opts.zstd_max_train_bytes: 0
2022/06/10-16:39:29.584344 7f9e4017b700                  Options.bottommost_compression_opts.enabled: false
2022/06/10-16:39:29.584345 7f9e4017b700            Options.compression_opts.window_bits: -14
2022/06/10-16:39:29.584345 7f9e4017b700                  Options.compression_opts.level: 32767
2022/06/10-16:39:29.584346 7f9e4017b700               Options.compression_opts.strategy: 0
2022/06/10-16:39:29.584347 7f9e4017b700         Options.compression_opts.max_dict_bytes: 0
2022/06/10-16:39:29.584347 7f9e4017b700         Options.compression_opts.zstd_max_train_bytes: 0
2022/06/10-16:39:29.584348 7f9e4017b700                  Options.compression_opts.enabled: false
2022/06/10-16:39:29.584348 7f9e4017b700      Options.level0_file_num_compaction_trigger: 4
2022/06/10-16:39:29.584349 7f9e4017b700          Options.level0_slowdown_writes_trigger: 20
2022/06/10-16:39:29.584350 7f9e4017b700              Options.level0_stop_writes_trigger: 36
2022/06/10-16:39:29.584350 7f9e4017b700                   Options.target_file_size_base: 67108864
2022/06/10-16:39:29.584351 7f9e4017b700             Options.target_file_size_multiplier: 1
2022/06/10-16:39:29.584351 7f9e4017b700                Options.max_bytes_for_level