2022/06/12-10:59:19.839219 7f07773f9700 RocksDB version: 5.18.4
2022/06/12-10:59:19.839248 7f07773f9700 Git sha rocksdb_build_git_sha:
2022/06/12-10:59:19.839249 7f07773f9700 Compile date Mar 11 2020
2022/06/12-10:59:19.839250 7f07773f9700 DB SUMMARY
2022/06/12-10:59:19.839267 7f07773f9700 CURRENT file:  CURRENT
2022/06/12-10:59:19.839268 7f07773f9700 IDENTITY file:  IDENTITY
2022/06/12-10:59:19.839271 7f07773f9700 MANIFEST file:  MANIFEST-000001 size: 13 Bytes
2022/06/12-10:59:19.839272 7f07773f9700 SST files in /home/ANT.AMAZON.COM/stefler/Documents/university/cloud-services/WikipediaStats/src/streams/./local-streams/kafka-streams-wiki/1_3/rocksdb/month-all-countPagesCreated dir, Total Num: 0, files: 
2022/06/12-10:59:19.839273 7f07773f9700 Write Ahead Log file in /home/ANT.AMAZON.COM/stefler/Documents/university/cloud-services/WikipediaStats/src/streams/./local-streams/kafka-streams-wiki/1_3/rocksdb/month-all-countPagesCreated: 000003.log size: 0 ; 
2022/06/12-10:59:19.839275 7f07773f9700                         Options.error_if_exists: 0
2022/06/12-10:59:19.839276 7f07773f9700                       Options.create_if_missing: 1
2022/06/12-10:59:19.839277 7f07773f9700                         Options.paranoid_checks: 1
2022/06/12-10:59:19.839277 7f07773f9700                                     Options.env: 0x7f0775d39fa0
2022/06/12-10:59:19.839278 7f07773f9700                                Options.info_log: 0x7f076422b4b0
2022/06/12-10:59:19.839279 7f07773f9700                Options.max_file_opening_threads: 16
2022/06/12-10:59:19.839279 7f07773f9700                              Options.statistics: (nil)
2022/06/12-10:59:19.839280 7f07773f9700                               Options.use_fsync: 0
2022/06/12-10:59:19.839281 7f07773f9700                       Options.max_log_file_size: 0
2022/06/12-10:59:19.839282 7f07773f9700                  Options.max_manifest_file_size: 1073741824
2022/06/12-10:59:19.839283 7f07773f9700                   Options.log_file_time_to_roll: 0
2022/06/12-10:59:19.839283 7f07773f9700                       Options.keep_log_file_num: 1000
2022/06/12-10:59:19.839284 7f07773f9700                    Options.recycle_log_file_num: 0
2022/06/12-10:59:19.839285 7f07773f9700                         Options.allow_fallocate: 1
2022/06/12-10:59:19.839286 7f07773f9700                        Options.allow_mmap_reads: 0
2022/06/12-10:59:19.839286 7f07773f9700                       Options.allow_mmap_writes: 0
2022/06/12-10:59:19.839287 7f07773f9700                        Options.use_direct_reads: 0
2022/06/12-10:59:19.839288 7f07773f9700                        Options.use_direct_io_for_flush_and_compaction: 0
2022/06/12-10:59:19.839289 7f07773f9700          Options.create_missing_column_families: 0
2022/06/12-10:59:19.839289 7f07773f9700                              Options.db_log_dir: 
2022/06/12-10:59:19.839290 7f07773f9700                                 Options.wal_dir: /home/ANT.AMAZON.COM/stefler/Documents/university/cloud-services/WikipediaStats/src/streams/./local-streams/kafka-streams-wiki/1_3/rocksdb/month-all-countPagesCreated
2022/06/12-10:59:19.839291 7f07773f9700                Options.table_cache_numshardbits: 6
2022/06/12-10:59:19.839292 7f07773f9700                      Options.max_subcompactions: 1
2022/06/12-10:59:19.839293 7f07773f9700                  Options.max_background_flushes: -1
2022/06/12-10:59:19.839294 7f07773f9700                         Options.WAL_ttl_seconds: 0
2022/06/12-10:59:19.839294 7f07773f9700                       Options.WAL_size_limit_MB: 0
2022/06/12-10:59:19.839295 7f07773f9700             Options.manifest_preallocation_size: 4194304
2022/06/12-10:59:19.839296 7f07773f9700                     Options.is_fd_close_on_exec: 1
2022/06/12-10:59:19.839297 7f07773f9700                   Options.advise_random_on_open: 1
2022/06/12-10:59:19.839297 7f07773f9700                    Options.db_write_buffer_size: 0
2022/06/12-10:59:19.839298 7f07773f9700                    Options.write_buffer_manager: 0x7f07641cfec0
2022/06/12-10:59:19.839299 7f07773f9700         Options.access_hint_on_compaction_start: 1
2022/06/12-10:59:19.839299 7f07773f9700  Options.new_table_reader_for_compaction_inputs: 0
2022/06/12-10:59:19.839305 7f07773f9700           Options.random_access_max_buffer_size: 1048576
2022/06/12-10:59:19.839306 7f07773f9700                      Options.use_adaptive_mutex: 0
2022/06/12-10:59:19.839306 7f07773f9700                            Options.rate_limiter: (nil)
2022/06/12-10:59:19.839307 7f07773f9700     Options.sst_file_manager.rate_bytes_per_sec: 0
2022/06/12-10:59:19.839308 7f07773f9700                       Options.wal_recovery_mode: 2
2022/06/12-10:59:19.839309 7f07773f9700                  Options.enable_thread_tracking: 0
2022/06/12-10:59:19.839309 7f07773f9700                  Options.enable_pipelined_write: 0
2022/06/12-10:59:19.839310 7f07773f9700         Options.allow_concurrent_memtable_write: 1
2022/06/12-10:59:19.839311 7f07773f9700      Options.enable_write_thread_adaptive_yield: 1
2022/06/12-10:59:19.839312 7f07773f9700             Options.write_thread_max_yield_usec: 100
2022/06/12-10:59:19.839313 7f07773f9700            Options.write_thread_slow_yield_usec: 3
2022/06/12-10:59:19.839313 7f07773f9700                               Options.row_cache: None
2022/06/12-10:59:19.839314 7f07773f9700                              Options.wal_filter: None
2022/06/12-10:59:19.839315 7f07773f9700             Options.avoid_flush_during_recovery: 0
2022/06/12-10:59:19.839316 7f07773f9700             Options.allow_ingest_behind: 0
2022/06/12-10:59:19.839316 7f07773f9700             Options.preserve_deletes: 0
2022/06/12-10:59:19.839317 7f07773f9700             Options.two_write_queues: 0
2022/06/12-10:59:19.839318 7f07773f9700             Options.manual_wal_flush: 0
2022/06/12-10:59:19.839319 7f07773f9700             Options.max_background_jobs: 8
2022/06/12-10:59:19.839319 7f07773f9700             Options.max_background_compactions: -1
2022/06/12-10:59:19.839320 7f07773f9700             Options.avoid_flush_during_shutdown: 0
2022/06/12-10:59:19.839321 7f07773f9700           Options.writable_file_max_buffer_size: 1048576
2022/06/12-10:59:19.839321 7f07773f9700             Options.delayed_write_rate : 16777216
2022/06/12-10:59:19.839322 7f07773f9700             Options.max_total_wal_size: 0
2022/06/12-10:59:19.839323 7f07773f9700             Options.delete_obsolete_files_period_micros: 21600000000
2022/06/12-10:59:19.839324 7f07773f9700                   Options.stats_dump_period_sec: 600
2022/06/12-10:59:19.839324 7f07773f9700                          Options.max_open_files: -1
2022/06/12-10:59:19.839325 7f07773f9700                          Options.bytes_per_sync: 0
2022/06/12-10:59:19.839326 7f07773f9700                      Options.wal_bytes_per_sync: 0
2022/06/12-10:59:19.839326 7f07773f9700       Options.compaction_readahead_size: 0
2022/06/12-10:59:19.839327 7f07773f9700 Compression algorithms supported:
2022/06/12-10:59:19.839328 7f07773f9700 	kZSTDNotFinalCompression supported: 1
2022/06/12-10:59:19.839329 7f07773f9700 	kZSTD supported: 1
2022/06/12-10:59:19.839330 7f07773f9700 	kXpressCompression supported: 0
2022/06/12-10:59:19.839331 7f07773f9700 	kLZ4HCCompression supported: 1
2022/06/12-10:59:19.839332 7f07773f9700 	kLZ4Compression supported: 1
2022/06/12-10:59:19.839333 7f07773f9700 	kBZip2Compression supported: 1
2022/06/12-10:59:19.839334 7f07773f9700 	kZlibCompression supported: 1
2022/06/12-10:59:19.839335 7f07773f9700 	kSnappyCompression supported: 1
2022/06/12-10:59:19.839336 7f07773f9700 Fast CRC32 supported: Not supported on x86
2022/06/12-10:59:19.839428 7f07773f9700               Options.comparator: leveldb.BytewiseComparator
2022/06/12-10:59:19.839429 7f07773f9700           Options.merge_operator: None
2022/06/12-10:59:19.839430 7f07773f9700        Options.compaction_filter: None
2022/06/12-10:59:19.839431 7f07773f9700        Options.compaction_filter_factory: None
2022/06/12-10:59:19.839432 7f07773f9700         Options.memtable_factory: SkipListFactory
2022/06/12-10:59:19.839432 7f07773f9700            Options.table_factory: BlockBasedTable
2022/06/12-10:59:19.839445 7f07773f9700            table_factory options:   flush_block_policy_factory: FlushBlockBySizePolicyFactory (0x7f0764222cc0)
  cache_index_and_filter_blocks: 0
  cache_index_and_filter_blocks_with_high_priority: 0
  pin_l0_filter_and_index_blocks_in_cache: 0
  pin_top_level_index_and_filter: 1
  index_type: 0
  hash_index_allow_collision: 1
  checksum: 1
  no_block_cache: 0
  block_cache: 0x7f07641a44d0
  block_cache_name: LRUCache
  block_cache_options:
    capacity : 52428800
    num_shard_bits : 6
    strict_capacity_limit : 0
    memory_allocator : None
    high_pri_pool_ratio: 0.000
  block_cache_compressed: (nil)
  persistent_cache: (nil)
  block_size: 4096
  block_size_deviation: 10
  block_restart_interval: 16
  index_block_restart_interval: 1
  metadata_block_size: 4096
  partition_filters: 0
  use_delta_encoding: 1
  filter_policy: rocksdb.BuiltinBloomFilter
  whole_key_filtering: 1
  verify_compression: 0
  read_amp_bytes_per_bit: 0
  format_version: 0
  enable_index_compression: 1
  block_align: 0
2022/06/12-10:59:19.839451 7f07773f9700        Options.write_buffer_size: 16777216
2022/06/12-10:59:19.839452 7f07773f9700  Options.max_write_buffer_number: 3
2022/06/12-10:59:19.839453 7f07773f9700          Options.compression: NoCompression
2022/06/12-10:59:19.839454 7f07773f9700                  Options.bottommost_compression: Disabled
2022/06/12-10:59:19.839455 7f07773f9700       Options.prefix_extractor: nullptr
2022/06/12-10:59:19.839456 7f07773f9700   Options.memtable_insert_with_hint_prefix_extractor: nullptr
2022/06/12-10:59:19.839456 7f07773f9700             Options.num_levels: 7
2022/06/12-10:59:19.839457 7f07773f9700        Options.min_write_buffer_number_to_merge: 1
2022/06/12-10:59:19.839458 7f07773f9700     Options.max_write_buffer_number_to_maintain: 0
2022/06/12-10:59:19.839458 7f07773f9700            Options.bottommost_compression_opts.window_bits: -14
2022/06/12-10:59:19.839459 7f07773f9700                  Options.bottommost_compression_opts.level: 32767
2022/06/12-10:59:19.839460 7f07773f9700               Options.bottommost_compression_opts.strategy: 0
2022/06/12-10:59:19.839460 7f07773f9700         Options.bottommost_compression_opts.max_dict_bytes: 0
2022/06/12-10:59:19.839461 7f07773f9700         Options.bottommost_compression_opts.zstd_max_train_bytes: 0
2022/06/12-10:59:19.839462 7f07773f9700                  Options.bottommost_compression_opts.enabled: false
2022/06/12-10:59:19.839463 7f07773f9700            Options.compression_opts.window_bits: -14
2022/06/12-10:59:19.839464 7f07773f9700                  Options.compression_opts.level: 32767
2022/06/12-10:59:19.839464 7f07773f9700               Options.compression_opts.strategy: 0
2022/06/12-10:59:19.839465 7f07773f9700         Options.compression_opts.max_dict_bytes: 0
2022/06/12-10:59:19.839466 7f07773f9700         Options.compression_opts.zstd_max_train_bytes: 0
2022/06/12-10:59:19.839466 7f07773f9700                  Options.compression_opts.enabled: false
2022/06/12-10:59:19.839467 7f07773f9700      Options.level0_file_num_compaction_trigger: 4
2022/06/12-10:59:19.839468 7f07773f9700          Options.level0_slowdown_writes_trigger: 20
2022/06/12-10:59:19.839468 7f07773f9700              Options.level0_stop_writes_trigger: 36
2022/06/12-10:59:19.839469 7f07773f9700                   Options.target_file_size_base: 67108864
2022/06/12-10:59:19.839470 7f07773f9700             Options.target_file_size_multiplier: 1
2022/06/12-10:59:19.839471 7f07773f9700                Options.max_bytes_for_level_base: 268435456
2022/06/12-10:59:19.839471 7f07773f9700 Options.level_compaction_dynamic_level_bytes: 0
2022/06/12-10:59:19.839472 7f07773f9700          Options.max_bytes_for_level_multiplier: 10.000000
2022/06/12-10:59:19.839474 7f07773f9700 Options.max_bytes_for_level_multiplier_addtl[0]: 1
2022/06/12-10:59:19.839475 7f07773f9700 Options.max_bytes_for_level_multiplier_addtl[1]: 1
2022/06/12-10:59:19.839476 7f07773f9700 Options.max_bytes_for_level_multiplier_addtl[2]: 1
2022/06/12-10:59:19.839476 7f07773f9700 Options.max_bytes_for_level_multiplier_addtl[3]: 1
2022/06/12-10:59:19.839477 7f07773f9700 Options.max_bytes_for_level_multiplier_addtl[4]: 1
2022/06/12-10:59:19.839481 7f07773f9700 Options.max_bytes_for_level_multiplier_addtl[5]: 1
2022/06/12-10:59:19.839482 7f07773f9700 Options.max_bytes_for_level_multiplier_addtl[6]: 1
2022/06/12-10:59:19.839482 7f07773f9700       Options.max_sequential_skip_in_iterations: 8
2022/06/12-10:59:19.839483 7f07773f9700                    Options.max_compaction_bytes: 1677721600
2022/06/12-10:59:19.839484 7f07773f9700                        Options.arena_block_size: 2097152
2022/06/12-10:59:19.839485 7f07773f9700   Options.soft_pending_compaction_bytes_limit: 68719476736
2022/06/12-10:59:19.839486 7f07773f9700   Options.hard_pending_compaction_bytes_limit: 274877906944
2022/06/12-10:59:19.839486 7f07773f9700       Options.rate_limit_delay_max_milliseconds: 100
2022/06/12-10:59:19.839487 7f07773f9700                Options.disable_auto_compactions: 0
2022/06/12-10:59:19.839488 7f07773f9700                        Options.compaction_style: kCompactionStyleUniversal
2022/06/12-10:59:19.839489 7f07773f9700                          Options.compaction_pri: kByCompensatedSize
2022/06/12-10:59:19.839490 7f07773f9700 Options.compaction_options_universal.size_ratio: 1
2022/06/12-10:59:19.839491 7f07773f9700 Options.compaction_options_universal.min_merge_width: 2
2022/06/12-10:59:19.839491 7f07773f9700 Options.compaction_options_universal.max_merge_width: 4294967295
2022/06/12-10:59:19.839492 7f07773f9700 Options.compaction_options_universal.max_size_amplification_percent: 200
2022/06/12-10:59:19.839493 7f07773f9700 Options.compaction_options_universal.compression_size_percent: -1
2022/06/12-10:59:19.839494 7f07773f9700 Options.compaction_options_universal.stop_style: kCompactionStopStyleTotalSize
2022/06/12-10:59:19.839495 7f07773f9700 Options.compaction_options_fifo.max_table_files_size: 1073741824
2022/06/12-10:59:19.839495 7f07773f9700 Options.compaction_options_fifo.allow_compaction: 0
2022/06/12-10:59:19.839496 7f07773f9700 Options.compaction_options_fifo.ttl: 0
2022/06/12-10:59:19.839497 7f07773f9700                   Options.table_properties_collectors: 
2022/06/12-10:59:19.839498 7f07773f9700                   Options.inplace_update_support: 0
2022/06/12-10:59:19.839498 7f07773f9700                 Options.inplace_update_num_locks: 10000
2022/06/12-10:59:19.839499 7f07773f9700               Options.memtable_prefix_bloom_size_ratio: 0.000000
2022/06/12-10:59:19.839500 7f07773f9700   Options.memtable_huge_page_size: 0
2022/06/12-10:59:19.839501 7f07773f9700                           Options.bloom_locality: 0
2022/06/12-10:59:19.839502 7f07773f9700                    Options.max_successive_merges: 0
2022/06/12-10:59:19.839502 7f07773f9700                Options.optimize_filters_for_hits: 0
2022/06/12-10:59:19.839503 7f07773f9700                Options.paranoid_file_checks: 0
2022/06/12-10:59:19.839504 7f07773f9700                Options.force_consistency_checks: 0
2022/06/12-10:59:19.839504 7f07773f9700                Options.report_bg_io_stats: 0
2022/06/12-10:59:19.839505 7f07773f9700                               Options.ttl: 0
2022/06/12-10:59:19.850013 7f07773f9700               Options.comparator: leveldb.BytewiseComparator
2022/06/12-10:59:19.850018 7f07773f9700           Options.merge_operator: None
2022/06/12-10:59:19.850019 7f07773f9700        Options.compaction_filter: None
2022/06/12-10:59:19.850019 7f07773f9700        Options.compaction_filter_factory: None
2022/06/12-10:59:19.850019 7f07773f9700         Options.memtable_factory: SkipListFactory
2022/06/12-10:59:19.850020 7f07773f9700            Options.table_factory: BlockBasedTable
2022/06/12-10:59:19.850035 7f07773f9700            table_factory options:   flush_block_policy_factory: FlushBlockBySizePolicyFactory (0x7f0764222cc0)
  cache_index_and_filter_blocks: 0
  cache_index_and_filter_blocks_with_high_priority: 0
  pin_l0_filter_and_index_blocks_in_cache: 0
  pin_top_level_index_and_filter: 1
  index_type: 0
  hash_index_allow_collision: 1
  checksum: 1
  no_block_cache: 0
  block_cache: 0x7f07641a44d0
  block_cache_name: LRUCache
  block_cache_options:
    capacity : 52428800
    num_shard_bits : 6
    strict_capacity_limit : 0
    memory_allocator : None
    high_pri_pool_ratio: 0.000
  block_cache_compressed: (nil)
  persistent_cache: (nil)
  block_size: 4096
  block_size_deviation: 10
  block_restart_interval: 16
  index_block_restart_interval: 1
  metadata_block_size: 4096
  partition_filters: 0
  use_delta_encoding: 1
  filter_policy: rocksdb.BuiltinBloomFilter
  whole_key_filtering: 1
  verify_compression: 0
  read_amp_bytes_per_bit: 0
  format_version: 0
  enable_index_compression: 1
  block_align: 0
2022/06/12-10:59:19.850036 7f07773f9700        Options.write_buffer_size: 16777216
2022/06/12-10:59:19.850036 7f07773f9700  Options.max_write_buffer_number: 3
2022/06/12-10:59:19.850037 7f07773f9700          Options.compression: NoCompression
2022/06/12-10:59:19.850037 7f07773f9700                  Options.bottommost_compression: Disabled
2022/06/12-10:59:19.850038 7f07773f9700       Options.prefix_extractor: nullptr
2022/06/12-10:59:19.850038 7f07773f9700   Options.memtable_insert_with_hint_prefix_extractor: nullptr
2022/06/12-10:59:19.850039 7f07773f9700             Options.num_levels: 7
2022/06/12-10:59:19.850039 7f07773f9700        Options.min_write_buffer_number_to_merge: 1
2022/06/12-10:59:19.850039 7f07773f9700     Options.max_write_buffer_number_to_maintain: 0
2022/06/12-10:59:19.850040 7f07773f9700            Options.bottommost_compression_opts.window_bits: -14
2022/06/12-10:59:19.850040 7f07773f9700                  Options.bottommost_compression_opts.level: 32767
2022/06/12-10:59:19.850041 7f07773f9700               Options.bottommost_compression_opts.strategy: 0
2022/06/12-10:59:19.850041 7f07773f9700         Options.bottommost_compression_opts.max_dict_bytes: 0
2022/06/12-10:59:19.850042 7f07773f9700         Options.bottommost_compression_opts.zstd_max_train_bytes: 0
2022/06/12-10:59:19.850042 7f07773f9700                  Options.bottommost_compression_opts.enabled: false
2022/06/12-10:59:19.850043 7f07773f9700            Options.compression_opts.window_bits: -14
2022/06/12-10:59:19.850043 7f07773f9700                  Options.compression_opts.level: 32767
2022/06/12-10:59:19.850043 7f07773f9700               Options.compression_opts.strategy: 0
2022/06/12-10:59:19.850044 7f07773f9700         Options.compression_opts.max_dict_bytes: 0
2022/06/12-10:59:19.850044 7f07773f9700         Options.compression_opts.zstd_max_train_bytes: 0
2022/06/12-10:59:19.850045 7f07773f9700                  Options.compression_opts.enabled: false
2022/06/12-10:59:19.850045 7f07773f9700      Options.level0_file_num_compaction_trigger: 4
2022/06/12-10:59:19.850045 7f07773f9700          Options.level0_slowdown_writes_trigger: 20
2022/06/12-10:59:19.850046 7f07773f9700              Options.level0_stop_writes_trigger: 36
2022/06/12-10:59:19.850046 7f07773f9700                   Options.target_file_size_base: 67108864
2022/06/12-10:59:19.850047 7f07773f9700             Options.target_file_size_multiplier: 1
2022/06/12-10:59:19.850047 7f07773f9700                Options.max_bytes_for_level_base: 268435456
2022/06/12-10:59:19.850055 7f07773f9700 Options.level_compaction_dynamic_level_bytes: 0
2022/06/12-10:59:19.850055 7f07773f9700          Options.max_bytes_for_level_multiplier: 10.000000
2022/06/12-10:59:19.850056 7f07773f9700 Options.max_bytes_for_level_multiplier_addtl[0]: 1
2022/06/12-10:59:19.850057 7f07773f9700 Options.max_bytes_for_level_multiplier_addtl[1]: 1
2022/06/12-10:59:19.850057 7f07773f9700 Options.max_bytes_for_level_multiplier_addtl[2]: 1
2022/06/12-10:59:19.850058 7f07773f9700 Options.max_bytes_for_level_multiplier_addtl[3]: 1
2022/06/12-10:59:19.850058 7f07773f9700 Options.max_bytes_for_level_multiplier_addtl[4]: 1
2022/06/12-10:59:19.850059 7f07773f9700 Options.max_bytes_for_level_multiplier_addtl[5]: 1
2022/06/12-10:59:19.850059 7f07773f9700 Options.max_bytes_for_level_multiplier_addtl[6]: 1
2022/06/12-10:59:19.850059 7f07773f9700       Options.max_sequential_skip_in_iterations: 8
2022/06/12-10:59:19.850060 7f07773f9700                    Options.max_compaction_bytes: 1677721600
2022/06/12-10:59:19.850060 7f07773f9700                        Options.arena_block_size: 2097152
2022/06/12-10:59:19.850061 7f07773f9700   Options.soft_pending_compaction_bytes_limit: 68719476736
2022/06/12-10:59:19.850061 7f07773f9700   Options.hard_pending_compaction_bytes_limit: 274877906944
2022/06/12-10:59:19.850062 7f07773f9700       Options.rate_limit_delay_max_milliseconds: 100
2022/06/12-10:59:19.850062 7f07773f9700                Options.disable_auto_compactions: 0
2022/06/12-10:59:19.850062 7f07773f9700                        Options.compaction_style: kCompactionStyleUniversal
2022/06/12-10:59:19.850063 7f07773f9700                          Options.compaction_pri: kByCompensatedSize
2022/06/12-10:59:19.850063 7f07773f9700 Options.compaction_options_universal.size_ratio: 1
2022/06/12-10:59:19.850064 7f07773f9700 Options.compaction_options_universal.min_merge_width: 2
2022/06/12-10:59:19.850064 7f07773f9700 Options.compaction_options_universal.max_merge_width: 4294967295
2022/06/12-10:59:19.850065 7f07773f9700 Options.compaction_options_universal.max_size_amplification_percent: 200
2022/06/12-10:59:19.850065 7f07773f9700 Options.compaction_options_universal.compression_size_percent: -1
2022/06/12-10:59:19.850066 7f07773f9700 Options.compaction_options_universal.stop_style: kCompactionStopStyleTotalSize
2022/06/12-10:59:19.850066 7f07773f9700 Options.compaction_options_fifo.max_table_files_size: 1073741824
2022/06/12-10:59:19.850067 7f07773f9700 Options.compaction_options_fifo.allow_compaction: 0
2022/06/12-10:59:19.850067 7f07773f9700 Options.compaction_options_fifo.ttl: 0
2022/06/12-10:59:19.850067 7f07773f9700                   Options.table_properties_collectors: 
2022/06/12-10:59:19.850068 7f07773f9700                   Options.inplace_update_support: 0
2022/06/12-10:59:19.850068 7f07773f9700                 Options.inplace_update_num_locks: 10000
2022/06/12-10:59:19.850069 7f07773f9700               Options.memtable_prefix_bloom_size_ratio: 0.000000
2022/06/12-10:59:19.850069 7f07773f9700   Options.memtable_huge_page_size: 0
2022/06/12-10:59:19.850070 7f07773f9700                           Options.bloom_locality: 0
2022/06/12-10:59:19.850070 7f07773f9700                    Options.max_successive_merges: 0
2022/06/12-10:59:19.850071 7f07773f9700                Options.optimize_filters_for_hits: 0
2022/06/12-10:59:19.850071 7f07773f9700                Options.paranoid_file_checks: 0
2022/06/12-10:59:19.850071 7f07773f9700                Options.force_consistency_checks: 0
2022/06/12-10:59:19.850072 7f07773f9700                Options.report_bg_io_stats: 0
2022/06/12-10:59:19.850072 7f07773f9700                               Options.ttl: 0
