2022/06/15-23:21:42.451487 7f6aa6179700 RocksDB version: 5.18.4
2022/06/15-23:21:42.451509 7f6aa6179700 Git sha rocksdb_build_git_sha:
2022/06/15-23:21:42.451510 7f6aa6179700 Compile date Mar 11 2020
2022/06/15-23:21:42.451511 7f6aa6179700 DB SUMMARY
2022/06/15-23:21:42.451522 7f6aa6179700 CURRENT file:  CURRENT
2022/06/15-23:21:42.451523 7f6aa6179700 IDENTITY file:  IDENTITY
2022/06/15-23:21:42.451526 7f6aa6179700 MANIFEST file:  MANIFEST-000001 size: 13 Bytes
2022/06/15-23:21:42.451527 7f6aa6179700 SST files in /home/ANT.AMAZON.COM/stefler/Documents/university/cloud-services/WikipediaStats/src/streams2/./local/kafka-streams-wiki/0_1/rocksdb/hour-mostActiveUsers dir, Total Num: 0, files: 
2022/06/15-23:21:42.451528 7f6aa6179700 Write Ahead Log file in /home/ANT.AMAZON.COM/stefler/Documents/university/cloud-services/WikipediaStats/src/streams2/./local/kafka-streams-wiki/0_1/rocksdb/hour-mostActiveUsers: 000003.log size: 0 ; 
2022/06/15-23:21:42.451529 7f6aa6179700                         Options.error_if_exists: 0
2022/06/15-23:21:42.451530 7f6aa6179700                       Options.create_if_missing: 1
2022/06/15-23:21:42.451531 7f6aa6179700                         Options.paranoid_checks: 1
2022/06/15-23:21:42.451532 7f6aa6179700                                     Options.env: 0x7f6aa4b63fa0
2022/06/15-23:21:42.451532 7f6aa6179700                                Options.info_log: 0x7f6a58a3b210
2022/06/15-23:21:42.451533 7f6aa6179700                Options.max_file_opening_threads: 16
2022/06/15-23:21:42.451534 7f6aa6179700                              Options.statistics: (nil)
2022/06/15-23:21:42.451535 7f6aa6179700                               Options.use_fsync: 0
2022/06/15-23:21:42.451536 7f6aa6179700                       Options.max_log_file_size: 0
2022/06/15-23:21:42.451536 7f6aa6179700                  Options.max_manifest_file_size: 1073741824
2022/06/15-23:21:42.451537 7f6aa6179700                   Options.log_file_time_to_roll: 0
2022/06/15-23:21:42.451538 7f6aa6179700                       Options.keep_log_file_num: 1000
2022/06/15-23:21:42.451538 7f6aa6179700                    Options.recycle_log_file_num: 0
2022/06/15-23:21:42.451539 7f6aa6179700                         Options.allow_fallocate: 1
2022/06/15-23:21:42.451540 7f6aa6179700                        Options.allow_mmap_reads: 0
2022/06/15-23:21:42.451540 7f6aa6179700                       Options.allow_mmap_writes: 0
2022/06/15-23:21:42.451541 7f6aa6179700                        Options.use_direct_reads: 0
2022/06/15-23:21:42.451541 7f6aa6179700                        Options.use_direct_io_for_flush_and_compaction: 0
2022/06/15-23:21:42.451542 7f6aa6179700          Options.create_missing_column_families: 0
2022/06/15-23:21:42.451543 7f6aa6179700                              Options.db_log_dir: 
2022/06/15-23:21:42.451543 7f6aa6179700                                 Options.wal_dir: /home/ANT.AMAZON.COM/stefler/Documents/university/cloud-services/WikipediaStats/src/streams2/./local/kafka-streams-wiki/0_1/rocksdb/hour-mostActiveUsers
2022/06/15-23:21:42.451544 7f6aa6179700                Options.table_cache_numshardbits: 6
2022/06/15-23:21:42.451545 7f6aa6179700                      Options.max_subcompactions: 1
2022/06/15-23:21:42.451545 7f6aa6179700                  Options.max_background_flushes: -1
2022/06/15-23:21:42.451546 7f6aa6179700                         Options.WAL_ttl_seconds: 0
2022/06/15-23:21:42.451547 7f6aa6179700                       Options.WAL_size_limit_MB: 0
2022/06/15-23:21:42.451547 7f6aa6179700             Options.manifest_preallocation_size: 4194304
2022/06/15-23:21:42.451548 7f6aa6179700                     Options.is_fd_close_on_exec: 1
2022/06/15-23:21:42.451549 7f6aa6179700                   Options.advise_random_on_open: 1
2022/06/15-23:21:42.451549 7f6aa6179700                    Options.db_write_buffer_size: 0
2022/06/15-23:21:42.451550 7f6aa6179700                    Options.write_buffer_manager: 0x7f6a58857310
2022/06/15-23:21:42.451551 7f6aa6179700         Options.access_hint_on_compaction_start: 1
2022/06/15-23:21:42.451551 7f6aa6179700  Options.new_table_reader_for_compaction_inputs: 0
2022/06/15-23:21:42.451556 7f6aa6179700           Options.random_access_max_buffer_size: 1048576
2022/06/15-23:21:42.451557 7f6aa6179700                      Options.use_adaptive_mutex: 0
2022/06/15-23:21:42.451557 7f6aa6179700                            Options.rate_limiter: (nil)
2022/06/15-23:21:42.451558 7f6aa6179700     Options.sst_file_manager.rate_bytes_per_sec: 0
2022/06/15-23:21:42.451559 7f6aa6179700                       Options.wal_recovery_mode: 2
2022/06/15-23:21:42.451560 7f6aa6179700                  Options.enable_thread_tracking: 0
2022/06/15-23:21:42.451560 7f6aa6179700                  Options.enable_pipelined_write: 0
2022/06/15-23:21:42.451561 7f6aa6179700         Options.allow_concurrent_memtable_write: 1
2022/06/15-23:21:42.451562 7f6aa6179700      Options.enable_write_thread_adaptive_yield: 1
2022/06/15-23:21:42.451562 7f6aa6179700             Options.write_thread_max_yield_usec: 100
2022/06/15-23:21:42.451563 7f6aa6179700            Options.write_thread_slow_yield_usec: 3
2022/06/15-23:21:42.451564 7f6aa6179700                               Options.row_cache: None
2022/06/15-23:21:42.451564 7f6aa6179700                              Options.wal_filter: None
2022/06/15-23:21:42.451565 7f6aa6179700             Options.avoid_flush_during_recovery: 0
2022/06/15-23:21:42.451566 7f6aa6179700             Options.allow_ingest_behind: 0
2022/06/15-23:21:42.451566 7f6aa6179700             Options.preserve_deletes: 0
2022/06/15-23:21:42.451567 7f6aa6179700             Options.two_write_queues: 0
2022/06/15-23:21:42.451567 7f6aa6179700             Options.manual_wal_flush: 0
2022/06/15-23:21:42.451568 7f6aa6179700             Options.max_background_jobs: 8
2022/06/15-23:21:42.451569 7f6aa6179700             Options.max_background_compactions: -1
2022/06/15-23:21:42.451570 7f6aa6179700             Options.avoid_flush_during_shutdown: 0
2022/06/15-23:21:42.451570 7f6aa6179700           Options.writable_file_max_buffer_size: 1048576
2022/06/15-23:21:42.451571 7f6aa6179700             Options.delayed_write_rate : 16777216
2022/06/15-23:21:42.451572 7f6aa6179700             Options.max_total_wal_size: 0
2022/06/15-23:21:42.451572 7f6aa6179700             Options.delete_obsolete_files_period_micros: 21600000000
2022/06/15-23:21:42.451573 7f6aa6179700                   Options.stats_dump_period_sec: 600
2022/06/15-23:21:42.451574 7f6aa6179700                          Options.max_open_files: -1
2022/06/15-23:21:42.451574 7f6aa6179700                          Options.bytes_per_sync: 0
2022/06/15-23:21:42.451575 7f6aa6179700                      Options.wal_bytes_per_sync: 0
2022/06/15-23:21:42.451576 7f6aa6179700       Options.compaction_readahead_size: 0
2022/06/15-23:21:42.451576 7f6aa6179700 Compression algorithms supported:
2022/06/15-23:21:42.451577 7f6aa6179700 	kZSTDNotFinalCompression supported: 1
2022/06/15-23:21:42.451579 7f6aa6179700 	kZSTD supported: 1
2022/06/15-23:21:42.451579 7f6aa6179700 	kXpressCompression supported: 0
2022/06/15-23:21:42.451580 7f6aa6179700 	kLZ4HCCompression supported: 1
2022/06/15-23:21:42.451581 7f6aa6179700 	kLZ4Compression supported: 1
2022/06/15-23:21:42.451582 7f6aa6179700 	kBZip2Compression supported: 1
2022/06/15-23:21:42.451583 7f6aa6179700 	kZlibCompression supported: 1
2022/06/15-23:21:42.451583 7f6aa6179700 	kSnappyCompression supported: 1
2022/06/15-23:21:42.451584 7f6aa6179700 Fast CRC32 supported: Not supported on x86
2022/06/15-23:21:42.451670 7f6aa6179700               Options.comparator: leveldb.BytewiseComparator
2022/06/15-23:21:42.451672 7f6aa6179700           Options.merge_operator: None
2022/06/15-23:21:42.451672 7f6aa6179700        Options.compaction_filter: None
2022/06/15-23:21:42.451673 7f6aa6179700        Options.compaction_filter_factory: None
2022/06/15-23:21:42.451673 7f6aa6179700         Options.memtable_factory: SkipListFactory
2022/06/15-23:21:42.451674 7f6aa6179700            Options.table_factory: BlockBasedTable
2022/06/15-23:21:42.451690 7f6aa6179700            table_factory options:   flush_block_policy_factory: FlushBlockBySizePolicyFactory (0x7f6a58a42430)
  cache_index_and_filter_blocks: 0
  cache_index_and_filter_blocks_with_high_priority: 0
  pin_l0_filter_and_index_blocks_in_cache: 0
  pin_top_level_index_and_filter: 1
  index_type: 0
  hash_index_allow_collision: 1
  checksum: 1
  no_block_cache: 0
  block_cache: 0x7f6a589edc50
  block_cache_name: LRUCache
  block_cache_options:
    capacity : 52428800
    num_shard_bits : 6
    strict_capacity_limit : 0
    memory_allocator : None
    high_pri_pool_ratio: 0.000
  block_cache_compressed: (nil)
  persistent_cache: (nil)
  block_size: 4096
  block_size_deviation: 10
  block_restart_interval: 16
  index_block_restart_interval: 1
  metadata_block_size: 4096
  partition_filters: 0
  use_delta_encoding: 1
  filter_policy: rocksdb.BuiltinBloomFilter
  whole_key_filtering: 1
  verify_compression: 0
  read_amp_bytes_per_bit: 0
  format_version: 0
  enable_index_compression: 1
  block_align: 0
2022/06/15-23:21:42.451696 7f6aa6179700        Options.write_buffer_size: 16777216
2022/06/15-23:21:42.451696 7f6aa6179700  Options.max_write_buffer_number: 3
2022/06/15-23:21:42.451697 7f6aa6179700          Options.compression: NoCompression
2022/06/15-23:21:42.451698 7f6aa6179700                  Options.bottommost_compression: Disabled
2022/06/15-23:21:42.451699 7f6aa6179700       Options.prefix_extractor: nullptr
2022/06/15-23:21:42.451700 7f6aa6179700   Options.memtable_insert_with_hint_prefix_extractor: nullptr
2022/06/15-23:21:42.451700 7f6aa6179700             Options.num_levels: 7
2022/06/15-23:21:42.451701 7f6aa6179700        Options.min_write_buffer_number_to_merge: 1
2022/06/15-23:21:42.451701 7f6aa6179700     Options.max_write_buffer_number_to_maintain: 0
2022/06/15-23:21:42.451702 7f6aa6179700            Options.bottommost_compression_opts.window_bits: -14
2022/06/15-23:21:42.451703 7f6aa6179700                  Options.bottommost_compression_opts.level: 32767
2022/06/15-23:21:42.451703 7f6aa6179700               Options.bottommost_compression_opts.strategy: 0
2022/06/15-23:21:42.451704 7f6aa6179700         Options.bottommost_compression_opts.max_dict_bytes: 0
2022/06/15-23:21:42.451705 7f6aa6179700         Options.bottommost_compression_opts.zstd_max_train_bytes: 0
2022/06/15-23:21:42.451706 7f6aa6179700                  Options.bottommost_compression_opts.enabled: false
2022/06/15-23:21:42.451707 7f6aa6179700            Options.compression_opts.window_bits: -14
2022/06/15-23:21:42.451707 7f6aa6179700                  Options.compression_opts.level: 32767
2022/06/15-23:21:42.451708 7f6aa6179700               Options.compression_opts.strategy: 0
2022/06/15-23:21:42.451709 7f6aa6179700         Options.compression_opts.max_dict_bytes: 0
2022/06/15-23:21:42.451710 7f6aa6179700         Options.compression_opts.zstd_max_train_bytes: 0
2022/06/15-23:21:42.451710 7f6aa6179700                  Options.compression_opts.enabled: false
2022/06/15-23:21:42.451711 7f6aa6179700      Options.level0_file_num_compaction_trigger: 4
2022/06/15-23:21:42.451712 7f6aa6179700          Options.level0_slowdown_writes_trigger: 20
2022/06/15-23:21:42.451713 7f6aa6179700              Options.level0_stop_writes_trigger: 36
2022/06/15-23:21:42.451713 7f6aa6179700                   Options.target_file_size_base: 67108864
2022/06/15-23:21:42.451714 7f6aa6179700             Options.target_file_size_multiplier: 1
2022/06/15-23:21:42.451715 7f6aa6179700                Options.max_bytes_for_level_base: 268435456
2022/06/15-23:21:42.451716 7f6aa6179700 Options.level_compaction_dynamic_level_bytes: 0
2022/06/15-23:21:42.451716 7f6aa6179700          Options.max_bytes_for_level_multiplier: 10.000000
2022/06/15-23:21:42.451718 7f6aa6179700 Options.max_bytes_for_level_multiplier_addtl[0]: 1
2022/06/15-23:21:42.451719 7f6aa6179700 Options.max_bytes_for_level_multiplier_addtl[1]: 1
2022/06/15-23:21:42.451719 7f6aa6179700 Options.max_bytes_for_level_multiplier_addtl[2]: 1
2022/06/15-23:21:42.451720 7f6aa6179700 Options.max_bytes_for_level_multiplier_addtl[3]: 1
2022/06/15-23:21:42.451721 7f6aa6179700 Options.max_bytes_for_level_multiplier_addtl[4]: 1
2022/06/15-23:21:42.451724 7f6aa6179700 Options.max_bytes_for_level_multiplier_addtl[5]: 1
2022/06/15-23:21:42.451725 7f6aa6179700 Options.max_bytes_for_level_multiplier_addtl[6]: 1
2022/06/15-23:21:42.451726 7f6aa6179700       Options.max_sequential_skip_in_iterations: 8
2022/06/15-23:21:42.451727 7f6aa6179700                    Options.max_compaction_bytes: 1677721600
2022/06/15-23:21:42.451727 7f6aa6179700                        Options.arena_block_size: 2097152
2022/06/15-23:21:42.451728 7f6aa6179700   Options.soft_pending_compaction_bytes_limit: 68719476736
2022/06/15-23:21:42.451729 7f6aa6179700   Options.hard_pending_compaction_bytes_limit: 274877906944
2022/06/15-23:21:42.451729 7f6aa6179700       Options.rate_limit_delay_max_milliseconds: 100
2022/06/15-23:21:42.451730 7f6aa6179700                Options.disable_auto_compactions: 0
2022/06/15-23:21:42.451731 7f6aa6179700                        Options.compaction_style: kCompactionStyleUniversal
2022/06/15-23:21:42.451732 7f6aa6179700                          Options.compaction_pri: kByCompensatedSize
2022/06/15-23:21:42.451733 7f6aa6179700 Options.compaction_options_universal.size_ratio: 1
2022/06/15-23:21:42.451734 7f6aa6179700 Options.compaction_options_universal.min_merge_width: 2
2022/06/15-23:21:42.451734 7f6aa6179700 Options.compaction_options_universal.max_merge_width: 4294967295
2022/06/15-23:21:42.451735 7f6aa6179700 Options.compaction_options_universal.max_size_amplification_percent: 200
2022/06/15-23:21:42.451736 7f6aa6179700 Options.compaction_options_universal.compression_size_percent: -1
2022/06/15-23:21:42.451737 7f6aa6179700 Options.compaction_options_universal.stop_style: kCompactionStopStyleTotalSize
2022/06/15-23:21:42.451738 7f6aa6179700 Options.compaction_options_fifo.max_table_files_size: 1073741824
2022/06/15-23:21:42.451739 7f6aa6179700 Options.compaction_options_fifo.allow_compaction: 0
2022/06/15-23:21:42.451739 7f6aa6179700 Options.compaction_options_fifo.ttl: 0
2022/06/15-23:21:42.451740 7f6aa6179700                   Options.table_properties_collectors: 
2022/06/15-23:21:42.451740 7f6aa6179700                   Options.inplace_update_support: 0
2022/06/15-23:21:42.451740 7f6aa6179700                 Options.inplace_update_num_locks: 10000
2022/06/15-23:21:42.451741 7f6aa6179700               Options.memtable_prefix_bloom_size_ratio: 0.000000
2022/06/15-23:21:42.451742 7f6aa6179700   Options.memtable_huge_page_size: 0
2022/06/15-23:21:42.451742 7f6aa6179700                           Options.bloom_locality: 0
2022/06/15-23:21:42.451742 7f6aa6179700                    Options.max_successive_merges: 0
2022/06/15-23:21:42.451743 7f6aa6179700                Options.optimize_filters_for_hits: 0
2022/06/15-23:21:42.451743 7f6aa6179700                Options.paranoid_file_checks: 0
2022/06/15-23:21:42.451744 7f6aa6179700                Options.force_consistency_checks: 0
2022/06/15-23:21:42.451744 7f6aa6179700                Options.report_bg_io_stats: 0
2022/06/15-23:21:42.451744 7f6aa6179700                               Options.ttl: 0
2022/06/15-23:21:42.460167 7f6aa6179700               Options.comparator: leveldb.BytewiseComparator
2022/06/15-23:21:42.460170 7f6aa6179700           Options.merge_operator: None
2022/06/15-23:21:42.460171 7f6aa6179700        Options.compaction_filter: None
2022/06/15-23:21:42.460172 7f6aa6179700        Options.compaction_filter_factory: None
2022/06/15-23:21:42.460172 7f6aa6179700         Options.memtable_factory: SkipListFactory
2022/06/15-23:21:42.460173 7f6aa6179700            Options.table_factory: BlockBasedTable
2022/06/15-23:21:42.460187 7f6aa6179700            table_factory options:   flush_block_policy_factory: FlushBlockBySizePolicyFactory (0x7f6a58a42430)
  cache_index_and_filter_blocks: 0
  cache_index_and_filter_blocks_with_high_priority: 0
  pin_l0_filter_and_index_blocks_in_cache: 0
  pin_top_level_index_and_filter: 1
  index_type: 0
  hash_index_allow_collision: 1
  checksum: 1
  no_block_cache: 0
  block_cache: 0x7f6a589edc50
  block_cache_name: LRUCache
  block_cache_options:
    capacity : 52428800
    num_shard_bits : 6
    strict_capacity_limit : 0
    memory_allocator : None
    high_pri_pool_ratio: 0.000
  block_cache_compressed: (nil)
  persistent_cache: (nil)
  block_size: 4096
  block_size_deviation: 10
  block_restart_interval: 16
  index_block_restart_interval: 1
  metadata_block_size: 4096
  partition_filters: 0
  use_delta_encoding: 1
  filter_policy: rocksdb.BuiltinBloomFilter
  whole_key_filtering: 1
  verify_compression: 0
  read_amp_bytes_per_bit: 0
  format_version: 0
  enable_index_compression: 1
  block_align: 0
2022/06/15-23:21:42.460188 7f6aa6179700        Options.write_buffer_size: 16777216
2022/06/15-23:21:42.460189 7f6aa6179700  Options.max_write_buffer_number: 3
2022/06/15-23:21:42.460190 7f6aa6179700          Options.compression: NoCompression
2022/06/15-23:21:42.460190 7f6aa6179700                  Options.bottommost_compression: Disabled
2022/06/15-23:21:42.460191 7f6aa6179700       Options.prefix_extractor: nullptr
2022/06/15-23:21:42.460191 7f6aa6179700   Options.memtable_insert_with_hint_prefix_extractor: nullptr
2022/06/15-23:21:42.460192 7f6aa6179700             Options.num_levels: 7
2022/06/15-23:21:42.460192 7f6aa6179700        Options.min_write_buffer_number_to_merge: 1
2022/06/15-23:21:42.460192 7f6aa6179700     Options.max_write_buffer_number_to_maintain: 0
2022/06/15-23:21:42.460193 7f6aa6179700            Options.bottommost_compression_opts.window_bits: -14
2022/06/15-23:21:42.460193 7f6aa6179700                  Options.bottommost_compression_opts.level: 32767
2022/06/15-23:21:42.460194 7f6aa6179700               Options.bottommost_compression_opts.strategy: 0
2022/06/15-23:21:42.460194 7f6aa6179700         Options.bottommost_compression_opts.max_dict_bytes: 0
2022/06/15-23:21:42.460195 7f6aa6179700         Options.bottommost_compression_opts.zstd_max_train_bytes: 0
2022/06/15-23:21:42.460195 7f6aa6179700                  Options.bottommost_compression_opts.enabled: false
2022/06/15-23:21:42.460195 7f6aa6179700            Options.compression_opts.window_bits: -14
2022/06/15-23:21:42.460196 7f6aa6179700                  Options.compression_opts.level: 32767
2022/06/15-23:21:42.460196 7f6aa6179700               Options.compression_opts.strategy: 0
2022/06/15-23:21:42.460197 7f6aa6179700         Options.compression_opts.max_dict_bytes: 0
2022/06/15-23:21:42.460197 7f6aa6179700         Options.compression_opts.zstd_max_train_bytes: 0
2022/06/15-23:21:42.460198 7f6aa6179700                  Options.compression_opts.enabled: false
2022/06/15-23:21:42.460198 7f6aa6179700      Options.level0_file_num_compaction_trigger: 4
2022/06/15-23:21:42.460198 7f6aa6179700          Options.level0_slowdown_writes_trigger: 20
2022/06/15-23:21:42.460199 7f6aa6179700              Options.level0_stop_writes_trigger: 36
2022/06/15-23:21:42.460199 7f6aa6179700                   Options.target_file_size_base: 67108864
2022/06/15-23:21:42.460200 7f6aa6179700             Options.target_file_size_multiplier: 1
2022/06/15-23:21:42.460200 7f6aa6179700                Options.max_bytes_for_level_base: 268435456
2022/06/15-23:21:42.460205 7f6aa6179700 Options.level_compaction_dynamic_level_bytes: 0
2022/06/15-23:21:42.460205 7f6aa6179700          Options.max_bytes_for_level_multiplier: 10.000000
2022/06/15-23:21:42.460206 7f6aa6179700 Options.max_bytes_for_level_multiplier_addtl[0]: 1
2022/06/15-23:21:42.460207 7f6aa6179700 Options.max_bytes_for_level_multiplier_addtl[1]: 1
2022/06/15-23:21:42.460207 7f6aa6179700 Options.max_bytes_for_level_multiplier_addtl[2]: 1
2022/06/15-23:21:42.460208 7f6aa6179700 Options.max_bytes_for_level_multiplier_addtl[3]: 1
2022/06/15-23:21:42.460208 7f6aa6179700 Options.max_bytes_for_level_multiplier_addtl[4]: 1
2022/06/15-23:21:42.460208 7f6aa6179700 Options.max_bytes_for_level_multiplier_addtl[5]: 1
2022/06/15-23:21:42.460209 7f6aa6179700 Options.max_bytes_for_level_multiplier_addtl[6]: 1
2022/06/15-23:21:42.460209 7f6aa6179700       Options.max_sequential_skip_in_iterations: 8
2022/06/15-23:21:42.460210 7f6aa6179700                    Options.max_compaction_bytes: 1677721600
2022/06/15-23:21:42.460210 7f6aa6179700                        Options.arena_block_size: 2097152
2022/06/15-23:21:42.460210 7f6aa6179700   Options.soft_pending_compaction_bytes_limit: 68719476736
2022/06/15-23:21:42.460211 7f6aa6179700   Options.hard_pending_compaction_bytes_limit: 274877906944
2022/06/15-23:21:42.460211 7f6aa6179700       Options.rate_limit_delay_max_milliseconds: 100
2022/06/15-23:21:42.460212 7f6aa6179700                Options.disable_auto_compactions: 0
2022/06/15-23:21:42.460212 7f6aa6179700                        Options.compaction_style: kCompactionStyleUniversal
2022/06/15-23:21:42.460213 7f6aa6179700                          Options.compaction_pri: kByCompensatedSize
2022/06/15-23:21:42.460213 7f6aa6179700 Options.compaction_options_universal.size_ratio: 1
2022/06/15-23:21:42.460214 7f6aa6179700 Options.compaction_options_universal.min_merge_width: 2
2022/06/15-23:21:42.460214 7f6aa6179700 Options.compaction_options_universal.max_merge_width: 4294967295
2022/06/15-23:21:42.460215 7f6aa6179700 Options.compaction_options_universal.max_size_amplification_percent: 200
2022/06/15-23:21:42.460215 7f6aa6179700 Options.compaction_options_universal.compression_size_percent: -1
2022/06/15-23:21:42.460216 7f6aa6179700 Options.compaction_options_universal.stop_style: kCompactionStopStyleTotalSize
2022/06/15-23:21:42.460216 7f6aa6179700 Options.compaction_options_fifo.max_table_files_size: 1073741824
2022/06/15-23:21:42.460216 7f6aa6179700 Options.compaction_options_fifo.allow_compaction: 0
2022/06/15-23:21:42.460217 7f6aa6179700 Options.compaction_options_fifo.ttl: 0
2022/06/15-23:21:42.460217 7f6aa6179700                   Options.table_properties_collectors: 
2022/06/15-23:21:42.460218 7f6aa6179700                   Options.inplace_update_support: 0
2022/06/15-23:21:42.460218 7f6aa6179700                 Options.inplace_update_num_locks: 10000
2022/06/15-23:21:42.460219 7f6aa6179700               Options.memtable_prefix_bloom_size_ratio: 0.000000
2022/06/15-23:21:42.460219 7f6aa6179700   Options.memtable_huge_page_size: 0
2022/06/15-23:21:42.460220 7f6aa6179700                           Options.bloom_locality: 0
2022/06/15-23:21:42.460220 7f6aa6179700                    Options.max_successive_merges: 0
2022/06/15-23:21:42.460220 7f6aa6179700                Options.optimize_filters_for_hits: 0
2022/06/15-23:21:42.460221 7f6aa6179700                Options.paranoid_file_checks: 0
2022/06/15-23:21:42.460221 7f6aa6179700                Options.force_consistency_checks: 0
2022/06/15-23:21:42.460222 7f6aa6179700                Options.report_bg_io_stats: 0
2022/06/15-23:21:42.460222 7f6aa6179700                               Options.ttl: 0
