2022/06/08-16:32:36.825325 7efee9b7b700 RocksDB version: 5.18.4
2022/06/08-16:32:36.825357 7efee9b7b700 Git sha rocksdb_build_git_sha:
2022/06/08-16:32:36.825358 7efee9b7b700 Compile date Mar 11 2020
2022/06/08-16:32:36.825360 7efee9b7b700 DB SUMMARY
2022/06/08-16:32:36.825377 7efee9b7b700 CURRENT file:  CURRENT
2022/06/08-16:32:36.825378 7efee9b7b700 IDENTITY file:  IDENTITY
2022/06/08-16:32:36.825381 7efee9b7b700 MANIFEST file:  MANIFEST-000001 size: 13 Bytes
2022/06/08-16:32:36.825382 7efee9b7b700 SST files in /home/ANT.AMAZON.COM/stefler/Documents/university/cloud-services/WikipediaStats/src/streams/./local-streams/kafka-streams-wiki/44_3/rocksdb/hour-per-userType-active-users dir, Total Num: 0, files: 
2022/06/08-16:32:36.825383 7efee9b7b700 Write Ahead Log file in /home/ANT.AMAZON.COM/stefler/Documents/university/cloud-services/WikipediaStats/src/streams/./local-streams/kafka-streams-wiki/44_3/rocksdb/hour-per-userType-active-users: 000003.log size: 0 ; 
2022/06/08-16:32:36.825385 7efee9b7b700                         Options.error_if_exists: 0
2022/06/08-16:32:36.825386 7efee9b7b700                       Options.create_if_missing: 1
2022/06/08-16:32:36.825387 7efee9b7b700                         Options.paranoid_checks: 1
2022/06/08-16:32:36.825388 7efee9b7b700                                     Options.env: 0x7efe57ffbfa0
2022/06/08-16:32:36.825389 7efee9b7b700                                Options.info_log: 0x7efe9eed6120
2022/06/08-16:32:36.825390 7efee9b7b700                Options.max_file_opening_threads: 16
2022/06/08-16:32:36.825391 7efee9b7b700                              Options.statistics: (nil)
2022/06/08-16:32:36.825392 7efee9b7b700                               Options.use_fsync: 0
2022/06/08-16:32:36.825393 7efee9b7b700                       Options.max_log_file_size: 0
2022/06/08-16:32:36.825394 7efee9b7b700                  Options.max_manifest_file_size: 1073741824
2022/06/08-16:32:36.825394 7efee9b7b700                   Options.log_file_time_to_roll: 0
2022/06/08-16:32:36.825395 7efee9b7b700                       Options.keep_log_file_num: 1000
2022/06/08-16:32:36.825396 7efee9b7b700                    Options.recycle_log_file_num: 0
2022/06/08-16:32:36.825397 7efee9b7b700                         Options.allow_fallocate: 1
2022/06/08-16:32:36.825398 7efee9b7b700                        Options.allow_mmap_reads: 0
2022/06/08-16:32:36.825399 7efee9b7b700                       Options.allow_mmap_writes: 0
2022/06/08-16:32:36.825399 7efee9b7b700                        Options.use_direct_reads: 0
2022/06/08-16:32:36.825400 7efee9b7b700                        Options.use_direct_io_for_flush_and_compaction: 0
2022/06/08-16:32:36.825401 7efee9b7b700          Options.create_missing_column_families: 0
2022/06/08-16:32:36.825402 7efee9b7b700                              Options.db_log_dir: 
2022/06/08-16:32:36.825402 7efee9b7b700                                 Options.wal_dir: /home/ANT.AMAZON.COM/stefler/Documents/university/cloud-services/WikipediaStats/src/streams/./local-streams/kafka-streams-wiki/44_3/rocksdb/hour-per-userType-active-users
2022/06/08-16:32:36.825403 7efee9b7b700                Options.table_cache_numshardbits: 6
2022/06/08-16:32:36.825404 7efee9b7b700                      Options.max_subcompactions: 1
2022/06/08-16:32:36.825405 7efee9b7b700                  Options.max_background_flushes: -1
2022/06/08-16:32:36.825406 7efee9b7b700                         Options.WAL_ttl_seconds: 0
2022/06/08-16:32:36.825406 7efee9b7b700                       Options.WAL_size_limit_MB: 0
2022/06/08-16:32:36.825407 7efee9b7b700             Options.manifest_preallocation_size: 4194304
2022/06/08-16:32:36.825408 7efee9b7b700                     Options.is_fd_close_on_exec: 1
2022/06/08-16:32:36.825409 7efee9b7b700                   Options.advise_random_on_open: 1
2022/06/08-16:32:36.825410 7efee9b7b700                    Options.db_write_buffer_size: 0
2022/06/08-16:32:36.825411 7efee9b7b700                    Options.write_buffer_manager: 0x7efe9eed40e0
2022/06/08-16:32:36.825411 7efee9b7b700         Options.access_hint_on_compaction_start: 1
2022/06/08-16:32:36.825412 7efee9b7b700  Options.new_table_reader_for_compaction_inputs: 0
2022/06/08-16:32:36.825418 7efee9b7b700           Options.random_access_max_buffer_size: 1048576
2022/06/08-16:32:36.825418 7efee9b7b700                      Options.use_adaptive_mutex: 0
2022/06/08-16:32:36.825419 7efee9b7b700                            Options.rate_limiter: (nil)
2022/06/08-16:32:36.825420 7efee9b7b700     Options.sst_file_manager.rate_bytes_per_sec: 0
2022/06/08-16:32:36.825421 7efee9b7b700                       Options.wal_recovery_mode: 2
2022/06/08-16:32:36.825422 7efee9b7b700                  Options.enable_thread_tracking: 0
2022/06/08-16:32:36.825423 7efee9b7b700                  Options.enable_pipelined_write: 0
2022/06/08-16:32:36.825423 7efee9b7b700         Options.allow_concurrent_memtable_write: 1
2022/06/08-16:32:36.825424 7efee9b7b700      Options.enable_write_thread_adaptive_yield: 1
2022/06/08-16:32:36.825425 7efee9b7b700             Options.write_thread_max_yield_usec: 100
2022/06/08-16:32:36.825426 7efee9b7b700            Options.write_thread_slow_yield_usec: 3
2022/06/08-16:32:36.825427 7efee9b7b700                               Options.row_cache: None
2022/06/08-16:32:36.825427 7efee9b7b700                              Options.wal_filter: None
2022/06/08-16:32:36.825428 7efee9b7b700             Options.avoid_flush_during_recovery: 0
2022/06/08-16:32:36.825429 7efee9b7b700             Options.allow_ingest_behind: 0
2022/06/08-16:32:36.825430 7efee9b7b700             Options.preserve_deletes: 0
2022/06/08-16:32:36.825431 7efee9b7b700             Options.two_write_queues: 0
2022/06/08-16:32:36.825432 7efee9b7b700             Options.manual_wal_flush: 0
2022/06/08-16:32:36.825433 7efee9b7b700             Options.max_background_jobs: 8
2022/06/08-16:32:36.825433 7efee9b7b700             Options.max_background_compactions: -1
2022/06/08-16:32:36.825434 7efee9b7b700             Options.avoid_flush_during_shutdown: 0
2022/06/08-16:32:36.825435 7efee9b7b700           Options.writable_file_max_buffer_size: 1048576
2022/06/08-16:32:36.825436 7efee9b7b700             Options.delayed_write_rate : 16777216
2022/06/08-16:32:36.825437 7efee9b7b700             Options.max_total_wal_size: 0
2022/06/08-16:32:36.825438 7efee9b7b700             Options.delete_obsolete_files_period_micros: 21600000000
2022/06/08-16:32:36.825438 7efee9b7b700                   Options.stats_dump_period_sec: 600
2022/06/08-16:32:36.825439 7efee9b7b700                          Options.max_open_files: -1
2022/06/08-16:32:36.825440 7efee9b7b700                          Options.bytes_per_sync: 0
2022/06/08-16:32:36.825441 7efee9b7b700                      Options.wal_bytes_per_sync: 0
2022/06/08-16:32:36.825442 7efee9b7b700       Options.compaction_readahead_size: 0
2022/06/08-16:32:36.825443 7efee9b7b700 Compression algorithms supported:
2022/06/08-16:32:36.825444 7efee9b7b700 	kZSTDNotFinalCompression supported: 1
2022/06/08-16:32:36.825445 7efee9b7b700 	kZSTD supported: 1
2022/06/08-16:32:36.825446 7efee9b7b700 	kXpressCompression supported: 0
2022/06/08-16:32:36.825447 7efee9b7b700 	kLZ4HCCompression supported: 1
2022/06/08-16:32:36.825448 7efee9b7b700 	kLZ4Compression supported: 1
2022/06/08-16:32:36.825449 7efee9b7b700 	kBZip2Compression supported: 1
2022/06/08-16:32:36.825450 7efee9b7b700 	kZlibCompression supported: 1
2022/06/08-16:32:36.825451 7efee9b7b700 	kSnappyCompression supported: 1
2022/06/08-16:32:36.825452 7efee9b7b700 Fast CRC32 supported: Not supported on x86
2022/06/08-16:32:36.825556 7efee9b7b700               Options.comparator: leveldb.BytewiseComparator
2022/06/08-16:32:36.825557 7efee9b7b700           Options.merge_operator: None
2022/06/08-16:32:36.825558 7efee9b7b700        Options.compaction_filter: None
2022/06/08-16:32:36.825559 7efee9b7b700        Options.compaction_filter_factory: None
2022/06/08-16:32:36.825560 7efee9b7b700         Options.memtable_factory: SkipListFactory
2022/06/08-16:32:36.825561 7efee9b7b700            Options.table_factory: BlockBasedTable
2022/06/08-16:32:36.825583 7efee9b7b700            table_factory options:   flush_block_policy_factory: FlushBlockBySizePolicyFactory (0x7efe9eed6080)
  cache_index_and_filter_blocks: 0
  cache_index_and_filter_blocks_with_high_priority: 0
  pin_l0_filter_and_index_blocks_in_cache: 0
  pin_top_level_index_and_filter: 1
  index_type: 0
  hash_index_allow_collision: 1
  checksum: 1
  no_block_cache: 0
  block_cache: 0x7efe9ee81280
  block_cache_name: LRUCache
  block_cache_options:
    capacity : 52428800
    num_shard_bits : 6
    strict_capacity_limit : 0
    memory_allocator : None
    high_pri_pool_ratio: 0.000
  block_cache_compressed: (nil)
  persistent_cache: (nil)
  block_size: 4096
  block_size_deviation: 10
  block_restart_interval: 16
  index_block_restart_interval: 1
  metadata_block_size: 4096
  partition_filters: 0
  use_delta_encoding: 1
  filter_policy: rocksdb.BuiltinBloomFilter
  whole_key_filtering: 1
  verify_compression: 0
  read_amp_bytes_per_bit: 0
  format_version: 0
  enable_index_compression: 1
  block_align: 0
2022/06/08-16:32:36.825588 7efee9b7b700        Options.write_buffer_size: 16777216
2022/06/08-16:32:36.825589 7efee9b7b700  Options.max_write_buffer_number: 3
2022/06/08-16:32:36.825591 7efee9b7b700          Options.compression: NoCompression
2022/06/08-16:32:36.825591 7efee9b7b700                  Options.bottommost_compression: Disabled
2022/06/08-16:32:36.825592 7efee9b7b700       Options.prefix_extractor: nullptr
2022/06/08-16:32:36.825593 7efee9b7b700   Options.memtable_insert_with_hint_prefix_extractor: nullptr
2022/06/08-16:32:36.825594 7efee9b7b700             Options.num_levels: 7
2022/06/08-16:32:36.825595 7efee9b7b700        Options.min_write_buffer_number_to_merge: 1
2022/06/08-16:32:36.825596 7efee9b7b700     Options.max_write_buffer_number_to_maintain: 0
2022/06/08-16:32:36.825596 7efee9b7b700            Options.bottommost_compression_opts.window_bits: -14
2022/06/08-16:32:36.825597 7efee9b7b700                  Options.bottommost_compression_opts.level: 32767
2022/06/08-16:32:36.825598 7efee9b7b700               Options.bottommost_compression_opts.strategy: 0
2022/06/08-16:32:36.825599 7efee9b7b700         Options.bottommost_compression_opts.max_dict_bytes: 0
2022/06/08-16:32:36.825600 7efee9b7b700         Options.bottommost_compression_opts.zstd_max_train_bytes: 0
2022/06/08-16:32:36.825601 7efee9b7b700                  Options.bottommost_compression_opts.enabled: false
2022/06/08-16:32:36.825602 7efee9b7b700            Options.compression_opts.window_bits: -14
2022/06/08-16:32:36.825603 7efee9b7b700                  Options.compression_opts.level: 32767
2022/06/08-16:32:36.825604 7efee9b7b700               Options.compression_opts.strategy: 0
2022/06/08-16:32:36.825604 7efee9b7b700         Options.compression_opts.max_dict_bytes: 0
2022/06/08-16:32:36.825605 7efee9b7b700         Options.compression_opts.zstd_max_train_bytes: 0
2022/06/08-16:32:36.825606 7efee9b7b700                  Options.compression_opts.enabled: false
2022/06/08-16:32:36.825607 7efee9b7b700      Options.level0_file_num_compaction_trigger: 4
2022/06/08-16:32:36.825608 7efee9b7b700          Options.level0_slowdown_writes_trigger: 20
2022/06/08-16:32:36.825609 7efee9b7b700              Options.level0_stop_writes_trigger: 36
2022/06/08-16:32:36.825609 7efee9b7b700                   Options.target_file_size_base: 67108864
2022/06/08-16:32:36.825610 7efee9b7b700             Options.target_file_size_multiplier: 1
2022/06/08-16:32:36.825611 7efee9b7b700                Options.max_bytes_for_level_base: 268435456
2022/06/08-16:32:36.825612 7efee9b7b700 Options.level_compaction_dynamic_level_bytes: 0
2022/06/08-16:32:36.825613 7efee9b7b700          Options.max_bytes_for_level_multiplier: 10.000000
2022/06/08-16:32:36.825615 7efee9b7b700 Options.max_bytes_for_level_multiplier_addtl[0]: 1
2022/06/08-16:32:36.825616 7efee9b7b700 Options.max_bytes_for_level_multiplier_addtl[1]: 1
2022/06/08-16:32:36.825617 7efee9b7b700 Options.max_bytes_for_level_multiplier_addtl[2]: 1
2022/06/08-16:32:36.825618 7efee9b7b700 Options.max_bytes_for_level_multiplier_addtl[3]: 1
2022/06/08-16:32:36.825618 7efee9b7b700 Options.max_bytes_for_level_multiplier_addtl[4]: 1
2022/06/08-16:32:36.825622 7efee9b7b700 Options.max_bytes_for_level_multiplier_addtl[5]: 1
2022/06/08-16:32:36.825623 7efee9b7b700 Options.max_bytes_for_level_multiplier_addtl[6]: 1
2022/06/08-16:32:36.825624 7efee9b7b700       Options.max_sequential_skip_in_iterations: 8
2022/06/08-16:32:36.825625 7efee9b7b700                    Options.max_compaction_bytes: 1677721600
2022/06/08-16:32:36.825626 7efee9b7b700                        Options.arena_block_size: 2097152
2022/06/08-16:32:36.825627 7efee9b7b700   Options.soft_pending_compaction_bytes_limit: 68719476736
2022/06/08-16:32:36.825628 7efee9b7b700   Options.hard_pending_compaction_bytes_limit: 274877906944
2022/06/08-16:32:36.825629 7efee9b7b700       Options.rate_limit_delay_max_milliseconds: 100
2022/06/08-16:32:36.825629 7efee9b7b700                Options.disable_auto_compactions: 0
2022/06/08-16:32:36.825631 7efee9b7b700                        Options.compaction_style: kCompactionStyleUniversal
2022/06/08-16:32:36.825632 7efee9b7b700                          Options.compaction_pri: kByCompensatedSize
2022/06/08-16:32:36.825633 7efee9b7b700 Options.compaction_options_universal.size_ratio: 1
2022/06/08-16:32:36.825634 7efee9b7b700 Options.compaction_options_universal.min_merge_width: 2
2022/06/08-16:32:36.825635 7efee9b7b700 Options.compaction_options_universal.max_merge_width: 4294967295
2022/06/08-16:32:36.825635 7efee9b7b700 Options.compaction_options_universal.max_size_amplification_percent: 200
2022/06/08-16:32:36.825636 7efee9b7b700 Options.compaction_options_universal.compression_size_percent: -1
2022/06/08-16:32:36.825637 7efee9b7b700 Options.compaction_options_universal.stop_style: kCompactionStopStyleTotalSize
2022/06/08-16:32:36.825638 7efee9b7b700 Options.compaction_options_fifo.max_table_files_size: 1073741824
2022/06/08-16:32:36.825639 7efee9b7b700 Options.compaction_options_fifo.allow_compaction: 0
2022/06/08-16:32:36.825640 7efee9b7b700 Options.compaction_options_fifo.ttl: 0
2022/06/08-16:32:36.825641 7efee9b7b700                   Options.table_properties_collectors: 
2022/06/08-16:32:36.825642 7efee9b7b700                   Options.inplace_update_support: 0
2022/06/08-16:32:36.825643 7efee9b7b700                 Options.inplace_update_num_locks: 10000
2022/06/08-16:32:36.825644 7efee9b7b700               Options.memtable_prefix_bloom_size_ratio: 0.000000
2022/06/08-16:32:36.825645 7efee9b7b700   Options.memtable_huge_page_size: 0
2022/06/08-16:32:36.825646 7efee9b7b700                           Options.bloom_locality: 0
2022/06/08-16:32:36.825646 7efee9b7b700                    Options.max_successive_merges: 0
2022/06/08-16:32:36.825647 7efee9b7b700                Options.optimize_filters_for_hits: 0
2022/06/08-16:32:36.825648 7efee9b7b700                Options.paranoid_file_checks: 0
2022/06/08-16:32:36.825649 7efee9b7b700                Options.force_consistency_checks: 0
2022/06/08-16:32:36.825650 7efee9b7b700                Options.report_bg_io_stats: 0
2022/06/08-16:32:36.825651 7efee9b7b700                               Options.ttl: 0
2022/06/08-16:32:36.835470 7efee9b7b700               Options.comparator: leveldb.BytewiseComparator
2022/06/08-16:32:36.835475 7efee9b7b700           Options.merge_operator: None
2022/06/08-16:32:36.835476 7efee9b7b700        Options.compaction_filter: None
2022/06/08-16:32:36.835477 7efee9b7b700        Options.compaction_filter_factory: None
2022/06/08-16:32:36.835478 7efee9b7b700         Options.memtable_factory: SkipListFactory
2022/06/08-16:32:36.835479 7efee9b7b700            Options.table_factory: BlockBasedTable
2022/06/08-16:32:36.835504 7efee9b7b700            table_factory options:   flush_block_policy_factory: FlushBlockBySizePolicyFactory (0x7efe9eed6080)
  cache_index_and_filter_blocks: 0
  cache_index_and_filter_blocks_with_high_priority: 0
  pin_l0_filter_and_index_blocks_in_cache: 0
  pin_top_level_index_and_filter: 1
  index_type: 0
  hash_index_allow_collision: 1
  checksum: 1
  no_block_cache: 0
  block_cache: 0x7efe9ee81280
  block_cache_name: LRUCache
  block_cache_options:
    capacity : 52428800
    num_shard_bits : 6
    strict_capacity_limit : 0
    memory_allocator : None
    high_pri_pool_ratio: 0.000
  block_cache_compressed: (nil)
  persistent_cache: (nil)
  block_size: 4096
  block_size_deviation: 10
  block_restart_interval: 16
  index_block_restart_interval: 1
  metadata_block_size: 4096
  partition_filters: 0
  use_delta_encoding: 1
  filter_policy: rocksdb.BuiltinBloomFilter
  whole_key_filtering: 1
  verify_compression: 0
  read_amp_bytes_per_bit: 0
  format_version: 0
  enable_index_compression: 1
  block_align: 0
2022/06/08-16:32:36.835506 7efee9b7b700        Options.write_buffer_size: 16777216
2022/06/08-16:32:36.835507 7efee9b7b700  Options.max_write_buffer_number: 3
2022/06/08-16:32:36.835508 7efee9b7b700          Options.compression: NoCompression
2022/06/08-16:32:36.835509 7efee9b7b700                  Options.bottommost_compression: Disabled
2022/06/08-16:32:36.835510 7efee9b7b700       Options.prefix_extractor: nullptr
2022/06/08-16:32:36.835511 7efee9b7b700   Options.memtable_insert_with_hint_prefix_extractor: nullptr
2022/06/08-16:32:36.835512 7efee9b7b700             Options.num_levels: 7
2022/06/08-16:32:36.835513 7efee9b7b700        Options.min_write_buffer_number_to_merge: 1
2022/06/08-16:32:36.835513 7efee9b7b700     Options.max_write_buffer_number_to_maintain: 0
2022/06/08-16:32:36.835514 7efee9b7b700            Options.bottommost_compression_opts.window_bits: -14
2022/06/08-16:32:36.835515 7efee9b7b700                  Options.bottommost_compression_opts.level: 32767
2022/06/08-16:32:36.835516 7efee9b7b700               Options.bottommost_compression_opts.strategy: 0
2022/06/08-16:32:36.835517 7efee9b7b700         Options.bottommost_compression_opts.max_dict_bytes: 0
2022/06/08-16:32:36.835518 7efee9b7b700         Options.bottommost_compression_opts.zstd_max_train_bytes: 0
2022/06/08-16:32:36.835519 7efee9b7b700                  Options.bottommost_compression_opts.enabled: false
2022/06/08-16:32:36.835520 7efee9b7b700            Options.compression_opts.window_bits: -14
2022/06/08-16:32:36.835520 7efee9b7b700                  Options.compression_opts.level: 32767
2022/06/08-16:32:36.835521 7efee9b7b700               Options.compression_opts.strategy: 0
2022/06/08-16:32:36.835522 7efee9b7b700         Options.compression_opts.max_dict_bytes: 0
2022/06/08-16:32:36.835523 7efee9b7b700         Options.compression_opts.zstd_max_train_bytes: 0
2022/06/08-16:32:36.835523 7efee9b7b700                  Options.compression_opts.enabled: false
2022/06/08-16:32:36.835524 7efee9b7b700      Options.level0_file_num_compaction_trigger: 4
2022/06/08-16:32:36.835525 7efee9b7b700          Options.level0_slowdown_writes_trigger: 20
2022/06/08-16:32:36.835526 7efee9b7b700              Options.level0_stop_writes_trigger: 36
2022/06/08-16:32:36.835526 7efee9b7b700                   Options.target_file_size_base: 67108864
2022/06/08-16:32:36.835527 7efee9b7b700             Options.target_file_size_multiplier: 1
2022/06/08-16:32:36.835528 7efee9b7b700                Options.max_bytes_for_level_base: 268435456
2022/06/08-16:32:36.835539 7efee9b7b700 Options.level_compaction_dynamic_level_bytes: 0
2022/06/08-16:32:36.835540 7efee9b7b700          Options.max_bytes_for_level_multiplier: 10.000000
2022/06/08-16:32:36.835542 7efee9b7b700 Options.max_bytes_for_level_multiplier_addtl[0]: 1
2022/06/08-16:32:36.835543 7efee9b7b700 Options.max_bytes_for_level_multiplier_addtl[1]: 1
2022/06/08-16:32:36.835544 7efee9b7b700 Options.max_bytes_for_level_multiplier_addtl[2]: 1
2022/06/08-16:32:36.835544 7efee9b7b700 Options.max_bytes_for_level_multiplier_addtl[3]: 1
2022/06/08-16:32:36.835545 7efee9b7b700 Options.max_bytes_for_level_multiplier_addtl[4]: 1
2022/06/08-16:32:36.835546 7efee9b7b700 Options.max_bytes_for_level_multiplier_addtl[5]: 1
2022/06/08-16:32:36.835547 7efee9b7b700 Options.max_bytes_for_level_multiplier_addtl[6]: 1
2022/06/08-16:32:36.835548 7efee9b7b700       Options.max_sequential_skip_in_iterations: 8
2022/06/08-16:32:36.835548 7efee9b7b700                    Options.max_compaction_bytes: 1677721600
2022/06/08-16:32:36.835560 7efee9b7b700                        Options.arena_block_size: 2097152
2022/06/08-16:32:36.835561 7efee9b7b700   Options.soft_pending_compaction_bytes_limit: 68719476736
2022/06/08-16:32:36.835561 7efee9b7b700   Options.hard_pending_compaction_bytes_limit: 274877906944
2022/06/08-16:32:36.835562 7efee9b7b700       Options.rate_limit_delay_max_milliseconds: 100
2022/06/08-16:32:36.835563 7efee9b7b700                Options.disable_auto_compactions: 0
2022/06/08-16:32:36.835564 7efee9b7b700                        Options.compaction_style: kCompactionStyleUniversal
2022/06/08-16:32:36.835565 7efee9b7b700                          Options.compaction_pri: kByCompensatedSize
2022/06/08-16:32:36.835566 7efee9b7b700 Options.compaction_options_universal.size_ratio: 1
2022/06/08-16:32:36.835567 7efee9b7b700 Options.compaction_options_universal.min_merge_width: 2
2022/06/08-16:32:36.835568 7efee9b7b700 Options.compaction_options_universal.max_merge_width: 4294967295
2022/06/08-16:32:36.835569 7efee9b7b700 Options.compaction_options_universal.max_size_amplification_percent: 200
2022/06/08-16:32:36.835570 7efee9b7b700 Options.compaction_options_universal.compression_size_percent: -1
2022/06/08-16:32:36.835571 7efee9b7b700 Options.compaction_options_universal.stop_style: kCompactionStopStyleTotalSize
2022/06/08-16:32:36.835572 7efee9b7b700 Options.compaction_options_fifo.max_table_files_size: 1073741824
2022/06/08-16:32:36.835573 7efee9b7b700 Options.compaction_options_fifo.allow_compaction: 0
2022/06/08-16:32:36.835573 7efee9b7b700 Options.compaction_options_fifo.ttl: 0
2022/06/08-16:32:36.835574 7efee9b7b700                   Options.table_properties_collectors: 
2022/06/08-16:32:36.835575 7efee9b7b700                   Options.inplace_update_support: 0
2022/06/08-16:32:36.835576 7efee9b7b700                 Options.inplace_update_num_locks: 10000
2022/06/08-16:32:36.835577 7efee9b7b700               Options.memtable_prefix_bloom_size_ratio: 0.000000
2022/06/08-16:32:36.835578 7efee9b7b700   Options.memtable_huge_page_size: 0
2022/06/08-16:32:36.835579 7efee9b7b700                           Options.bloom_locality: 0
2022/06/08-16:32:36.835580 7efee9b7b700                    Options.max_successive_merges: 0
2022/06/08-16:32:36.835580 7efee9b7b700                Options.optimize_filters_for_hits: 0
2022/06/08-16:32:36.835581 7efee9b7b700                Options.paranoid_file_checks: 0
2022/06/08-16:32:36.835582 7efee9b7b700                Options.force_consistency_checks: 0
2022/06/08-16:32:36.835583 7efee9b7b700                Options.report_bg_io_stats: 0
2022/06/08-16:32:36.835584 7efee9b7b700                               Options.ttl: 0
