2022/06/10-16:39:29.013975 7f9e4017b700 RocksDB version: 5.18.4
2022/06/10-16:39:29.013999 7f9e4017b700 Git sha rocksdb_build_git_sha:
2022/06/10-16:39:29.014000 7f9e4017b700 Compile date Mar 11 2020
2022/06/10-16:39:29.014001 7f9e4017b700 DB SUMMARY
2022/06/10-16:39:29.014017 7f9e4017b700 CURRENT file:  CURRENT
2022/06/10-16:39:29.014018 7f9e4017b700 IDENTITY file:  IDENTITY
2022/06/10-16:39:29.014020 7f9e4017b700 MANIFEST file:  MANIFEST-000001 size: 13 Bytes
2022/06/10-16:39:29.014021 7f9e4017b700 SST files in /home/ANT.AMAZON.COM/stefler/Documents/university/cloud-services/WikipediaStats/src/streams/./local-streams/kafka-streams-wiki/31_3/rocksdb/day-per-language-active-pages dir, Total Num: 0, files: 
2022/06/10-16:39:29.014022 7f9e4017b700 Write Ahead Log file in /home/ANT.AMAZON.COM/stefler/Documents/university/cloud-services/WikipediaStats/src/streams/./local-streams/kafka-streams-wiki/31_3/rocksdb/day-per-language-active-pages: 000003.log size: 0 ; 
2022/06/10-16:39:29.014023 7f9e4017b700                         Options.error_if_exists: 0
2022/06/10-16:39:29.014024 7f9e4017b700                       Options.create_if_missing: 1
2022/06/10-16:39:29.014025 7f9e4017b700                         Options.paranoid_checks: 1
2022/06/10-16:39:29.014025 7f9e4017b700                                     Options.env: 0x7f9de62e6fa0
2022/06/10-16:39:29.014026 7f9e4017b700                                Options.info_log: 0x7f9de210f770
2022/06/10-16:39:29.014027 7f9e4017b700                Options.max_file_opening_threads: 16
2022/06/10-16:39:29.014027 7f9e4017b700                              Options.statistics: (nil)
2022/06/10-16:39:29.014028 7f9e4017b700                               Options.use_fsync: 0
2022/06/10-16:39:29.014029 7f9e4017b700                       Options.max_log_file_size: 0
2022/06/10-16:39:29.014029 7f9e4017b700                  Options.max_manifest_file_size: 1073741824
2022/06/10-16:39:29.014030 7f9e4017b700                   Options.log_file_time_to_roll: 0
2022/06/10-16:39:29.014031 7f9e4017b700                       Options.keep_log_file_num: 1000
2022/06/10-16:39:29.014031 7f9e4017b700                    Options.recycle_log_file_num: 0
2022/06/10-16:39:29.014032 7f9e4017b700                         Options.allow_fallocate: 1
2022/06/10-16:39:29.014033 7f9e4017b700                        Options.allow_mmap_reads: 0
2022/06/10-16:39:29.014034 7f9e4017b700                       Options.allow_mmap_writes: 0
2022/06/10-16:39:29.014035 7f9e4017b700                        Options.use_direct_reads: 0
2022/06/10-16:39:29.014036 7f9e4017b700                        Options.use_direct_io_for_flush_and_compaction: 0
2022/06/10-16:39:29.014037 7f9e4017b700          Options.create_missing_column_families: 0
2022/06/10-16:39:29.014038 7f9e4017b700                              Options.db_log_dir: 
2022/06/10-16:39:29.014039 7f9e4017b700                                 Options.wal_dir: /home/ANT.AMAZON.COM/stefler/Documents/university/cloud-services/WikipediaStats/src/streams/./local-streams/kafka-streams-wiki/31_3/rocksdb/day-per-language-active-pages
2022/06/10-16:39:29.014040 7f9e4017b700                Options.table_cache_numshardbits: 6
2022/06/10-16:39:29.014041 7f9e4017b700                      Options.max_subcompactions: 1
2022/06/10-16:39:29.014041 7f9e4017b700                  Options.max_background_flushes: -1
2022/06/10-16:39:29.014042 7f9e4017b700                         Options.WAL_ttl_seconds: 0
2022/06/10-16:39:29.014043 7f9e4017b700                       Options.WAL_size_limit_MB: 0
2022/06/10-16:39:29.014044 7f9e4017b700             Options.manifest_preallocation_size: 4194304
2022/06/10-16:39:29.014045 7f9e4017b700                     Options.is_fd_close_on_exec: 1
2022/06/10-16:39:29.014046 7f9e4017b700                   Options.advise_random_on_open: 1
2022/06/10-16:39:29.014047 7f9e4017b700                    Options.db_write_buffer_size: 0
2022/06/10-16:39:29.014048 7f9e4017b700                    Options.write_buffer_manager: 0x7f9de20ff470
2022/06/10-16:39:29.014049 7f9e4017b700         Options.access_hint_on_compaction_start: 1
2022/06/10-16:39:29.014049 7f9e4017b700  Options.new_table_reader_for_compaction_inputs: 0
2022/06/10-16:39:29.014057 7f9e4017b700           Options.random_access_max_buffer_size: 1048576
2022/06/10-16:39:29.014058 7f9e4017b700                      Options.use_adaptive_mutex: 0
2022/06/10-16:39:29.014059 7f9e4017b700                            Options.rate_limiter: (nil)
2022/06/10-16:39:29.014060 7f9e4017b700     Options.sst_file_manager.rate_bytes_per_sec: 0
2022/06/10-16:39:29.014061 7f9e4017b700                       Options.wal_recovery_mode: 2
2022/06/10-16:39:29.014062 7f9e4017b700                  Options.enable_thread_tracking: 0
2022/06/10-16:39:29.014064 7f9e4017b700                  Options.enable_pipelined_write: 0
2022/06/10-16:39:29.014065 7f9e4017b700         Options.allow_concurrent_memtable_write: 1
2022/06/10-16:39:29.014065 7f9e4017b700      Options.enable_write_thread_adaptive_yield: 1
2022/06/10-16:39:29.014066 7f9e4017b700             Options.write_thread_max_yield_usec: 100
2022/06/10-16:39:29.014067 7f9e4017b700            Options.write_thread_slow_yield_usec: 3
2022/06/10-16:39:29.014067 7f9e4017b700                               Options.row_cache: None
2022/06/10-16:39:29.014068 7f9e4017b700                              Options.wal_filter: None
2022/06/10-16:39:29.014069 7f9e4017b700             Options.avoid_flush_during_recovery: 0
2022/06/10-16:39:29.014069 7f9e4017b700             Options.allow_ingest_behind: 0
2022/06/10-16:39:29.014070 7f9e4017b700             Options.preserve_deletes: 0
2022/06/10-16:39:29.014070 7f9e4017b700             Options.two_write_queues: 0
2022/06/10-16:39:29.014071 7f9e4017b700             Options.manual_wal_flush: 0
2022/06/10-16:39:29.014072 7f9e4017b700             Options.max_background_jobs: 8
2022/06/10-16:39:29.014072 7f9e4017b700             Options.max_background_compactions: -1
2022/06/10-16:39:29.014073 7f9e4017b700             Options.avoid_flush_during_shutdown: 0
2022/06/10-16:39:29.014073 7f9e4017b700           Options.writable_file_max_buffer_size: 1048576
2022/06/10-16:39:29.014074 7f9e4017b700             Options.delayed_write_rate : 16777216
2022/06/10-16:39:29.014075 7f9e4017b700             Options.max_total_wal_size: 0
2022/06/10-16:39:29.014075 7f9e4017b700             Options.delete_obsolete_files_period_micros: 21600000000
2022/06/10-16:39:29.014076 7f9e4017b700                   Options.stats_dump_period_sec: 600
2022/06/10-16:39:29.014076 7f9e4017b700                          Options.max_open_files: -1
2022/06/10-16:39:29.014077 7f9e4017b700                          Options.bytes_per_sync: 0
2022/06/10-16:39:29.014078 7f9e4017b700                      Options.wal_bytes_per_sync: 0
2022/06/10-16:39:29.014078 7f9e4017b700       Options.compaction_readahead_size: 0
2022/06/10-16:39:29.014079 7f9e4017b700 Compression algorithms supported:
2022/06/10-16:39:29.014080 7f9e4017b700 	kZSTDNotFinalCompression supported: 1
2022/06/10-16:39:29.014081 7f9e4017b700 	kZSTD supported: 1
2022/06/10-16:39:29.014082 7f9e4017b700 	kXpressCompression supported: 0
2022/06/10-16:39:29.014083 7f9e4017b700 	kLZ4HCCompression supported: 1
2022/06/10-16:39:29.014084 7f9e4017b700 	kLZ4Compression supported: 1
2022/06/10-16:39:29.014085 7f9e4017b700 	kBZip2Compression supported: 1
2022/06/10-16:39:29.014085 7f9e4017b700 	kZlibCompression supported: 1
2022/06/10-16:39:29.014086 7f9e4017b700 	kSnappyCompression supported: 1
2022/06/10-16:39:29.014087 7f9e4017b700 Fast CRC32 supported: Not supported on x86
2022/06/10-16:39:29.014182 7f9e4017b700               Options.comparator: leveldb.BytewiseComparator
2022/06/10-16:39:29.014183 7f9e4017b700           Options.merge_operator: None
2022/06/10-16:39:29.014183 7f9e4017b700        Options.compaction_filter: None
2022/06/10-16:39:29.014184 7f9e4017b700        Options.compaction_filter_factory: None
2022/06/10-16:39:29.014185 7f9e4017b700         Options.memtable_factory: SkipListFactory
2022/06/10-16:39:29.014185 7f9e4017b700            Options.table_factory: BlockBasedTable
2022/06/10-16:39:29.014205 7f9e4017b700            table_factory options:   flush_block_policy_factory: FlushBlockBySizePolicyFactory (0x7f9de20ff2a0)
  cache_index_and_filter_blocks: 0
  cache_index_and_filter_blocks_with_high_priority: 0
  pin_l0_filter_and_index_blocks_in_cache: 0
  pin_top_level_index_and_filter: 1
  index_type: 0
  hash_index_allow_collision: 1
  checksum: 1
  no_block_cache: 0
  block_cache: 0x7f9de2142690
  block_cache_name: LRUCache
  block_cache_options:
    capacity : 52428800
    num_shard_bits : 6
    strict_capacity_limit : 0
    memory_allocator : None
    high_pri_pool_ratio: 0.000
  block_cache_compressed: (nil)
  persistent_cache: (nil)
  block_size: 4096
  block_size_deviation: 10
  block_restart_interval: 16
  index_block_restart_interval: 1
  metadata_block_size: 4096
  partition_filters: 0
  use_delta_encoding: 1
  filter_policy: rocksdb.BuiltinBloomFilter
  whole_key_filtering: 1
  verify_compression: 0
  read_amp_bytes_per_bit: 0
  format_version: 0
  enable_index_compression: 1
  block_align: 0
2022/06/10-16:39:29.014212 7f9e4017b700        Options.write_buffer_size: 16777216
2022/06/10-16:39:29.014213 7f9e4017b700  Options.max_write_buffer_number: 3
2022/06/10-16:39:29.014214 7f9e4017b700          Options.compression: NoCompression
2022/06/10-16:39:29.014214 7f9e4017b700                  Options.bottommost_compression: Disabled
2022/06/10-16:39:29.014215 7f9e4017b700       Options.prefix_extractor: nullptr
2022/06/10-16:39:29.014216 7f9e4017b700   Options.memtable_insert_with_hint_prefix_extractor: nullptr
2022/06/10-16:39:29.014217 7f9e4017b700             Options.num_levels: 7
2022/06/10-16:39:29.014217 7f9e4017b700        Options.min_write_buffer_number_to_merge: 1
2022/06/10-16:39:29.014218 7f9e4017b700     Options.max_write_buffer_number_to_maintain: 0
2022/06/10-16:39:29.014218 7f9e4017b700            Options.bottommost_compression_opts.window_bits: -14
2022/06/10-16:39:29.014219 7f9e4017b700                  Options.bottommost_compression_opts.level: 32767
2022/06/10-16:39:29.014220 7f9e4017b700               Options.bottommost_compression_opts.strategy: 0
2022/06/10-16:39:29.014220 7f9e4017b700         Options.bottommost_compression_opts.max_dict_bytes: 0
2022/06/10-16:39:29.014221 7f9e4017b700         Options.bottommost_compression_opts.zstd_max_train_bytes: 0
2022/06/10-16:39:29.014221 7f9e4017b700                  Options.bottommost_compression_opts.enabled: false
2022/06/10-16:39:29.014222 7f9e4017b700            Options.compression_opts.window_bits: -14
2022/06/10-16:39:29.014223 7f9e4017b700                  Options.compression_opts.level: 32767
2022/06/10-16:39:29.014223 7f9e4017b700               Options.compression_opts.strategy: 0
2022/06/10-16:39:29.014224 7f9e4017b700         Options.compression_opts.max_dict_bytes: 0
2022/06/10-16:39:29.014225 7f9e4017b700         Options.compression_opts.zstd_max_train_bytes: 0
2022/06/10-16:39:29.014225 7f9e4017b700                  Options.compression_opts.enabled: false
2022/06/10-16:39:29.014226 7f9e4017b700      Options.level0_file_num_compaction_trigger: 4
2022/06/10-16:39:29.014226 7f9e4017b700          Options.level0_slowdown_writes_trigger: 20
2022/06/10-16:39:29.014227 7f9e4017b700              Options.level0_stop_writes_trigger: 36
2022/06/10-16:39:29.014227 7f9e4017b700                   Options.target_file_size_base: 67108864
2022/06/10-16:39:29.014228 7f9e4017b700             Options.target_file_size_multiplier: 1
2022/06/10-16:39:29.014229 7f9e4017b700                Options.max_bytes_for_level_base: 268435456
2022/06/10-16:39:29.014229 7f9e4017b700 Options.level_compaction_dynamic_level_bytes: 0
2022/06/10-16:39:29.014230 7f9e4017b700          Options.max_bytes_for_level_multiplier: 10.000000
2022/06/10-16:39:29.014232 7f9e4017b700 Options.max_bytes_for_level_multiplier_addtl[0]: 1
2022/06/10-16:39:29.014233 7f9e4017b700 Options.max_bytes_for_level_multiplier_addtl[1]: 1
2022/06/10-16:39:29.014233 7f9e4017b700 Options.max_bytes_for_level_multiplier_addtl[2]: 1
2022/06/10-16:39:29.014234 7f9e4017b700 Options.max_bytes_for_level_multiplier_addtl[3]: 1
2022/06/10-16:39:29.014234 7f9e4017b700 Options.max_bytes_for_level_multiplier_addtl[4]: 1
2022/06/10-16:39:29.014238 7f9e4017b700 Options.max_bytes_for_level_multiplier_addtl[5]: 1
2022/06/10-16:39:29.014239 7f9e4017b700 Options.max_bytes_for_level_multiplier_addtl[6]: 1
2022/06/10-16:39:29.014240 7f9e4017b700       Options.max_sequential_skip_in_iterations: 8
2022/06/10-16:39:29.014240 7f9e4017b700                    Options.max_compaction_bytes: 1677721600
2022/06/10-16:39:29.014241 7f9e4017b700                        Options.arena_block_size: 2097152
2022/06/10-16:39:29.014242 7f9e4017b700   Options.soft_pending_compaction_bytes_limit: 68719476736
2022/06/10-16:39:29.014242 7f9e4017b700   Options.hard_pending_compaction_bytes_limit: 274877906944
2022/06/10-16:39:29.014243 7f9e4017b700       Options.rate_limit_delay_max_milliseconds: 100
2022/06/10-16:39:29.014243 7f9e4017b700                Options.disable_auto_compactions: 0
2022/06/10-16:39:29.014244 7f9e4017b700                        Options.compaction_style: kCompactionStyleUniversal
2022/06/10-16:39:29.014246 7f9e4017b700                          Options.compaction_pri: kByCompensatedSize
2022/06/10-16:39:29.014246 7f9e4017b700 Options.compaction_options_universal.size_ratio: 1
2022/06/10-16:39:29.014247 7f9e4017b700 Options.compaction_options_universal.min_merge_width: 2
2022/06/10-16:39:29.014247 7f9e4017b700 Options.compaction_options_universal.max_merge_width: 4294967295
2022/06/10-16:39:29.014248 7f9e4017b700 Options.compaction_options_universal.max_size_amplification_percent: 200
2022/06/10-16:39:29.014249 7f9e4017b700 Options.compaction_options_universal.compression_size_percent: -1
2022/06/10-16:39:29.014250 7f9e4017b700 Options.compaction_options_universal.stop_style: kCompactionStopStyleTotalSize
2022/06/10-16:39:29.014250 7f9e4017b700 Options.compaction_options_fifo.max_table_files_size: 1073741824
2022/06/10-16:39:29.014251 7f9e4017b700 Options.compaction_options_fifo.allow_compaction: 0
2022/06/10-16:39:29.014252 7f9e4017b700 Options.compaction_options_fifo.ttl: 0
2022/06/10-16:39:29.014252 7f9e4017b700                   Options.table_properties_collectors: 
2022/06/10-16:39:29.014253 7f9e4017b700                   Options.inplace_update_support: 0
2022/06/10-16:39:29.014253 7f9e4017b700                 Options.inplace_update_num_locks: 10000
2022/06/10-16:39:29.014254 7f9e4017b700               Options.memtable_prefix_bloom_size_ratio: 0.000000
2022/06/10-16:39:29.014255 7f9e4017b700   Options.memtable_huge_page_size: 0
2022/06/10-16:39:29.014256 7f9e4017b700                           Options.bloom_locality: 0
2022/06/10-16:39:29.014256 7f9e4017b700                    Options.max_successive_merges: 0
2022/06/10-16:39:29.014257 7f9e4017b700                Options.optimize_filters_for_hits: 0
2022/06/10-16:39:29.014257 7f9e4017b700                Options.paranoid_file_checks: 0
2022/06/10-16:39:29.014258 7f9e4017b700                Options.force_consistency_checks: 0
2022/06/10-16:39:29.014258 7f9e4017b700                Options.report_bg_io_stats: 0
2022/06/10-16:39:29.014259 7f9e4017b700                               Options.ttl: 0
2022/06/10-16:39:29.025956 7f9e4017b700               Options.comparator: leveldb.BytewiseComparator
2022/06/10-16:39:29.025963 7f9e4017b700           Options.merge_operator: None
2022/06/10-16:39:29.025965 7f9e4017b700        Options.compaction_filter: None
2022/06/10-16:39:29.025966 7f9e4017b700        Options.compaction_filter_factory: None
2022/06/10-16:39:29.025967 7f9e4017b700         Options.memtable_factory: SkipListFactory
2022/06/10-16:39:29.025968 7f9e4017b700            Options.table_factory: BlockBasedTable
2022/06/10-16:39:29.026001 7f9e4017b700            table_factory options:   flush_block_policy_factory: FlushBlockBySizePolicyFactory (0x7f9de20ff2a0)
  cache_index_and_filter_blocks: 0
  cache_index_and_filter_blocks_with_high_priority: 0
  pin_l0_filter_and_index_blocks_in_cache: 0
  pin_top_level_index_and_filter: 1
  index_type: 0
  hash_index_allow_collision: 1
  checksum: 1
  no_block_cache: 0
  block_cache: 0x7f9de2142690
  block_cache_name: LRUCache
  block_cache_options:
    capacity : 52428800
    num_shard_bits : 6
    strict_capacity_limit : 0
    memory_allocator : None
    high_pri_pool_ratio: 0.000
  block_cache_compressed: (nil)
  persistent_cache: (nil)
  block_size: 4096
  block_size_deviation: 10
  block_restart_interval: 16
  index_block_restart_interval: 1
  metadata_block_size: 4096
  partition_filters: 0
  use_delta_encoding: 1
  filter_policy: rocksdb.BuiltinBloomFilter
  whole_key_filtering: 1
  verify_compression: 0
  read_amp_bytes_per_bit: 0
  format_version: 0
  enable_index_compression: 1
  block_align: 0
2022/06/10-16:39:29.026005 7f9e4017b700        Options.write_buffer_size: 16777216
2022/06/10-16:39:29.026006 7f9e4017b700  Options.max_write_buffer_number: 3
2022/06/10-16:39:29.026008 7f9e4017b700          Options.compression: NoCompression
2022/06/10-16:39:29.026009 7f9e4017b700                  Options.bottommost_compression: Disabled
2022/06/10-16:39:29.026010 7f9e4017b700       Options.prefix_extractor: nullptr
2022/06/10-16:39:29.026011 7f9e4017b700   Options.memtable_insert_with_hint_prefix_extractor: nullptr
2022/06/10-16:39:29.026012 7f9e4017b700             Options.num_levels: 7
2022/06/10-16:39:29.026014 7f9e4017b700        Options.min_write_buffer_number_to_merge: 1
2022/06/10-16:39:29.026015 7f9e4017b700     Options.max_write_buffer_number_to_maintain: 0
2022/06/10-16:39:29.026016 7f9e4017b700            Options.bottommost_compression_opts.window_bits: -14
2022/06/10-16:39:29.026017 7f9e4017b700                  Options.bottommost_compression_opts.level: 32767
2022/06/10-16:39:29.026018 7f9e4017b700               Options.bottommost_compression_opts.strategy: 0
2022/06/10-16:39:29.026019 7f9e4017b700         Options.bottommost_compression_opts.max_dict_bytes: 0
2022/06/10-16:39:29.026021 7f9e4017b700         Options.bottommost_compression_opts.zstd_max_train_bytes: 0
2022/06/10-16:39:29.026022 7f9e4017b700                  Options.bottommost_compression_opts.enabled: false
2022/06/10-16:39:29.026023 7f9e4017b700            Options.compression_opts.window_bits: -14
2022/06/10-16:39:29.026024 7f9e4017b700                  Options.compression_opts.level: 32767
2022/06/10-16:39:29.026025 7f9e4017b700               Options.compression_opts.strategy: 0
2022/06/10-16:39:29.026027 7f9e4017b700         Options.compression_opts.max_dict_bytes: 0
2022/06/10-16:39:29.026028 7f9e4017b700         Options.compression_opts.zstd_max_train_bytes: 0
2022/06/10-16:39:29.026029 7f9e4017b700                  Options.compression_opts.enabled: false
2022/06/10-16:39:29.026029 7f9e4017b700      Options.level0_file_num_compaction_trigger: 4
2022/06/10-16:39:29.026030 7f9e4017b700          Options.level0_slowdown_writes_trigger: 20
2022/06/10-16:39:29.026030 7f9e4017b700              Options.level0_stop_writes_trigger: 36
2022/06/10-16:39:29.026031 7f9e4017b700                   Options.target_file_size_base: 67108864
2022/06/10-16:39:29.026032 7f9e4017b700             Options.target_file_size_multiplier: 1
2022/06/10-16:39:29.026032 7f9e4017b700                Options.max_bytes_for_level