2022/06/12-10:59:19.905720 7f07773f9700 RocksDB version: 5.18.4
2022/06/12-10:59:19.905746 7f07773f9700 Git sha rocksdb_build_git_sha:
2022/06/12-10:59:19.905747 7f07773f9700 Compile date Mar 11 2020
2022/06/12-10:59:19.905748 7f07773f9700 DB SUMMARY
2022/06/12-10:59:19.905763 7f07773f9700 CURRENT file:  CURRENT
2022/06/12-10:59:19.905764 7f07773f9700 IDENTITY file:  IDENTITY
2022/06/12-10:59:19.905767 7f07773f9700 MANIFEST file:  MANIFEST-000001 size: 13 Bytes
2022/06/12-10:59:19.905768 7f07773f9700 SST files in /home/ANT.AMAZON.COM/stefler/Documents/university/cloud-services/WikipediaStats/src/streams/./local-streams/kafka-streams-wiki/2_2/rocksdb/week-all-countPagesCreated dir, Total Num: 0, files: 
2022/06/12-10:59:19.905770 7f07773f9700 Write Ahead Log file in /home/ANT.AMAZON.COM/stefler/Documents/university/cloud-services/WikipediaStats/src/streams/./local-streams/kafka-streams-wiki/2_2/rocksdb/week-all-countPagesCreated: 000003.log size: 0 ; 
2022/06/12-10:59:19.905771 7f07773f9700                         Options.error_if_exists: 0
2022/06/12-10:59:19.905772 7f07773f9700                       Options.create_if_missing: 1
2022/06/12-10:59:19.905773 7f07773f9700                         Options.paranoid_checks: 1
2022/06/12-10:59:19.905774 7f07773f9700                                     Options.env: 0x7f0775d39fa0
2022/06/12-10:59:19.905775 7f07773f9700                                Options.info_log: 0x7f07642ea6b0
2022/06/12-10:59:19.905776 7f07773f9700                Options.max_file_opening_threads: 16
2022/06/12-10:59:19.905776 7f07773f9700                              Options.statistics: (nil)
2022/06/12-10:59:19.905777 7f07773f9700                               Options.use_fsync: 0
2022/06/12-10:59:19.905778 7f07773f9700                       Options.max_log_file_size: 0
2022/06/12-10:59:19.905779 7f07773f9700                  Options.max_manifest_file_size: 1073741824
2022/06/12-10:59:19.905779 7f07773f9700                   Options.log_file_time_to_roll: 0
2022/06/12-10:59:19.905780 7f07773f9700                       Options.keep_log_file_num: 1000
2022/06/12-10:59:19.905781 7f07773f9700                    Options.recycle_log_file_num: 0
2022/06/12-10:59:19.905782 7f07773f9700                         Options.allow_fallocate: 1
2022/06/12-10:59:19.905783 7f07773f9700                        Options.allow_mmap_reads: 0
2022/06/12-10:59:19.905783 7f07773f9700                       Options.allow_mmap_writes: 0
2022/06/12-10:59:19.905784 7f07773f9700                        Options.use_direct_reads: 0
2022/06/12-10:59:19.905785 7f07773f9700                        Options.use_direct_io_for_flush_and_compaction: 0
2022/06/12-10:59:19.905786 7f07773f9700          Options.create_missing_column_families: 0
2022/06/12-10:59:19.905786 7f07773f9700                              Options.db_log_dir: 
2022/06/12-10:59:19.905787 7f07773f9700                                 Options.wal_dir: /home/ANT.AMAZON.COM/stefler/Documents/university/cloud-services/WikipediaStats/src/streams/./local-streams/kafka-streams-wiki/2_2/rocksdb/week-all-countPagesCreated
2022/06/12-10:59:19.905788 7f07773f9700                Options.table_cache_numshardbits: 6
2022/06/12-10:59:19.905789 7f07773f9700                      Options.max_subcompactions: 1
2022/06/12-10:59:19.905790 7f07773f9700                  Options.max_background_flushes: -1
2022/06/12-10:59:19.905790 7f07773f9700                         Options.WAL_ttl_seconds: 0
2022/06/12-10:59:19.905791 7f07773f9700                       Options.WAL_size_limit_MB: 0
2022/06/12-10:59:19.905792 7f07773f9700             Options.manifest_preallocation_size: 4194304
2022/06/12-10:59:19.905793 7f07773f9700                     Options.is_fd_close_on_exec: 1
2022/06/12-10:59:19.905794 7f07773f9700                   Options.advise_random_on_open: 1
2022/06/12-10:59:19.905795 7f07773f9700                    Options.db_write_buffer_size: 0
2022/06/12-10:59:19.905795 7f07773f9700                    Options.write_buffer_manager: 0x7f07642ded30
2022/06/12-10:59:19.905796 7f07773f9700         Options.access_hint_on_compaction_start: 1
2022/06/12-10:59:19.905797 7f07773f9700  Options.new_table_reader_for_compaction_inputs: 0
2022/06/12-10:59:19.905802 7f07773f9700           Options.random_access_max_buffer_size: 1048576
2022/06/12-10:59:19.905803 7f07773f9700                      Options.use_adaptive_mutex: 0
2022/06/12-10:59:19.905804 7f07773f9700                            Options.rate_limiter: (nil)
2022/06/12-10:59:19.905805 7f07773f9700     Options.sst_file_manager.rate_bytes_per_sec: 0
2022/06/12-10:59:19.905806 7f07773f9700                       Options.wal_recovery_mode: 2
2022/06/12-10:59:19.905806 7f07773f9700                  Options.enable_thread_tracking: 0
2022/06/12-10:59:19.905807 7f07773f9700                  Options.enable_pipelined_write: 0
2022/06/12-10:59:19.905808 7f07773f9700         Options.allow_concurrent_memtable_write: 1
2022/06/12-10:59:19.905809 7f07773f9700      Options.enable_write_thread_adaptive_yield: 1
2022/06/12-10:59:19.905809 7f07773f9700             Options.write_thread_max_yield_usec: 100
2022/06/12-10:59:19.905810 7f07773f9700            Options.write_thread_slow_yield_usec: 3
2022/06/12-10:59:19.905811 7f07773f9700                               Options.row_cache: None
2022/06/12-10:59:19.905812 7f07773f9700                              Options.wal_filter: None
2022/06/12-10:59:19.905813 7f07773f9700             Options.avoid_flush_during_recovery: 0
2022/06/12-10:59:19.905813 7f07773f9700             Options.allow_ingest_behind: 0
2022/06/12-10:59:19.905814 7f07773f9700             Options.preserve_deletes: 0
2022/06/12-10:59:19.905815 7f07773f9700             Options.two_write_queues: 0
2022/06/12-10:59:19.905816 7f07773f9700             Options.manual_wal_flush: 0
2022/06/12-10:59:19.905817 7f07773f9700             Options.max_background_jobs: 8
2022/06/12-10:59:19.905817 7f07773f9700             Options.max_background_compactions: -1
2022/06/12-10:59:19.905818 7f07773f9700             Options.avoid_flush_during_shutdown: 0
2022/06/12-10:59:19.905819 7f07773f9700           Options.writable_file_max_buffer_size: 1048576
2022/06/12-10:59:19.905820 7f07773f9700             Options.delayed_write_rate : 16777216
2022/06/12-10:59:19.905821 7f07773f9700             Options.max_total_wal_size: 0
2022/06/12-10:59:19.905821 7f07773f9700             Options.delete_obsolete_files_period_micros: 21600000000
2022/06/12-10:59:19.905822 7f07773f9700                   Options.stats_dump_period_sec: 600
2022/06/12-10:59:19.905823 7f07773f9700                          Options.max_open_files: -1
2022/06/12-10:59:19.905824 7f07773f9700                          Options.bytes_per_sync: 0
2022/06/12-10:59:19.905824 7f07773f9700                      Options.wal_bytes_per_sync: 0
2022/06/12-10:59:19.905825 7f07773f9700       Options.compaction_readahead_size: 0
2022/06/12-10:59:19.905826 7f07773f9700 Compression algorithms supported:
2022/06/12-10:59:19.905827 7f07773f9700 	kZSTDNotFinalCompression supported: 1
2022/06/12-10:59:19.905828 7f07773f9700 	kZSTD supported: 1
2022/06/12-10:59:19.905829 7f07773f9700 	kXpressCompression supported: 0
2022/06/12-10:59:19.905830 7f07773f9700 	kLZ4HCCompression supported: 1
2022/06/12-10:59:19.905831 7f07773f9700 	kLZ4Compression supported: 1
2022/06/12-10:59:19.905832 7f07773f9700 	kBZip2Compression supported: 1
2022/06/12-10:59:19.905833 7f07773f9700 	kZlibCompression supported: 1
2022/06/12-10:59:19.905834 7f07773f9700 	kSnappyCompression supported: 1
2022/06/12-10:59:19.905835 7f07773f9700 Fast CRC32 supported: Not supported on x86
2022/06/12-10:59:19.905933 7f07773f9700               Options.comparator: leveldb.BytewiseComparator
2022/06/12-10:59:19.905934 7f07773f9700           Options.merge_operator: None
2022/06/12-10:59:19.905935 7f07773f9700        Options.compaction_filter: None
2022/06/12-10:59:19.905936 7f07773f9700        Options.compaction_filter_factory: None
2022/06/12-10:59:19.905937 7f07773f9700         Options.memtable_factory: SkipListFactory
2022/06/12-10:59:19.905938 7f07773f9700            Options.table_factory: BlockBasedTable
2022/06/12-10:59:19.905951 7f07773f9700            table_factory options:   flush_block_policy_factory: FlushBlockBySizePolicyFactory (0x7f07642e99a0)
  cache_index_and_filter_blocks: 0
  cache_index_and_filter_blocks_with_high_priority: 0
  pin_l0_filter_and_index_blocks_in_cache: 0
  pin_top_level_index_and_filter: 1
  index_type: 0
  hash_index_allow_collision: 1
  checksum: 1
  no_block_cache: 0
  block_cache: 0x7f07642b1e10
  block_cache_name: LRUCache
  block_cache_options:
    capacity : 52428800
    num_shard_bits : 6
    strict_capacity_limit : 0
    memory_allocator : None
    high_pri_pool_ratio: 0.000
  block_cache_compressed: (nil)
  persistent_cache: (nil)
  block_size: 4096
  block_size_deviation: 10
  block_restart_interval: 16
  index_block_restart_interval: 1
  metadata_block_size: 4096
  partition_filters: 0
  use_delta_encoding: 1
  filter_policy: rocksdb.BuiltinBloomFilter
  whole_key_filtering: 1
  verify_compression: 0
  read_amp_bytes_per_bit: 0
  format_version: 0
  enable_index_compression: 1
  block_align: 0
2022/06/12-10:59:19.905957 7f07773f9700        Options.write_buffer_size: 16777216
2022/06/12-10:59:19.905958 7f07773f9700  Options.max_write_buffer_number: 3
2022/06/12-10:59:19.905959 7f07773f9700          Options.compression: NoCompression
2022/06/12-10:59:19.905960 7f07773f9700                  Options.bottommost_compression: Disabled
2022/06/12-10:59:19.905961 7f07773f9700       Options.prefix_extractor: nullptr
2022/06/12-10:59:19.905962 7f07773f9700   Options.memtable_insert_with_hint_prefix_extractor: nullptr
2022/06/12-10:59:19.905962 7f07773f9700             Options.num_levels: 7
2022/06/12-10:59:19.905963 7f07773f9700        Options.min_write_buffer_number_to_merge: 1
2022/06/12-10:59:19.905964 7f07773f9700     Options.max_write_buffer_number_to_maintain: 0
2022/06/12-10:59:19.905965 7f07773f9700            Options.bottommost_compression_opts.window_bits: -14
2022/06/12-10:59:19.905966 7f07773f9700                  Options.bottommost_compression_opts.level: 32767
2022/06/12-10:59:19.905966 7f07773f9700               Options.bottommost_compression_opts.strategy: 0
2022/06/12-10:59:19.905967 7f07773f9700         Options.bottommost_compression_opts.max_dict_bytes: 0
2022/06/12-10:59:19.905968 7f07773f9700         Options.bottommost_compression_opts.zstd_max_train_bytes: 0
2022/06/12-10:59:19.905969 7f07773f9700                  Options.bottommost_compression_opts.enabled: false
2022/06/12-10:59:19.905970 7f07773f9700            Options.compression_opts.window_bits: -14
2022/06/12-10:59:19.905970 7f07773f9700                  Options.compression_opts.level: 32767
2022/06/12-10:59:19.905971 7f07773f9700               Options.compression_opts.strategy: 0
2022/06/12-10:59:19.905972 7f07773f9700         Options.compression_opts.max_dict_bytes: 0
2022/06/12-10:59:19.905973 7f07773f9700         Options.compression_opts.zstd_max_train_bytes: 0
2022/06/12-10:59:19.905973 7f07773f9700                  Options.compression_opts.enabled: false
2022/06/12-10:59:19.905974 7f07773f9700      Options.level0_file_num_compaction_trigger: 4
2022/06/12-10:59:19.905975 7f07773f9700          Options.level0_slowdown_writes_trigger: 20
2022/06/12-10:59:19.905976 7f07773f9700              Options.level0_stop_writes_trigger: 36
2022/06/12-10:59:19.905977 7f07773f9700                   Options.target_file_size_base: 67108864
2022/06/12-10:59:19.905977 7f07773f9700             Options.target_file_size_multiplier: 1
2022/06/12-10:59:19.905978 7f07773f9700                Options.max_bytes_for_level_base: 268435456
2022/06/12-10:59:19.905979 7f07773f9700 Options.level_compaction_dynamic_level_bytes: 0
2022/06/12-10:59:19.905980 7f07773f9700          Options.max_bytes_for_level_multiplier: 10.000000
2022/06/12-10:59:19.905981 7f07773f9700 Options.max_bytes_for_level_multiplier_addtl[0]: 1
2022/06/12-10:59:19.905982 7f07773f9700 Options.max_bytes_for_level_multiplier_addtl[1]: 1
2022/06/12-10:59:19.905983 7f07773f9700 Options.max_bytes_for_level_multiplier_addtl[2]: 1
2022/06/12-10:59:19.905984 7f07773f9700 Options.max_bytes_for_level_multiplier_addtl[3]: 1
2022/06/12-10:59:19.905985 7f07773f9700 Options.max_bytes_for_level_multiplier_addtl[4]: 1
2022/06/12-10:59:19.905988 7f07773f9700 Options.max_bytes_for_level_multiplier_addtl[5]: 1
2022/06/12-10:59:19.905989 7f07773f9700 Options.max_bytes_for_level_multiplier_addtl[6]: 1
2022/06/12-10:59:19.905990 7f07773f9700       Options.max_sequential_skip_in_iterations: 8
2022/06/12-10:59:19.905990 7f07773f9700                    Options.max_compaction_bytes: 1677721600
2022/06/12-10:59:19.905991 7f07773f9700                        Options.arena_block_size: 2097152
2022/06/12-10:59:19.905992 7f07773f9700   Options.soft_pending_compaction_bytes_limit: 68719476736
2022/06/12-10:59:19.905993 7f07773f9700   Options.hard_pending_compaction_bytes_limit: 274877906944
2022/06/12-10:59:19.905993 7f07773f9700       Options.rate_limit_delay_max_milliseconds: 100
2022/06/12-10:59:19.905994 7f07773f9700                Options.disable_auto_compactions: 0
2022/06/12-10:59:19.905995 7f07773f9700                        Options.compaction_style: kCompactionStyleUniversal
2022/06/12-10:59:19.905996 7f07773f9700                          Options.compaction_pri: kByCompensatedSize
2022/06/12-10:59:19.905997 7f07773f9700 Options.compaction_options_universal.size_ratio: 1
2022/06/12-10:59:19.905997 7f07773f9700 Options.compaction_options_universal.min_merge_width: 2
2022/06/12-10:59:19.905998 7f07773f9700 Options.compaction_options_universal.max_merge_width: 4294967295
2022/06/12-10:59:19.905998 7f07773f9700 Options.compaction_options_universal.max_size_amplification_percent: 200
2022/06/12-10:59:19.905999 7f07773f9700 Options.compaction_options_universal.compression_size_percent: -1
2022/06/12-10:59:19.906000 7f07773f9700 Options.compaction_options_universal.stop_style: kCompactionStopStyleTotalSize
2022/06/12-10:59:19.906000 7f07773f9700 Options.compaction_options_fifo.max_table_files_size: 1073741824
2022/06/12-10:59:19.906001 7f07773f9700 Options.compaction_options_fifo.allow_compaction: 0
2022/06/12-10:59:19.906002 7f07773f9700 Options.compaction_options_fifo.ttl: 0
2022/06/12-10:59:19.906003 7f07773f9700                   Options.table_properties_collectors: 
2022/06/12-10:59:19.906003 7f07773f9700                   Options.inplace_update_support: 0
2022/06/12-10:59:19.906004 7f07773f9700                 Options.inplace_update_num_locks: 10000
2022/06/12-10:59:19.906005 7f07773f9700               Options.memtable_prefix_bloom_size_ratio: 0.000000
2022/06/12-10:59:19.906005 7f07773f9700   Options.memtable_huge_page_size: 0
2022/06/12-10:59:19.906006 7f07773f9700                           Options.bloom_locality: 0
2022/06/12-10:59:19.906007 7f07773f9700                    Options.max_successive_merges: 0
2022/06/12-10:59:19.906008 7f07773f9700                Options.optimize_filters_for_hits: 0
2022/06/12-10:59:19.906008 7f07773f9700                Options.paranoid_file_checks: 0
2022/06/12-10:59:19.906009 7f07773f9700                Options.force_consistency_checks: 0
2022/06/12-10:59:19.906010 7f07773f9700                Options.report_bg_io_stats: 0
2022/06/12-10:59:19.906010 7f07773f9700                               Options.ttl: 0
2022/06/12-10:59:19.915789 7f07773f9700               Options.comparator: leveldb.BytewiseComparator
2022/06/12-10:59:19.915794 7f07773f9700           Options.merge_operator: None
2022/06/12-10:59:19.915795 7f07773f9700        Options.compaction_filter: None
2022/06/12-10:59:19.915796 7f07773f9700        Options.compaction_filter_factory: None
2022/06/12-10:59:19.915796 7f07773f9700         Options.memtable_factory: SkipListFactory
2022/06/12-10:59:19.915797 7f07773f9700            Options.table_factory: BlockBasedTable
2022/06/12-10:59:19.915817 7f07773f9700            table_factory options:   flush_block_policy_factory: FlushBlockBySizePolicyFactory (0x7f07642e99a0)
  cache_index_and_filter_blocks: 0
  cache_index_and_filter_blocks_with_high_priority: 0
  pin_l0_filter_and_index_blocks_in_cache: 0
  pin_top_level_index_and_filter: 1
  index_type: 0
  hash_index_allow_collision: 1
  checksum: 1
  no_block_cache: 0
  block_cache: 0x7f07642b1e10
  block_cache_name: LRUCache
  block_cache_options:
    capacity : 52428800
    num_shard_bits : 6
    strict_capacity_limit : 0
    memory_allocator : None
    high_pri_pool_ratio: 0.000
  block_cache_compressed: (nil)
  persistent_cache: (nil)
  block_size: 4096
  block_size_deviation: 10
  block_restart_interval: 16
  index_block_restart_interval: 1
  metadata_block_size: 4096
  partition_filters: 0
  use_delta_encoding: 1
  filter_policy: rocksdb.BuiltinBloomFilter
  whole_key_filtering: 1
  verify_compression: 0
  read_amp_bytes_per_bit: 0
  format_version: 0
  enable_index_compression: 1
  block_align: 0
2022/06/12-10:59:19.915819 7f07773f9700        Options.write_buffer_size: 16777216
2022/06/12-10:59:19.915820 7f07773f9700  Options.max_write_buffer_number: 3
2022/06/12-10:59:19.915821 7f07773f9700          Options.compression: NoCompression
2022/06/12-10:59:19.915822 7f07773f9700                  Options.bottommost_compression: Disabled
2022/06/12-10:59:19.915823 7f07773f9700       Options.prefix_extractor: nullptr
2022/06/12-10:59:19.915824 7f07773f9700   Options.memtable_insert_with_hint_prefix_extractor: nullptr
2022/06/12-10:59:19.915825 7f07773f9700             Options.num_levels: 7
2022/06/12-10:59:19.915826 7f07773f9700        Options.min_write_buffer_number_to_merge: 1
2022/06/12-10:59:19.915827 7f07773f9700     Options.max_write_buffer_number_to_maintain: 0
2022/06/12-10:59:19.915828 7f07773f9700            Options.bottommost_compression_opts.window_bits: -14
2022/06/12-10:59:19.915829 7f07773f9700                  Options.bottommost_compression_opts.level: 32767
2022/06/12-10:59:19.915830 7f07773f9700               Options.bottommost_compression_opts.strategy: 0
2022/06/12-10:59:19.915831 7f07773f9700         Options.bottommost_compression_opts.max_dict_bytes: 0
2022/06/12-10:59:19.915831 7f07773f9700         Options.bottommost_compression_opts.zstd_max_train_bytes: 0
2022/06/12-10:59:19.915832 7f07773f9700                  Options.bottommost_compression_opts.enabled: false
2022/06/12-10:59:19.915833 7f07773f9700            Options.compression_opts.window_bits: -14
2022/06/12-10:59:19.915834 7f07773f9700                  Options.compression_opts.level: 32767
2022/06/12-10:59:19.915835 7f07773f9700               Options.compression_opts.strategy: 0
2022/06/12-10:59:19.915836 7f07773f9700         Options.compression_opts.max_dict_bytes: 0
2022/06/12-10:59:19.915837 7f07773f9700         Options.compression_opts.zstd_max_train_bytes: 0
2022/06/12-10:59:19.915838 7f07773f9700                  Options.compression_opts.enabled: false
2022/06/12-10:59:19.915839 7f07773f9700      Options.level0_file_num_compaction_trigger: 4
2022/06/12-10:59:19.915839 7f07773f9700          Options.level0_slowdown_writes_trigger: 20
2022/06/12-10:59:19.915840 7f07773f9700              Options.level0_stop_writes_trigger: 36
2022/06/12-10:59:19.915841 7f07773f9700                   Options.target_file_size_base: 67108864
2022/06/12-10:59:19.915842 7f07773f9700             Options.target_file_size_multiplier: 1
2022/06/12-10:59:19.915843 7f07773f9700                Options.max_bytes_for_level_base: 268435456
2022/06/12-10:59:19.915853 7f07773f9700 Options.level_compaction_dynamic_level_bytes: 0
2022/06/12-10:59:19.915854 7f07773f9700          Options.max_bytes_for_level_multiplier: 10.000000
2022/06/12-10:59:19.915856 7f07773f9700 Options.max_bytes_for_level_multiplier_addtl[0]: 1
2022/06/12-10:59:19.915857 7f07773f9700 Options.max_bytes_for_level_multiplier_addtl[1]: 1
2022/06/12-10:59:19.915858 7f07773f9700 Options.max_bytes_for_level_multiplier_addtl[2]: 1
2022/06/12-10:59:19.915859 7f07773f9700 Options.max_bytes_for_level_multiplier_addtl[3]: 1
2022/06/12-10:59:19.915860 7f07773f9700 Options.max_bytes_for_level_multiplier_addtl[4]: 1
2022/06/12-10:59:19.915861 7f07773f9700 Options.max_bytes_for_level_multiplier_addtl[5]: 1
2022/06/12-10:59:19.915862 7f07773f9700 Options.max_bytes_for_level_multiplier_addtl[6]: 1
2022/06/12-10:59:19.915863 7f07773f9700       Options.max_sequential_skip_in_iterations: 8
2022/06/12-10:59:19.915864 7f07773f9700                    Options.max_compaction_bytes: 1677721600
2022/06/12-10:59:19.915864 7f07773f9700                        Options.arena_block_size: 2097152
2022/06/12-10:59:19.915866 7f07773f9700   Options.soft_pending_compaction_bytes_limit: 68719476736
2022/06/12-10:59:19.915866 7f07773f9700   Options.hard_pending_compaction_bytes_limit: 274877906944
2022/06/12-10:59:19.915867 7f07773f9700       Options.rate_limit_delay_max_milliseconds: 100
2022/06/12-10:59:19.915868 7f07773f9700                Options.disable_auto_compactions: 0
2022/06/12-10:59:19.915870 7f07773f9700                        Options.compaction_style: kCompactionStyleUniversal
2022/06/12-10:59:19.915871 7f07773f9700                          Options.compaction_pri: kByCompensatedSize
2022/06/12-10:59:19.915872 7f07773f9700 Options.compaction_options_universal.size_ratio: 1
2022/06/12-10:59:19.915873 7f07773f9700 Options.compaction_options_universal.min_merge_width: 2
2022/06/12-10:59:19.915874 7f07773f9700 Options.compaction_options_universal.max_merge_width: 4294967295
2022/06/12-10:59:19.915875 7f07773f9700 Options.compaction_options_universal.max_size_amplification_percent: 200
2022/06/12-10:59:19.915876 7f07773f9700 Options.compaction_options_universal.compression_size_percent: -1
2022/06/12-10:59:19.915877 7f07773f9700 Options.compaction_options_universal.stop_style: kCompactionStopStyleTotalSize
2022/06/12-10:59:19.915878 7f07773f9700 Options.compaction_options_fifo.max_table_files_size: 1073741824
2022/06/12-10:59:19.915879 7f07773f9700 Options.compaction_options_fifo.allow_compaction: 0
2022/06/12-10:59:19.915880 7f07773f9700 Options.compaction_options_fifo.ttl: 0
2022/06/12-10:59:19.915880 7f07773f9700                   Options.table_properties_collectors: 
2022/06/12-10:59:19.915881 7f07773f9700                   Options.inplace_update_support: 0
2022/06/12-10:59:19.915882 7f07773f9700                 Options.inplace_update_num_locks: 10000
2022/06/12-10:59:19.915883 7f07773f9700               Options.memtable_prefix_bloom_size_ratio: 0.000000
2022/06/12-10:59:19.915884 7f07773f9700   Options.memtable_huge_page_size: 0
2022/06/12-10:59:19.915885 7f07773f9700                           Options.bloom_locality: 0
2022/06/12-10:59:19.915886 7f07773f9700                    Options.max_successive_merges: 0
2022/06/12-10:59:19.915887 7f07773f9700                Options.optimize_filters_for_hits: 0
2022/06/12-10:59:19.915888 7f07773f9700                Options.paranoid_file_checks: 0
2022/06/12-10:59:19.915889 7f07773f9700                Options.force_consistency_checks: 0
2022/06/12-10:59:19.915889 7f07773f9700                Options.report_bg_io_stats: 0
2022/06/12-10:59:19.915890 7f07773f9700                               Options.ttl: 0
