2022/06/08-16:32:36.798035 7efee9b7b700 RocksDB version: 5.18.4
2022/06/08-16:32:36.798069 7efee9b7b700 Git sha rocksdb_build_git_sha:
2022/06/08-16:32:36.798070 7efee9b7b700 Compile date Mar 11 2020
2022/06/08-16:32:36.798071 7efee9b7b700 DB SUMMARY
2022/06/08-16:32:36.798088 7efee9b7b700 CURRENT file:  CURRENT
2022/06/08-16:32:36.798089 7efee9b7b700 IDENTITY file:  IDENTITY
2022/06/08-16:32:36.798092 7efee9b7b700 MANIFEST file:  MANIFEST-000001 size: 13 Bytes
2022/06/08-16:32:36.798093 7efee9b7b700 SST files in /home/ANT.AMAZON.COM/stefler/Documents/university/cloud-services/WikipediaStats/src/streams/./local-streams/kafka-streams-wiki/44_2/rocksdb/hour-per-userType-active-users dir, Total Num: 0, files: 
2022/06/08-16:32:36.798094 7efee9b7b700 Write Ahead Log file in /home/ANT.AMAZON.COM/stefler/Documents/university/cloud-services/WikipediaStats/src/streams/./local-streams/kafka-streams-wiki/44_2/rocksdb/hour-per-userType-active-users: 000003.log size: 0 ; 
2022/06/08-16:32:36.798096 7efee9b7b700                         Options.error_if_exists: 0
2022/06/08-16:32:36.798097 7efee9b7b700                       Options.create_if_missing: 1
2022/06/08-16:32:36.798097 7efee9b7b700                         Options.paranoid_checks: 1
2022/06/08-16:32:36.798098 7efee9b7b700                                     Options.env: 0x7efe57ffbfa0
2022/06/08-16:32:36.798099 7efee9b7b700                                Options.info_log: 0x7efe9ee55d70
2022/06/08-16:32:36.798100 7efee9b7b700                Options.max_file_opening_threads: 16
2022/06/08-16:32:36.798101 7efee9b7b700                              Options.statistics: (nil)
2022/06/08-16:32:36.798102 7efee9b7b700                               Options.use_fsync: 0
2022/06/08-16:32:36.798102 7efee9b7b700                       Options.max_log_file_size: 0
2022/06/08-16:32:36.798103 7efee9b7b700                  Options.max_manifest_file_size: 1073741824
2022/06/08-16:32:36.798104 7efee9b7b700                   Options.log_file_time_to_roll: 0
2022/06/08-16:32:36.798105 7efee9b7b700                       Options.keep_log_file_num: 1000
2022/06/08-16:32:36.798106 7efee9b7b700                    Options.recycle_log_file_num: 0
2022/06/08-16:32:36.798107 7efee9b7b700                         Options.allow_fallocate: 1
2022/06/08-16:32:36.798107 7efee9b7b700                        Options.allow_mmap_reads: 0
2022/06/08-16:32:36.798108 7efee9b7b700                       Options.allow_mmap_writes: 0
2022/06/08-16:32:36.798109 7efee9b7b700                        Options.use_direct_reads: 0
2022/06/08-16:32:36.798110 7efee9b7b700                        Options.use_direct_io_for_flush_and_compaction: 0
2022/06/08-16:32:36.798110 7efee9b7b700          Options.create_missing_column_families: 0
2022/06/08-16:32:36.798111 7efee9b7b700                              Options.db_log_dir: 
2022/06/08-16:32:36.798112 7efee9b7b700                                 Options.wal_dir: /home/ANT.AMAZON.COM/stefler/Documents/university/cloud-services/WikipediaStats/src/streams/./local-streams/kafka-streams-wiki/44_2/rocksdb/hour-per-userType-active-users
2022/06/08-16:32:36.798113 7efee9b7b700                Options.table_cache_numshardbits: 6
2022/06/08-16:32:36.798113 7efee9b7b700                      Options.max_subcompactions: 1
2022/06/08-16:32:36.798114 7efee9b7b700                  Options.max_background_flushes: -1
2022/06/08-16:32:36.798115 7efee9b7b700                         Options.WAL_ttl_seconds: 0
2022/06/08-16:32:36.798116 7efee9b7b700                       Options.WAL_size_limit_MB: 0
2022/06/08-16:32:36.798117 7efee9b7b700             Options.manifest_preallocation_size: 4194304
2022/06/08-16:32:36.798118 7efee9b7b700                     Options.is_fd_close_on_exec: 1
2022/06/08-16:32:36.798118 7efee9b7b700                   Options.advise_random_on_open: 1
2022/06/08-16:32:36.798119 7efee9b7b700                    Options.db_write_buffer_size: 0
2022/06/08-16:32:36.798120 7efee9b7b700                    Options.write_buffer_manager: 0x7efe9ee825e0
2022/06/08-16:32:36.798120 7efee9b7b700         Options.access_hint_on_compaction_start: 1
2022/06/08-16:32:36.798121 7efee9b7b700  Options.new_table_reader_for_compaction_inputs: 0
2022/06/08-16:32:36.798126 7efee9b7b700           Options.random_access_max_buffer_size: 1048576
2022/06/08-16:32:36.798127 7efee9b7b700                      Options.use_adaptive_mutex: 0
2022/06/08-16:32:36.798128 7efee9b7b700                            Options.rate_limiter: (nil)
2022/06/08-16:32:36.798129 7efee9b7b700     Options.sst_file_manager.rate_bytes_per_sec: 0
2022/06/08-16:32:36.798130 7efee9b7b700                       Options.wal_recovery_mode: 2
2022/06/08-16:32:36.798131 7efee9b7b700                  Options.enable_thread_tracking: 0
2022/06/08-16:32:36.798131 7efee9b7b700                  Options.enable_pipelined_write: 0
2022/06/08-16:32:36.798132 7efee9b7b700         Options.allow_concurrent_memtable_write: 1
2022/06/08-16:32:36.798133 7efee9b7b700      Options.enable_write_thread_adaptive_yield: 1
2022/06/08-16:32:36.798134 7efee9b7b700             Options.write_thread_max_yield_usec: 100
2022/06/08-16:32:36.798135 7efee9b7b700            Options.write_thread_slow_yield_usec: 3
2022/06/08-16:32:36.798135 7efee9b7b700                               Options.row_cache: None
2022/06/08-16:32:36.798136 7efee9b7b700                              Options.wal_filter: None
2022/06/08-16:32:36.798137 7efee9b7b700             Options.avoid_flush_during_recovery: 0
2022/06/08-16:32:36.798138 7efee9b7b700             Options.allow_ingest_behind: 0
2022/06/08-16:32:36.798139 7efee9b7b700             Options.preserve_deletes: 0
2022/06/08-16:32:36.798139 7efee9b7b700             Options.two_write_queues: 0
2022/06/08-16:32:36.798140 7efee9b7b700             Options.manual_wal_flush: 0
2022/06/08-16:32:36.798141 7efee9b7b700             Options.max_background_jobs: 8
2022/06/08-16:32:36.798142 7efee9b7b700             Options.max_background_compactions: -1
2022/06/08-16:32:36.798143 7efee9b7b700             Options.avoid_flush_during_shutdown: 0
2022/06/08-16:32:36.798143 7efee9b7b700           Options.writable_file_max_buffer_size: 1048576
2022/06/08-16:32:36.798144 7efee9b7b700             Options.delayed_write_rate : 16777216
2022/06/08-16:32:36.798145 7efee9b7b700             Options.max_total_wal_size: 0
2022/06/08-16:32:36.798146 7efee9b7b700             Options.delete_obsolete_files_period_micros: 21600000000
2022/06/08-16:32:36.798146 7efee9b7b700                   Options.stats_dump_period_sec: 600
2022/06/08-16:32:36.798147 7efee9b7b700                          Options.max_open_files: -1
2022/06/08-16:32:36.798148 7efee9b7b700                          Options.bytes_per_sync: 0
2022/06/08-16:32:36.798148 7efee9b7b700                      Options.wal_bytes_per_sync: 0
2022/06/08-16:32:36.798149 7efee9b7b700       Options.compaction_readahead_size: 0
2022/06/08-16:32:36.798150 7efee9b7b700 Compression algorithms supported:
2022/06/08-16:32:36.798151 7efee9b7b700 	kZSTDNotFinalCompression supported: 1
2022/06/08-16:32:36.798153 7efee9b7b700 	kZSTD supported: 1
2022/06/08-16:32:36.798154 7efee9b7b700 	kXpressCompression supported: 0
2022/06/08-16:32:36.798155 7efee9b7b700 	kLZ4HCCompression supported: 1
2022/06/08-16:32:36.798156 7efee9b7b700 	kLZ4Compression supported: 1
2022/06/08-16:32:36.798156 7efee9b7b700 	kBZip2Compression supported: 1
2022/06/08-16:32:36.798157 7efee9b7b700 	kZlibCompression supported: 1
2022/06/08-16:32:36.798158 7efee9b7b700 	kSnappyCompression supported: 1
2022/06/08-16:32:36.798160 7efee9b7b700 Fast CRC32 supported: Not supported on x86
2022/06/08-16:32:36.798265 7efee9b7b700               Options.comparator: leveldb.BytewiseComparator
2022/06/08-16:32:36.798266 7efee9b7b700           Options.merge_operator: None
2022/06/08-16:32:36.798267 7efee9b7b700        Options.compaction_filter: None
2022/06/08-16:32:36.798268 7efee9b7b700        Options.compaction_filter_factory: None
2022/06/08-16:32:36.798268 7efee9b7b700         Options.memtable_factory: SkipListFactory
2022/06/08-16:32:36.798269 7efee9b7b700            Options.table_factory: BlockBasedTable
2022/06/08-16:32:36.798283 7efee9b7b700            table_factory options:   flush_block_policy_factory: FlushBlockBySizePolicyFactory (0x7efe9ee93050)
  cache_index_and_filter_blocks: 0
  cache_index_and_filter_blocks_with_high_priority: 0
  pin_l0_filter_and_index_blocks_in_cache: 0
  pin_top_level_index_and_filter: 1
  index_type: 0
  hash_index_allow_collision: 1
  checksum: 1
  no_block_cache: 0
  block_cache: 0x7efe9edb6e30
  block_cache_name: LRUCache
  block_cache_options:
    capacity : 52428800
    num_shard_bits : 6
    strict_capacity_limit : 0
    memory_allocator : None
    high_pri_pool_ratio: 0.000
  block_cache_compressed: (nil)
  persistent_cache: (nil)
  block_size: 4096
  block_size_deviation: 10
  block_restart_interval: 16
  index_block_restart_interval: 1
  metadata_block_size: 4096
  partition_filters: 0
  use_delta_encoding: 1
  filter_policy: rocksdb.BuiltinBloomFilter
  whole_key_filtering: 1
  verify_compression: 0
  read_amp_bytes_per_bit: 0
  format_version: 0
  enable_index_compression: 1
  block_align: 0
2022/06/08-16:32:36.798288 7efee9b7b700        Options.write_buffer_size: 16777216
2022/06/08-16:32:36.798289 7efee9b7b700  Options.max_write_buffer_number: 3
2022/06/08-16:32:36.798290 7efee9b7b700          Options.compression: NoCompression
2022/06/08-16:32:36.798291 7efee9b7b700                  Options.bottommost_compression: Disabled
2022/06/08-16:32:36.798292 7efee9b7b700       Options.prefix_extractor: nullptr
2022/06/08-16:32:36.798293 7efee9b7b700   Options.memtable_insert_with_hint_prefix_extractor: nullptr
2022/06/08-16:32:36.798293 7efee9b7b700             Options.num_levels: 7
2022/06/08-16:32:36.798294 7efee9b7b700        Options.min_write_buffer_number_to_merge: 1
2022/06/08-16:32:36.798295 7efee9b7b700     Options.max_write_buffer_number_to_maintain: 0
2022/06/08-16:32:36.798296 7efee9b7b700            Options.bottommost_compression_opts.window_bits: -14
2022/06/08-16:32:36.798297 7efee9b7b700                  Options.bottommost_compression_opts.level: 32767
2022/06/08-16:32:36.798298 7efee9b7b700               Options.bottommost_compression_opts.strategy: 0
2022/06/08-16:32:36.798298 7efee9b7b700         Options.bottommost_compression_opts.max_dict_bytes: 0
2022/06/08-16:32:36.798299 7efee9b7b700         Options.bottommost_compression_opts.zstd_max_train_bytes: 0
2022/06/08-16:32:36.798300 7efee9b7b700                  Options.bottommost_compression_opts.enabled: false
2022/06/08-16:32:36.798301 7efee9b7b700            Options.compression_opts.window_bits: -14
2022/06/08-16:32:36.798301 7efee9b7b700                  Options.compression_opts.level: 32767
2022/06/08-16:32:36.798302 7efee9b7b700               Options.compression_opts.strategy: 0
2022/06/08-16:32:36.798303 7efee9b7b700         Options.compression_opts.max_dict_bytes: 0
2022/06/08-16:32:36.798304 7efee9b7b700         Options.compression_opts.zstd_max_train_bytes: 0
2022/06/08-16:32:36.798305 7efee9b7b700                  Options.compression_opts.enabled: false
2022/06/08-16:32:36.798305 7efee9b7b700      Options.level0_file_num_compaction_trigger: 4
2022/06/08-16:32:36.798306 7efee9b7b700          Options.level0_slowdown_writes_trigger: 20
2022/06/08-16:32:36.798307 7efee9b7b700              Options.level0_stop_writes_trigger: 36
2022/06/08-16:32:36.798308 7efee9b7b700                   Options.target_file_size_base: 67108864
2022/06/08-16:32:36.798309 7efee9b7b700             Options.target_file_size_multiplier: 1
2022/06/08-16:32:36.798309 7efee9b7b700                Options.max_bytes_for_level_base: 268435456
2022/06/08-16:32:36.798310 7efee9b7b700 Options.level_compaction_dynamic_level_bytes: 0
2022/06/08-16:32:36.798311 7efee9b7b700          Options.max_bytes_for_level_multiplier: 10.000000
2022/06/08-16:32:36.798313 7efee9b7b700 Options.max_bytes_for_level_multiplier_addtl[0]: 1
2022/06/08-16:32:36.798314 7efee9b7b700 Options.max_bytes_for_level_multiplier_addtl[1]: 1
2022/06/08-16:32:36.798314 7efee9b7b700 Options.max_bytes_for_level_multiplier_addtl[2]: 1
2022/06/08-16:32:36.798315 7efee9b7b700 Options.max_bytes_for_level_multiplier_addtl[3]: 1
2022/06/08-16:32:36.798316 7efee9b7b700 Options.max_bytes_for_level_multiplier_addtl[4]: 1
2022/06/08-16:32:36.798320 7efee9b7b700 Options.max_bytes_for_level_multiplier_addtl[5]: 1
2022/06/08-16:32:36.798321 7efee9b7b700 Options.max_bytes_for_level_multiplier_addtl[6]: 1
2022/06/08-16:32:36.798321 7efee9b7b700       Options.max_sequential_skip_in_iterations: 8
2022/06/08-16:32:36.798322 7efee9b7b700                    Options.max_compaction_bytes: 1677721600
2022/06/08-16:32:36.798323 7efee9b7b700                        Options.arena_block_size: 2097152
2022/06/08-16:32:36.798324 7efee9b7b700   Options.soft_pending_compaction_bytes_limit: 68719476736
2022/06/08-16:32:36.798324 7efee9b7b700   Options.hard_pending_compaction_bytes_limit: 274877906944
2022/06/08-16:32:36.798325 7efee9b7b700       Options.rate_limit_delay_max_milliseconds: 100
2022/06/08-16:32:36.798326 7efee9b7b700                Options.disable_auto_compactions: 0
2022/06/08-16:32:36.798327 7efee9b7b700                        Options.compaction_style: kCompactionStyleUniversal
2022/06/08-16:32:36.798328 7efee9b7b700                          Options.compaction_pri: kByCompensatedSize
2022/06/08-16:32:36.798329 7efee9b7b700 Options.compaction_options_universal.size_ratio: 1
2022/06/08-16:32:36.798330 7efee9b7b700 Options.compaction_options_universal.min_merge_width: 2
2022/06/08-16:32:36.798331 7efee9b7b700 Options.compaction_options_universal.max_merge_width: 4294967295
2022/06/08-16:32:36.798331 7efee9b7b700 Options.compaction_options_universal.max_size_amplification_percent: 200
2022/06/08-16:32:36.798332 7efee9b7b700 Options.compaction_options_universal.compression_size_percent: -1
2022/06/08-16:32:36.798333 7efee9b7b700 Options.compaction_options_universal.stop_style: kCompactionStopStyleTotalSize
2022/06/08-16:32:36.798334 7efee9b7b700 Options.compaction_options_fifo.max_table_files_size: 1073741824
2022/06/08-16:32:36.798335 7efee9b7b700 Options.compaction_options_fifo.allow_compaction: 0
2022/06/08-16:32:36.798336 7efee9b7b700 Options.compaction_options_fifo.ttl: 0
2022/06/08-16:32:36.798337 7efee9b7b700                   Options.table_properties_collectors: 
2022/06/08-16:32:36.798337 7efee9b7b700                   Options.inplace_update_support: 0
2022/06/08-16:32:36.798338 7efee9b7b700                 Options.inplace_update_num_locks: 10000
2022/06/08-16:32:36.798339 7efee9b7b700               Options.memtable_prefix_bloom_size_ratio: 0.000000
2022/06/08-16:32:36.798340 7efee9b7b700   Options.memtable_huge_page_size: 0
2022/06/08-16:32:36.798341 7efee9b7b700                           Options.bloom_locality: 0
2022/06/08-16:32:36.798341 7efee9b7b700                    Options.max_successive_merges: 0
2022/06/08-16:32:36.798342 7efee9b7b700                Options.optimize_filters_for_hits: 0
2022/06/08-16:32:36.798343 7efee9b7b700                Options.paranoid_file_checks: 0
2022/06/08-16:32:36.798343 7efee9b7b700                Options.force_consistency_checks: 0
2022/06/08-16:32:36.798344 7efee9b7b700                Options.report_bg_io_stats: 0
2022/06/08-16:32:36.798345 7efee9b7b700                               Options.ttl: 0
2022/06/08-16:32:36.813757 7efee9b7b700               Options.comparator: leveldb.BytewiseComparator
2022/06/08-16:32:36.813763 7efee9b7b700           Options.merge_operator: None
2022/06/08-16:32:36.813764 7efee9b7b700        Options.compaction_filter: None
2022/06/08-16:32:36.813765 7efee9b7b700        Options.compaction_filter_factory: None
2022/06/08-16:32:36.813766 7efee9b7b700         Options.memtable_factory: SkipListFactory
2022/06/08-16:32:36.813767 7efee9b7b700            Options.table_factory: BlockBasedTable
2022/06/08-16:32:36.813793 7efee9b7b700            table_factory options:   flush_block_policy_factory: FlushBlockBySizePolicyFactory (0x7efe9ee93050)
  cache_index_and_filter_blocks: 0
  cache_index_and_filter_blocks_with_high_priority: 0
  pin_l0_filter_and_index_blocks_in_cache: 0
  pin_top_level_index_and_filter: 1
  index_type: 0
  hash_index_allow_collision: 1
  checksum: 1
  no_block_cache: 0
  block_cache: 0x7efe9edb6e30
  block_cache_name: LRUCache
  block_cache_options:
    capacity : 52428800
    num_shard_bits : 6
    strict_capacity_limit : 0
    memory_allocator : None
    high_pri_pool_ratio: 0.000
  block_cache_compressed: (nil)
  persistent_cache: (nil)
  block_size: 4096
  block_size_deviation: 10
  block_restart_interval: 16
  index_block_restart_interval: 1
  metadata_block_size: 4096
  partition_filters: 0
  use_delta_encoding: 1
  filter_policy: rocksdb.BuiltinBloomFilter
  whole_key_filtering: 1
  verify_compression: 0
  read_amp_bytes_per_bit: 0
  format_version: 0
  enable_index_compression: 1
  block_align: 0
2022/06/08-16:32:36.813794 7efee9b7b700        Options.write_buffer_size: 16777216
2022/06/08-16:32:36.813795 7efee9b7b700  Options.max_write_buffer_number: 3
2022/06/08-16:32:36.813797 7efee9b7b700          Options.compression: NoCompression
2022/06/08-16:32:36.813798 7efee9b7b700                  Options.bottommost_compression: Disabled
2022/06/08-16:32:36.813798 7efee9b7b700       Options.prefix_extractor: nullptr
2022/06/08-16:32:36.813799 7efee9b7b700   Options.memtable_insert_with_hint_prefix_extractor: nullptr
2022/06/08-16:32:36.813800 7efee9b7b700             Options.num_levels: 7
2022/06/08-16:32:36.813801 7efee9b7b700        Options.min_write_buffer_number_to_merge: 1
2022/06/08-16:32:36.813802 7efee9b7b700     Options.max_write_buffer_number_to_maintain: 0
2022/06/08-16:32:36.813803 7efee9b7b700            Options.bottommost_compression_opts.window_bits: -14
2022/06/08-16:32:36.813804 7efee9b7b700                  Options.bottommost_compression_opts.level: 32767
2022/06/08-16:32:36.813804 7efee9b7b700               Options.bottommost_compression_opts.strategy: 0
2022/06/08-16:32:36.813805 7efee9b7b700         Options.bottommost_compression_opts.max_dict_bytes: 0
2022/06/08-16:32:36.813806 7efee9b7b700         Options.bottommost_compression_opts.zstd_max_train_bytes: 0
2022/06/08-16:32:36.813807 7efee9b7b700                  Options.bottommost_compression_opts.enabled: false
2022/06/08-16:32:36.813808 7efee9b7b700            Options.compression_opts.window_bits: -14
2022/06/08-16:32:36.813808 7efee9b7b700                  Options.compression_opts.level: 32767
2022/06/08-16:32:36.813809 7efee9b7b700               Options.compression_opts.strategy: 0
2022/06/08-16:32:36.813810 7efee9b7b700         Options.compression_opts.max_dict_bytes: 0
2022/06/08-16:32:36.813811 7efee9b7b700         Options.compression_opts.zstd_max_train_bytes: 0
2022/06/08-16:32:36.813812 7efee9b7b700                  Options.compression_opts.enabled: false
2022/06/08-16:32:36.813812 7efee9b7b700      Options.level0_file_num_compaction_trigger: 4
2022/06/08-16:32:36.813813 7efee9b7b700          Options.level0_slowdown_writes_trigger: 20
2022/06/08-16:32:36.813814 7efee9b7b700              Options.level0_stop_writes_trigger: 36
2022/06/08-16:32:36.813815 7efee9b7b700                   Options.target_file_size_base: 67108864
2022/06/08-16:32:36.813816 7efee9b7b700             Options.target_file_size_multiplier: 1
2022/06/08-16:32:36.813817 7efee9b7b700                Options.max_bytes_for_level_base: 268435456
2022/06/08-16:32:36.813832 7efee9b7b700 Options.level_compaction_dynamic_level_bytes: 0
2022/06/08-16:32:36.813833 7efee9b7b700          Options.max_bytes_for_level_multiplier: 10.000000
2022/06/08-16:32:36.813835 7efee9b7b700 Options.max_bytes_for_level_multiplier_addtl[0]: 1
2022/06/08-16:32:36.813836 7efee9b7b700 Options.max_bytes_for_level_multiplier_addtl[1]: 1
2022/06/08-16:32:36.813836 7efee9b7b700 Options.max_bytes_for_level_multiplier_addtl[2]: 1
2022/06/08-16:32:36.813837 7efee9b7b700 Options.max_bytes_for_level_multiplier_addtl[3]: 1
2022/06/08-16:32:36.813838 7efee9b7b700 Options.max_bytes_for_level_multiplier_addtl[4]: 1
2022/06/08-16:32:36.813839 7efee9b7b700 Options.max_bytes_for_level_multiplier_addtl[5]: 1
2022/06/08-16:32:36.813840 7efee9b7b700 Options.max_bytes_for_level_multiplier_addtl[6]: 1
2022/06/08-16:32:36.813841 7efee9b7b700       Options.max_sequential_skip_in_iterations: 8
2022/06/08-16:32:36.813841 7efee9b7b700                    Options.max_compaction_bytes: 1677721600
2022/06/08-16:32:36.813842 7efee9b7b700                        Options.arena_block_size: 2097152
2022/06/08-16:32:36.813843 7efee9b7b700   Options.soft_pending_compaction_bytes_limit: 68719476736
2022/06/08-16:32:36.813844 7efee9b7b700   Options.hard_pending_compaction_bytes_limit: 274877906944
2022/06/08-16:32:36.813845 7efee9b7b700       Options.rate_limit_delay_max_milliseconds: 100
2022/06/08-16:32:36.813845 7efee9b7b700                Options.disable_auto_compactions: 0
2022/06/08-16:32:36.813847 7efee9b7b700                        Options.compaction_style: kCompactionStyleUniversal
2022/06/08-16:32:36.813848 7efee9b7b700                          Options.compaction_pri: kByCompensatedSize
2022/06/08-16:32:36.813849 7efee9b7b700 Options.compaction_options_universal.size_ratio: 1
2022/06/08-16:32:36.813850 7efee9b7b700 Options.compaction_options_universal.min_merge_width: 2
2022/06/08-16:32:36.813850 7efee9b7b700 Options.compaction_options_universal.max_merge_width: 4294967295
2022/06/08-16:32:36.813851 7efee9b7b700 Options.compaction_options_universal.max_size_amplification_percent: 200
2022/06/08-16:32:36.813852 7efee9b7b700 Options.compaction_options_universal.compression_size_percent: -1
2022/06/08-16:32:36.813853 7efee9b7b700 Options.compaction_options_universal.stop_style: kCompactionStopStyleTotalSize
2022/06/08-16:32:36.813854 7efee9b7b700 Options.compaction_options_fifo.max_table_files_size: 1073741824
2022/06/08-16:32:36.813855 7efee9b7b700 Options.compaction_options_fifo.allow_compaction: 0
2022/06/08-16:32:36.813856 7efee9b7b700 Options.compaction_options_fifo.ttl: 0
2022/06/08-16:32:36.813857 7efee9b7b700                   Options.table_properties_collectors: 
2022/06/08-16:32:36.813858 7efee9b7b700                   Options.inplace_update_support: 0
2022/06/08-16:32:36.813858 7efee9b7b700                 Options.inplace_update_num_locks: 10000
2022/06/08-16:32:36.813859 7efee9b7b700               Options.memtable_prefix_bloom_size_ratio: 0.000000
2022/06/08-16:32:36.813860 7efee9b7b700   Options.memtable_huge_page_size: 0
2022/06/08-16:32:36.813861 7efee9b7b700                           Options.bloom_locality: 0
2022/06/08-16:32:36.813862 7efee9b7b700                    Options.max_successive_merges: 0
2022/06/08-16:32:36.813863 7efee9b7b700                Options.optimize_filters_for_hits: 0
2022/06/08-16:32:36.813863 7efee9b7b700                Options.paranoid_file_checks: 0
2022/06/08-16:32:36.813864 7efee9b7b700                Options.force_consistency_checks: 0
2022/06/08-16:32:36.813865 7efee9b7b700                Options.report_bg_io_stats: 0
2022/06/08-16:32:36.813866 7efee9b7b700                               Options.ttl: 0
