2022/06/10-16:39:28.405661 7f9e4017b700 RocksDB version: 5.18.4
2022/06/10-16:39:28.405692 7f9e4017b700 Git sha rocksdb_build_git_sha:
2022/06/10-16:39:28.405694 7f9e4017b700 Compile date Mar 11 2020
2022/06/10-16:39:28.405696 7f9e4017b700 DB SUMMARY
2022/06/10-16:39:28.405715 7f9e4017b700 CURRENT file:  CURRENT
2022/06/10-16:39:28.405716 7f9e4017b700 IDENTITY file:  IDENTITY
2022/06/10-16:39:28.405720 7f9e4017b700 MANIFEST file:  MANIFEST-000001 size: 13 Bytes
2022/06/10-16:39:28.405722 7f9e4017b700 SST files in /home/ANT.AMAZON.COM/stefler/Documents/university/cloud-services/WikipediaStats/src/streams/./local-streams/kafka-streams-wiki/26_2/rocksdb/week-per-language-active-users dir, Total Num: 0, files: 
2022/06/10-16:39:28.405723 7f9e4017b700 Write Ahead Log file in /home/ANT.AMAZON.COM/stefler/Documents/university/cloud-services/WikipediaStats/src/streams/./local-streams/kafka-streams-wiki/26_2/rocksdb/week-per-language-active-users: 000003.log size: 0 ; 
2022/06/10-16:39:28.405725 7f9e4017b700                         Options.error_if_exists: 0
2022/06/10-16:39:28.405727 7f9e4017b700                       Options.create_if_missing: 1
2022/06/10-16:39:28.405728 7f9e4017b700                         Options.paranoid_checks: 1
2022/06/10-16:39:28.405729 7f9e4017b700                                     Options.env: 0x7f9de62e6fa0
2022/06/10-16:39:28.405730 7f9e4017b700                                Options.info_log: 0x7f9de1b43570
2022/06/10-16:39:28.405731 7f9e4017b700                Options.max_file_opening_threads: 16
2022/06/10-16:39:28.405732 7f9e4017b700                              Options.statistics: (nil)
2022/06/10-16:39:28.405736 7f9e4017b700                               Options.use_fsync: 0
2022/06/10-16:39:28.405738 7f9e4017b700                       Options.max_log_file_size: 0
2022/06/10-16:39:28.405739 7f9e4017b700                  Options.max_manifest_file_size: 1073741824
2022/06/10-16:39:28.405740 7f9e4017b700                   Options.log_file_time_to_roll: 0
2022/06/10-16:39:28.405741 7f9e4017b700                       Options.keep_log_file_num: 1000
2022/06/10-16:39:28.405742 7f9e4017b700                    Options.recycle_log_file_num: 0
2022/06/10-16:39:28.405743 7f9e4017b700                         Options.allow_fallocate: 1
2022/06/10-16:39:28.405744 7f9e4017b700                        Options.allow_mmap_reads: 0
2022/06/10-16:39:28.405745 7f9e4017b700                       Options.allow_mmap_writes: 0
2022/06/10-16:39:28.405747 7f9e4017b700                        Options.use_direct_reads: 0
2022/06/10-16:39:28.405748 7f9e4017b700                        Options.use_direct_io_for_flush_and_compaction: 0
2022/06/10-16:39:28.405749 7f9e4017b700          Options.create_missing_column_families: 0
2022/06/10-16:39:28.405750 7f9e4017b700                              Options.db_log_dir: 
2022/06/10-16:39:28.405751 7f9e4017b700                                 Options.wal_dir: /home/ANT.AMAZON.COM/stefler/Documents/university/cloud-services/WikipediaStats/src/streams/./local-streams/kafka-streams-wiki/26_2/rocksdb/week-per-language-active-users
2022/06/10-16:39:28.405752 7f9e4017b700                Options.table_cache_numshardbits: 6
2022/06/10-16:39:28.405753 7f9e4017b700                      Options.max_subcompactions: 1
2022/06/10-16:39:28.405755 7f9e4017b700                  Options.max_background_flushes: -1
2022/06/10-16:39:28.405756 7f9e4017b700                         Options.WAL_ttl_seconds: 0
2022/06/10-16:39:28.405757 7f9e4017b700                       Options.WAL_size_limit_MB: 0
2022/06/10-16:39:28.405758 7f9e4017b700             Options.manifest_preallocation_size: 4194304
2022/06/10-16:39:28.405759 7f9e4017b700                     Options.is_fd_close_on_exec: 1
2022/06/10-16:39:28.405760 7f9e4017b700                   Options.advise_random_on_open: 1
2022/06/10-16:39:28.405761 7f9e4017b700                    Options.db_write_buffer_size: 0
2022/06/10-16:39:28.405762 7f9e4017b700                    Options.write_buffer_manager: 0x7f9de1bc47f0
2022/06/10-16:39:28.405764 7f9e4017b700         Options.access_hint_on_compaction_start: 1
2022/06/10-16:39:28.405765 7f9e4017b700  Options.new_table_reader_for_compaction_inputs: 0
2022/06/10-16:39:28.405772 7f9e4017b700           Options.random_access_max_buffer_size: 1048576
2022/06/10-16:39:28.405773 7f9e4017b700                      Options.use_adaptive_mutex: 0
2022/06/10-16:39:28.405774 7f9e4017b700                            Options.rate_limiter: (nil)
2022/06/10-16:39:28.405775 7f9e4017b700     Options.sst_file_manager.rate_bytes_per_sec: 0
2022/06/10-16:39:28.405777 7f9e4017b700                       Options.wal_recovery_mode: 2
2022/06/10-16:39:28.405778 7f9e4017b700                  Options.enable_thread_tracking: 0
2022/06/10-16:39:28.405779 7f9e4017b700                  Options.enable_pipelined_write: 0
2022/06/10-16:39:28.405780 7f9e4017b700         Options.allow_concurrent_memtable_write: 1
2022/06/10-16:39:28.405781 7f9e4017b700      Options.enable_write_thread_adaptive_yield: 1
2022/06/10-16:39:28.405782 7f9e4017b700             Options.write_thread_max_yield_usec: 100
2022/06/10-16:39:28.405783 7f9e4017b700            Options.write_thread_slow_yield_usec: 3
2022/06/10-16:39:28.405784 7f9e4017b700                               Options.row_cache: None
2022/06/10-16:39:28.405786 7f9e4017b700                              Options.wal_filter: None
2022/06/10-16:39:28.405787 7f9e4017b700             Options.avoid_flush_during_recovery: 0
2022/06/10-16:39:28.405788 7f9e4017b700             Options.allow_ingest_behind: 0
2022/06/10-16:39:28.405789 7f9e4017b700             Options.preserve_deletes: 0
2022/06/10-16:39:28.405790 7f9e4017b700             Options.two_write_queues: 0
2022/06/10-16:39:28.405791 7f9e4017b700             Options.manual_wal_flush: 0
2022/06/10-16:39:28.405792 7f9e4017b700             Options.max_background_jobs: 8
2022/06/10-16:39:28.405794 7f9e4017b700             Options.max_background_compactions: -1
2022/06/10-16:39:28.405795 7f9e4017b700             Options.avoid_flush_during_shutdown: 0
2022/06/10-16:39:28.405796 7f9e4017b700           Options.writable_file_max_buffer_size: 1048576
2022/06/10-16:39:28.405797 7f9e4017b700             Options.delayed_write_rate : 16777216
2022/06/10-16:39:28.405798 7f9e4017b700             Options.max_total_wal_size: 0
2022/06/10-16:39:28.405799 7f9e4017b700             Options.delete_obsolete_files_period_micros: 21600000000
2022/06/10-16:39:28.405801 7f9e4017b700                   Options.stats_dump_period_sec: 600
2022/06/10-16:39:28.405802 7f9e4017b700                          Options.max_open_files: -1
2022/06/10-16:39:28.405803 7f9e4017b700                          Options.bytes_per_sync: 0
2022/06/10-16:39:28.405804 7f9e4017b700                      Options.wal_bytes_per_sync: 0
2022/06/10-16:39:28.405805 7f9e4017b700       Options.compaction_readahead_size: 0
2022/06/10-16:39:28.405806 7f9e4017b700 Compression algorithms supported:
2022/06/10-16:39:28.405807 7f9e4017b700 	kZSTDNotFinalCompression supported: 1
2022/06/10-16:39:28.405809 7f9e4017b700 	kZSTD supported: 1
2022/06/10-16:39:28.405811 7f9e4017b700 	kXpressCompression supported: 0
2022/06/10-16:39:28.405812 7f9e4017b700 	kLZ4HCCompression supported: 1
2022/06/10-16:39:28.405813 7f9e4017b700 	kLZ4Compression supported: 1
2022/06/10-16:39:28.405814 7f9e4017b700 	kBZip2Compression supported: 1
2022/06/10-16:39:28.405815 7f9e4017b700 	kZlibCompression supported: 1
2022/06/10-16:39:28.405816 7f9e4017b700 	kSnappyCompression supported: 1
2022/06/10-16:39:28.405818 7f9e4017b700 Fast CRC32 supported: Not supported on x86
2022/06/10-16:39:28.405947 7f9e4017b700               Options.comparator: leveldb.BytewiseComparator
2022/06/10-16:39:28.405949 7f9e4017b700           Options.merge_operator: None
2022/06/10-16:39:28.405950 7f9e4017b700        Options.compaction_filter: None
2022/06/10-16:39:28.405951 7f9e4017b700        Options.compaction_filter_factory: None
2022/06/10-16:39:28.405952 7f9e4017b700         Options.memtable_factory: SkipListFactory
2022/06/10-16:39:28.405953 7f9e4017b700            Options.table_factory: BlockBasedTable
2022/06/10-16:39:28.405979 7f9e4017b700            table_factory options:   flush_block_policy_factory: FlushBlockBySizePolicyFactory (0x7f9de1b7c9c0)
  cache_index_and_filter_blocks: 0
  cache_index_and_filter_blocks_with_high_priority: 0
  pin_l0_filter_and_index_blocks_in_cache: 0
  pin_top_level_index_and_filter: 1
  index_type: 0
  hash_index_allow_collision: 1
  checksum: 1
  no_block_cache: 0
  block_cache: 0x7f9de1b32110
  block_cache_name: LRUCache
  block_cache_options:
    capacity : 52428800
    num_shard_bits : 6
    strict_capacity_limit : 0
    memory_allocator : None
    high_pri_pool_ratio: 0.000
  block_cache_compressed: (nil)
  persistent_cache: (nil)
  block_size: 4096
  block_size_deviation: 10
  block_restart_interval: 16
  index_block_restart_interval: 1
  metadata_block_size: 4096
  partition_filters: 0
  use_delta_encoding: 1
  filter_policy: rocksdb.BuiltinBloomFilter
  whole_key_filtering: 1
  verify_compression: 0
  read_amp_bytes_per_bit: 0
  format_version: 0
  enable_index_compression: 1
  block_align: 0
2022/06/10-16:39:28.405986 7f9e4017b700        Options.write_buffer_size: 16777216
2022/06/10-16:39:28.405987 7f9e4017b700  Options.max_write_buffer_number: 3
2022/06/10-16:39:28.405989 7f9e4017b700          Options.compression: NoCompression
2022/06/10-16:39:28.405990 7f9e4017b700                  Options.bottommost_compression: Disabled
2022/06/10-16:39:28.405991 7f9e4017b700       Options.prefix_extractor: nullptr
2022/06/10-16:39:28.405992 7f9e4017b700   Options.memtable_insert_with_hint_prefix_extractor: nullptr
2022/06/10-16:39:28.405994 7f9e4017b700             Options.num_levels: 7
2022/06/10-16:39:28.405995 7f9e4017b700        Options.min_write_buffer_number_to_merge: 1
2022/06/10-16:39:28.405996 7f9e4017b700     Options.max_write_buffer_number_to_maintain: 0
2022/06/10-16:39:28.405997 7f9e4017b700            Options.bottommost_compression_opts.window_bits: -14
2022/06/10-16:39:28.405998 7f9e4017b700                  Options.bottommost_compression_opts.level: 32767
2022/06/10-16:39:28.405999 7f9e4017b700               Options.bottommost_compression_opts.strategy: 0
2022/06/10-16:39:28.406000 7f9e4017b700         Options.bottommost_compression_opts.max_dict_bytes: 0
2022/06/10-16:39:28.406001 7f9e4017b700         Options.bottommost_compression_opts.zstd_max_train_bytes: 0
2022/06/10-16:39:28.406002 7f9e4017b700                  Options.bottommost_compression_opts.enabled: false
2022/06/10-16:39:28.406004 7f9e4017b700            Options.compression_opts.window_bits: -14
2022/06/10-16:39:28.406005 7f9e4017b700                  Options.compression_opts.level: 32767
2022/06/10-16:39:28.406006 7f9e4017b700               Options.compression_opts.strategy: 0
2022/06/10-16:39:28.406007 7f9e4017b700         Options.compression_opts.max_dict_bytes: 0
2022/06/10-16:39:28.406008 7f9e4017b700         Options.compression_opts.zstd_max_train_bytes: 0
2022/06/10-16:39:28.406009 7f9e4017b700                  Options.compression_opts.enabled: false
2022/06/10-16:39:28.406010 7f9e4017b700      Options.level0_file_num_compaction_trigger: 4
2022/06/10-16:39:28.406011 7f9e4017b700          Options.level0_slowdown_writes_trigger: 20
2022/06/10-16:39:28.406012 7f9e4017b700              Options.level0_stop_writes_trigger: 36
2022/06/10-16:39:28.406014 7f9e4017b700                   Options.target_file_size_base: 67108864
2022/06/10-16:39:28.406015 7f9e4017b700             Options.target_file_size_multiplier: 1
2022/06/10-16:39:28.406016 7f9e4017b700                Options.max_bytes_for_level_base: 268435456
2022/06/10-16:39:28.406017 7f9e4017b700 Options.level_compaction_dynamic_level_bytes: 0
2022/06/10-16:39:28.406018 7f9e4017b700          Options.max_bytes_for_level_multiplier: 10.000000
2022/06/10-16:39:28.406020 7f9e4017b700 Options.max_bytes_for_level_multiplier_addtl[0]: 1
2022/06/10-16:39:28.406021 7f9e4017b700 Options.max_bytes_for_level_multiplier_addtl[1]: 1
2022/06/10-16:39:28.406022 7f9e4017b700 Options.max_bytes_for_level_multiplier_addtl[2]: 1
2022/06/10-16:39:28.406024 7f9e4017b700 Options.max_bytes_for_level_multiplier_addtl[3]: 1
2022/06/10-16:39:28.406025 7f9e4017b700 Options.max_bytes_for_level_multiplier_addtl[4]: 1
2022/06/10-16:39:28.406030 7f9e4017b700 Options.max_bytes_for_level_multiplier_addtl[5]: 1
2022/06/10-16:39:28.406031 7f9e4017b700 Options.max_bytes_for_level_multiplier_addtl[6]: 1
2022/06/10-16:39:28.406032 7f9e4017b700       Options.max_sequential_skip_in_iterations: 8
2022/06/10-16:39:28.406033 7f9e4017b700                    Options.max_compaction_bytes: 1677721600
2022/06/10-16:39:28.406034 7f9e4017b700                        Options.arena_block_size: 2097152
2022/06/10-16:39:28.406035 7f9e4017b700   Options.soft_pending_compaction_bytes_limit: 68719476736
2022/06/10-16:39:28.406037 7f9e4017b700   Options.hard_pending_compaction_bytes_limit: 274877906944
2022/06/10-16:39:28.406038 7f9e4017b700       Options.rate_limit_delay_max_milliseconds: 100
2022/06/10-16:39:28.406039 7f9e4017b700                Options.disable_auto_compactions: 0
2022/06/10-16:39:28.406040 7f9e4017b700                        Options.compaction_style: kCompactionStyleUniversal
2022/06/10-16:39:28.406042 7f9e4017b700                          Options.compaction_pri: kByCompensatedSize
2022/06/10-16:39:28.406043 7f9e4017b700 Options.compaction_options_universal.size_ratio: 1
2022/06/10-16:39:28.406044 7f9e4017b700 Options.compaction_options_universal.min_merge_width: 2
2022/06/10-16:39:28.406045 7f9e4017b700 Options.compaction_options_universal.max_merge_width: 4294967295
2022/06/10-16:39:28.406046 7f9e4017b700 Options.compaction_options_universal.max_size_amplification_percent: 200
2022/06/10-16:39:28.406047 7f9e4017b700 Options.compaction_options_universal.compression_size_percent: -1
2022/06/10-16:39:28.406049 7f9e4017b700 Options.compaction_options_universal.stop_style: kCompactionStopStyleTotalSize
2022/06/10-16:39:28.406050 7f9e4017b700 Options.compaction_options_fifo.max_table_files_size: 1073741824
2022/06/10-16:39:28.406051 7f9e4017b700 Options.compaction_options_fifo.allow_compaction: 0
2022/06/10-16:39:28.406052 7f9e4017b700 Options.compaction_options_fifo.ttl: 0
2022/06/10-16:39:28.406053 7f9e4017b700                   Options.table_properties_collectors: 
2022/06/10-16:39:28.406054 7f9e4017b700                   Options.inplace_update_support: 0
2022/06/10-16:39:28.406055 7f9e4017b700                 Options.inplace_update_num_locks: 10000
2022/06/10-16:39:28.406057 7f9e4017b700               Options.memtable_prefix_bloom_size_ratio: 0.000000
2022/06/10-16:39:28.406058 7f9e4017b700   Options.memtable_huge_page_size: 0
2022/06/10-16:39:28.406059 7f9e4017b700                           Options.bloom_locality: 0
2022/06/10-16:39:28.406060 7f9e4017b700                    Options.max_successive_merges: 0
2022/06/10-16:39:28.406061 7f9e4017b700                Options.optimize_filters_for_hits: 0
2022/06/10-16:39:28.406063 7f9e4017b700                Options.paranoid_file_checks: 0
2022/06/10-16:39:28.406064 7f9e4017b700                Options.force_consistency_checks: 0
2022/06/10-16:39:28.406065 7f9e4017b700                Options.report_bg_io_stats: 0
2022/06/10-16:39:28.406066 7f9e4017b700                               Options.ttl: 0
2022/06/10-16:39:28.416940 7f9e4017b700               Options.comparator: leveldb.BytewiseComparator
2022/06/10-16:39:28.416946 7f9e4017b700           Options.merge_operator: None
2022/06/10-16:39:28.416947 7f9e4017b700        Options.compaction_filter: None
2022/06/10-16:39:28.416949 7f9e4017b700        Options.compaction_filter_factory: None
2022/06/10-16:39:28.416950 7f9e4017b700         Options.memtable_factory: SkipListFactory
2022/06/10-16:39:28.416951 7f9e4017b700            Options.table_factory: BlockBasedTable
2022/06/10-16:39:28.416983 7f9e4017b700            table_factory options:   flush_block_policy_factory: FlushBlockBySizePolicyFactory (0x7f9de1b7c9c0)
  cache_index_and_filter_blocks: 0
  cache_index_and_filter_blocks_with_high_priority: 0
  pin_l0_filter_and_index_blocks_in_cache: 0
  pin_top_level_index_and_filter: 1
  index_type: 0
  hash_index_allow_collision: 1
  checksum: 1
  no_block_cache: 0
  block_cache: 0x7f9de1b32110
  block_cache_name: LRUCache
  block_cache_options:
    capacity : 52428800
    num_shard_bits : 6
    strict_capacity_limit : 0
    memory_allocator : None
    high_pri_pool_ratio: 0.000
  block_cache_compressed: (nil)
  persistent_cache: (nil)
  block_size: 4096
  block_size_deviation: 10
  block_restart_interval: 16
  index_block_restart_interval: 1
  metadata_block_size: 4096
  partition_filters: 0
  use_delta_encoding: 1
  filter_policy: rocksdb.BuiltinBloomFilter
  whole_key_filtering: 1
  verify_compression: 0
  read_amp_bytes_per_bit: 0
  format_version: 0
  enable_index_compression: 1
  block_align: 0
2022/06/10-16:39:28.416985 7f9e4017b700        Options.write_buffer_size: 16777216
2022/06/10-16:39:28.416986 7f9e4017b700  Options.max_write_buffer_number: 3
2022/06/10-16:39:28.416988 7f9e4017b700          Options.compression: NoCompression
2022/06/10-16:39:28.416989 7f9e4017b700                  Options.bottommost_compression: Disabled
2022/06/10-16:39:28.416991 7f9e4017b700       Options.prefix_extractor: nullptr
2022/06/10-16:39:28.416992 7f9e4017b700   Options.memtable_insert_with_hint_prefix_extractor: nullptr
2022/06/10-16:39:28.416993 7f9e4017b700             Options.num_levels: 7
2022/06/10-16:39:28.416994 7f9e4017b700        Options.min_write_buffer_number_to_merge: 1
2022/06/10-16:39:28.416995 7f9e4017b700     Options.max_write_buffer_number_to_maintain: 0
2022/06/10-16:39:28.416997 7f9e4017b700            Options.bottommost_compression_opts.window_bits: -14
2022/06/10-16:39:28.416998 7f9e4017b700                  Options.bottommost_compression_opts.level: 32767
2022/06/10-16:39:28.416999 7f9e4017b700               Options.bottommost_compression_opts.strategy: 0
2022/06/10-16:39:28.417000 7f9e4017b700         Options.bottommost_compression_opts.max_dict_bytes: 0
2022/06/10-16:39:28.417001 7f9e4017b700         Options.bottommost_compression_opts.zstd_max_train_bytes: 0
2022/06/10-16:39:28.417003 7f9e4017b700                  Options.bottommost_compression_opts.enabled: false
2022/06/10-16:39:28.417004 7f9e4017b700            Options.compression_opts.window_bits: -14
2022/06/10-16:39:28.417005 7f9e4017b700                  Options.compression_opts.level: 32767
2022/06/10-16:39:28.417006 7f9e4017b700               Options.compression_opts.strategy: 0
2022/06/10-16:39:28.417007 7f9e4017b700         Options.compression_opts.max_dict_bytes: 0
2022/06/10-16:39:28.417009 7f9e4017b700         Options.compression_opts.zstd_max_train_bytes: 0
2022/06/10-16:39:28.417010 7f9e4017b700                  Options.compression_opts.enabled: false
2022/06/10-16:39:28.417011 7f9e4017b700      Options.level0_file_num_compaction_trigger: 4
2022/06/10-16:39:28.417012 7f9e4017b700          Options.level0_slowdown_writes_trigger: 20
2022/06/10-16:39:28.417013 7f9e4017b700              Options.level0_stop_writes_trigger: 36
2022/06/10-16:39:28.417014 7f9e4017b700                   Options.target_file_size_base: 67108864
2022/06/10-16:39:28.417015 7f9e4017b700             Options.target_file_size_multiplier: 1
2022/06/10-16:39:28.417016 7f9e4017b700                Options.max_bytes_for_level