2022/06/12-10:59:20.495564 7f07773f9700 RocksDB version: 5.18.4
2022/06/12-10:59:20.495579 7f07773f9700 Git sha rocksdb_build_git_sha:
2022/06/12-10:59:20.495580 7f07773f9700 Compile date Mar 11 2020
2022/06/12-10:59:20.495581 7f07773f9700 DB SUMMARY
2022/06/12-10:59:20.495589 7f07773f9700 CURRENT file:  CURRENT
2022/06/12-10:59:20.495590 7f07773f9700 IDENTITY file:  IDENTITY
2022/06/12-10:59:20.495592 7f07773f9700 MANIFEST file:  MANIFEST-000001 size: 13 Bytes
2022/06/12-10:59:20.495593 7f07773f9700 SST files in /home/ANT.AMAZON.COM/stefler/Documents/university/cloud-services/WikipediaStats/src/streams/./local-streams/kafka-streams-wiki/9_1/rocksdb/month-all-active-users dir, Total Num: 0, files: 
2022/06/12-10:59:20.495593 7f07773f9700 Write Ahead Log file in /home/ANT.AMAZON.COM/stefler/Documents/university/cloud-services/WikipediaStats/src/streams/./local-streams/kafka-streams-wiki/9_1/rocksdb/month-all-active-users: 000003.log size: 0 ; 
2022/06/12-10:59:20.495594 7f07773f9700                         Options.error_if_exists: 0
2022/06/12-10:59:20.495595 7f07773f9700                       Options.create_if_missing: 1
2022/06/12-10:59:20.495595 7f07773f9700                         Options.paranoid_checks: 1
2022/06/12-10:59:20.495596 7f07773f9700                                     Options.env: 0x7f0775d39fa0
2022/06/12-10:59:20.495596 7f07773f9700                                Options.info_log: 0x7f0764a19060
2022/06/12-10:59:20.495596 7f07773f9700                Options.max_file_opening_threads: 16
2022/06/12-10:59:20.495597 7f07773f9700                              Options.statistics: (nil)
2022/06/12-10:59:20.495597 7f07773f9700                               Options.use_fsync: 0
2022/06/12-10:59:20.495598 7f07773f9700                       Options.max_log_file_size: 0
2022/06/12-10:59:20.495598 7f07773f9700                  Options.max_manifest_file_size: 1073741824
2022/06/12-10:59:20.495599 7f07773f9700                   Options.log_file_time_to_roll: 0
2022/06/12-10:59:20.495599 7f07773f9700                       Options.keep_log_file_num: 1000
2022/06/12-10:59:20.495600 7f07773f9700                    Options.recycle_log_file_num: 0
2022/06/12-10:59:20.495600 7f07773f9700                         Options.allow_fallocate: 1
2022/06/12-10:59:20.495601 7f07773f9700                        Options.allow_mmap_reads: 0
2022/06/12-10:59:20.495601 7f07773f9700                       Options.allow_mmap_writes: 0
2022/06/12-10:59:20.495601 7f07773f9700                        Options.use_direct_reads: 0
2022/06/12-10:59:20.495602 7f07773f9700                        Options.use_direct_io_for_flush_and_compaction: 0
2022/06/12-10:59:20.495602 7f07773f9700          Options.create_missing_column_families: 0
2022/06/12-10:59:20.495603 7f07773f9700                              Options.db_log_dir: 
2022/06/12-10:59:20.495603 7f07773f9700                                 Options.wal_dir: /home/ANT.AMAZON.COM/stefler/Documents/university/cloud-services/WikipediaStats/src/streams/./local-streams/kafka-streams-wiki/9_1/rocksdb/month-all-active-users
2022/06/12-10:59:20.495604 7f07773f9700                Options.table_cache_numshardbits: 6
2022/06/12-10:59:20.495604 7f07773f9700                      Options.max_subcompactions: 1
2022/06/12-10:59:20.495604 7f07773f9700                  Options.max_background_flushes: -1
2022/06/12-10:59:20.495605 7f07773f9700                         Options.WAL_ttl_seconds: 0
2022/06/12-10:59:20.495605 7f07773f9700                       Options.WAL_size_limit_MB: 0
2022/06/12-10:59:20.495606 7f07773f9700             Options.manifest_preallocation_size: 4194304
2022/06/12-10:59:20.495606 7f07773f9700                     Options.is_fd_close_on_exec: 1
2022/06/12-10:59:20.495607 7f07773f9700                   Options.advise_random_on_open: 1
2022/06/12-10:59:20.495607 7f07773f9700                    Options.db_write_buffer_size: 0
2022/06/12-10:59:20.495608 7f07773f9700                    Options.write_buffer_manager: 0x7f0764a12580
2022/06/12-10:59:20.495608 7f07773f9700         Options.access_hint_on_compaction_start: 1
2022/06/12-10:59:20.495608 7f07773f9700  Options.new_table_reader_for_compaction_inputs: 0
2022/06/12-10:59:20.495612 7f07773f9700           Options.random_access_max_buffer_size: 1048576
2022/06/12-10:59:20.495612 7f07773f9700                      Options.use_adaptive_mutex: 0
2022/06/12-10:59:20.495613 7f07773f9700                            Options.rate_limiter: (nil)
2022/06/12-10:59:20.495613 7f07773f9700     Options.sst_file_manager.rate_bytes_per_sec: 0
2022/06/12-10:59:20.495614 7f07773f9700                       Options.wal_recovery_mode: 2
2022/06/12-10:59:20.495614 7f07773f9700                  Options.enable_thread_tracking: 0
2022/06/12-10:59:20.495615 7f07773f9700                  Options.enable_pipelined_write: 0
2022/06/12-10:59:20.495615 7f07773f9700         Options.allow_concurrent_memtable_write: 1
2022/06/12-10:59:20.495616 7f07773f9700      Options.enable_write_thread_adaptive_yield: 1
2022/06/12-10:59:20.495616 7f07773f9700             Options.write_thread_max_yield_usec: 100
2022/06/12-10:59:20.495616 7f07773f9700            Options.write_thread_slow_yield_usec: 3
2022/06/12-10:59:20.495617 7f07773f9700                               Options.row_cache: None
2022/06/12-10:59:20.495617 7f07773f9700                              Options.wal_filter: None
2022/06/12-10:59:20.495618 7f07773f9700             Options.avoid_flush_during_recovery: 0
2022/06/12-10:59:20.495618 7f07773f9700             Options.allow_ingest_behind: 0
2022/06/12-10:59:20.495618 7f07773f9700             Options.preserve_deletes: 0
2022/06/12-10:59:20.495619 7f07773f9700             Options.two_write_queues: 0
2022/06/12-10:59:20.495619 7f07773f9700             Options.manual_wal_flush: 0
2022/06/12-10:59:20.495620 7f07773f9700             Options.max_background_jobs: 8
2022/06/12-10:59:20.495620 7f07773f9700             Options.max_background_compactions: -1
2022/06/12-10:59:20.495620 7f07773f9700             Options.avoid_flush_during_shutdown: 0
2022/06/12-10:59:20.495621 7f07773f9700           Options.writable_file_max_buffer_size: 1048576
2022/06/12-10:59:20.495621 7f07773f9700             Options.delayed_write_rate : 16777216
2022/06/12-10:59:20.495622 7f07773f9700             Options.max_total_wal_size: 0
2022/06/12-10:59:20.495622 7f07773f9700             Options.delete_obsolete_files_period_micros: 21600000000
2022/06/12-10:59:20.495623 7f07773f9700                   Options.stats_dump_period_sec: 600
2022/06/12-10:59:20.495623 7f07773f9700                          Options.max_open_files: -1
2022/06/12-10:59:20.495623 7f07773f9700                          Options.bytes_per_sync: 0
2022/06/12-10:59:20.495624 7f07773f9700                      Options.wal_bytes_per_sync: 0
2022/06/12-10:59:20.495624 7f07773f9700       Options.compaction_readahead_size: 0
2022/06/12-10:59:20.495625 7f07773f9700 Compression algorithms supported:
2022/06/12-10:59:20.495625 7f07773f9700 	kZSTDNotFinalCompression supported: 1
2022/06/12-10:59:20.495626 7f07773f9700 	kZSTD supported: 1
2022/06/12-10:59:20.495626 7f07773f9700 	kXpressCompression supported: 0
2022/06/12-10:59:20.495627 7f07773f9700 	kLZ4HCCompression supported: 1
2022/06/12-10:59:20.495627 7f07773f9700 	kLZ4Compression supported: 1
2022/06/12-10:59:20.495628 7f07773f9700 	kBZip2Compression supported: 1
2022/06/12-10:59:20.495628 7f07773f9700 	kZlibCompression supported: 1
2022/06/12-10:59:20.495629 7f07773f9700 	kSnappyCompression supported: 1
2022/06/12-10:59:20.495629 7f07773f9700 Fast CRC32 supported: Not supported on x86
2022/06/12-10:59:20.495687 7f07773f9700               Options.comparator: leveldb.BytewiseComparator
2022/06/12-10:59:20.495687 7f07773f9700           Options.merge_operator: None
2022/06/12-10:59:20.495688 7f07773f9700        Options.compaction_filter: None
2022/06/12-10:59:20.495688 7f07773f9700        Options.compaction_filter_factory: None
2022/06/12-10:59:20.495689 7f07773f9700         Options.memtable_factory: SkipListFactory
2022/06/12-10:59:20.495689 7f07773f9700            Options.table_factory: BlockBasedTable
2022/06/12-10:59:20.495697 7f07773f9700            table_factory options:   flush_block_policy_factory: FlushBlockBySizePolicyFactory (0x7f0764a172d0)
  cache_index_and_filter_blocks: 0
  cache_index_and_filter_blocks_with_high_priority: 0
  pin_l0_filter_and_index_blocks_in_cache: 0
  pin_top_level_index_and_filter: 1
  index_type: 0
  hash_index_allow_collision: 1
  checksum: 1
  no_block_cache: 0
  block_cache: 0x7f07649927e0
  block_cache_name: LRUCache
  block_cache_options:
    capacity : 52428800
    num_shard_bits : 6
    strict_capacity_limit : 0
    memory_allocator : None
    high_pri_pool_ratio: 0.000
  block_cache_compressed: (nil)
  persistent_cache: (nil)
  block_size: 4096
  block_size_deviation: 10
  block_restart_interval: 16
  index_block_restart_interval: 1
  metadata_block_size: 4096
  partition_filters: 0
  use_delta_encoding: 1
  filter_policy: rocksdb.BuiltinBloomFilter
  whole_key_filtering: 1
  verify_compression: 0
  read_amp_bytes_per_bit: 0
  format_version: 0
  enable_index_compression: 1
  block_align: 0
2022/06/12-10:59:20.495701 7f07773f9700        Options.write_buffer_size: 16777216
2022/06/12-10:59:20.495701 7f07773f9700  Options.max_write_buffer_number: 3
2022/06/12-10:59:20.495702 7f07773f9700          Options.compression: NoCompression
2022/06/12-10:59:20.495702 7f07773f9700                  Options.bottommost_compression: Disabled
2022/06/12-10:59:20.495703 7f07773f9700       Options.prefix_extractor: nullptr
2022/06/12-10:59:20.495703 7f07773f9700   Options.memtable_insert_with_hint_prefix_extractor: nullptr
2022/06/12-10:59:20.495704 7f07773f9700             Options.num_levels: 7
2022/06/12-10:59:20.495704 7f07773f9700        Options.min_write_buffer_number_to_merge: 1
2022/06/12-10:59:20.495704 7f07773f9700     Options.max_write_buffer_number_to_maintain: 0
2022/06/12-10:59:20.495705 7f07773f9700            Options.bottommost_compression_opts.window_bits: -14
2022/06/12-10:59:20.495705 7f07773f9700                  Options.bottommost_compression_opts.level: 32767
2022/06/12-10:59:20.495706 7f07773f9700               Options.bottommost_compression_opts.strategy: 0
2022/06/12-10:59:20.495706 7f07773f9700         Options.bottommost_compression_opts.max_dict_bytes: 0
2022/06/12-10:59:20.495706 7f07773f9700         Options.bottommost_compression_opts.zstd_max_train_bytes: 0
2022/06/12-10:59:20.495707 7f07773f9700                  Options.bottommost_compression_opts.enabled: false
2022/06/12-10:59:20.495707 7f07773f9700            Options.compression_opts.window_bits: -14
2022/06/12-10:59:20.495708 7f07773f9700                  Options.compression_opts.level: 32767
2022/06/12-10:59:20.495708 7f07773f9700               Options.compression_opts.strategy: 0
2022/06/12-10:59:20.495709 7f07773f9700         Options.compression_opts.max_dict_bytes: 0
2022/06/12-10:59:20.495709 7f07773f9700         Options.compression_opts.zstd_max_train_bytes: 0
2022/06/12-10:59:20.495709 7f07773f9700                  Options.compression_opts.enabled: false
2022/06/12-10:59:20.495710 7f07773f9700      Options.level0_file_num_compaction_trigger: 4
2022/06/12-10:59:20.495710 7f07773f9700          Options.level0_slowdown_writes_trigger: 20
2022/06/12-10:59:20.495711 7f07773f9700              Options.level0_stop_writes_trigger: 36
2022/06/12-10:59:20.495711 7f07773f9700                   Options.target_file_size_base: 67108864
2022/06/12-10:59:20.495711 7f07773f9700             Options.target_file_size_multiplier: 1
2022/06/12-10:59:20.495712 7f07773f9700                Options.max_bytes_for_level_base: 268435456
2022/06/12-10:59:20.495712 7f07773f9700 Options.level_compaction_dynamic_level_bytes: 0
2022/06/12-10:59:20.495713 7f07773f9700          Options.max_bytes_for_level_multiplier: 10.000000
2022/06/12-10:59:20.495714 7f07773f9700 Options.max_bytes_for_level_multiplier_addtl[0]: 1
2022/06/12-10:59:20.495714 7f07773f9700 Options.max_bytes_for_level_multiplier_addtl[1]: 1
2022/06/12-10:59:20.495715 7f07773f9700 Options.max_bytes_for_level_multiplier_addtl[2]: 1
2022/06/12-10:59:20.495715 7f07773f9700 Options.max_bytes_for_level_multiplier_addtl[3]: 1
2022/06/12-10:59:20.495715 7f07773f9700 Options.max_bytes_for_level_multiplier_addtl[4]: 1
2022/06/12-10:59:20.495719 7f07773f9700 Options.max_bytes_for_level_multiplier_addtl[5]: 1
2022/06/12-10:59:20.495719 7f07773f9700 Options.max_bytes_for_level_multiplier_addtl[6]: 1
2022/06/12-10:59:20.495720 7f07773f9700       Options.max_sequential_skip_in_iterations: 8
2022/06/12-10:59:20.495720 7f07773f9700                    Options.max_compaction_bytes: 1677721600
2022/06/12-10:59:20.495721 7f07773f9700                        Options.arena_block_size: 2097152
2022/06/12-10:59:20.495721 7f07773f9700   Options.soft_pending_compaction_bytes_limit: 68719476736
2022/06/12-10:59:20.495721 7f07773f9700   Options.hard_pending_compaction_bytes_limit: 274877906944
2022/06/12-10:59:20.495722 7f07773f9700       Options.rate_limit_delay_max_milliseconds: 100
2022/06/12-10:59:20.495722 7f07773f9700                Options.disable_auto_compactions: 0
2022/06/12-10:59:20.495723 7f07773f9700                        Options.compaction_style: kCompactionStyleUniversal
2022/06/12-10:59:20.495723 7f07773f9700                          Options.compaction_pri: kByCompensatedSize
2022/06/12-10:59:20.495724 7f07773f9700 Options.compaction_options_universal.size_ratio: 1
2022/06/12-10:59:20.495724 7f07773f9700 Options.compaction_options_universal.min_merge_width: 2
2022/06/12-10:59:20.495724 7f07773f9700 Options.compaction_options_universal.max_merge_width: 4294967295
2022/06/12-10:59:20.495725 7f07773f9700 Options.compaction_options_universal.max_size_amplification_percent: 200
2022/06/12-10:59:20.495725 7f07773f9700 Options.compaction_options_universal.compression_size_percent: -1
2022/06/12-10:59:20.495726 7f07773f9700 Options.compaction_options_universal.stop_style: kCompactionStopStyleTotalSize
2022/06/12-10:59:20.495726 7f07773f9700 Options.compaction_options_fifo.max_table_files_size: 1073741824
2022/06/12-10:59:20.495727 7f07773f9700 Options.compaction_options_fifo.allow_compaction: 0
2022/06/12-10:59:20.495727 7f07773f9700 Options.compaction_options_fifo.ttl: 0
2022/06/12-10:59:20.495727 7f07773f9700                   Options.table_properties_collectors: 
2022/06/12-10:59:20.495728 7f07773f9700                   Options.inplace_update_support: 0
2022/06/12-10:59:20.495728 7f07773f9700                 Options.inplace_update_num_locks: 10000
2022/06/12-10:59:20.495729 7f07773f9700               Options.memtable_prefix_bloom_size_ratio: 0.000000
2022/06/12-10:59:20.495729 7f07773f9700   Options.memtable_huge_page_size: 0
2022/06/12-10:59:20.495730 7f07773f9700                           Options.bloom_locality: 0
2022/06/12-10:59:20.495730 7f07773f9700                    Options.max_successive_merges: 0
2022/06/12-10:59:20.495731 7f07773f9700                Options.optimize_filters_for_hits: 0
2022/06/12-10:59:20.495731 7f07773f9700                Options.paranoid_file_checks: 0
2022/06/12-10:59:20.495731 7f07773f9700                Options.force_consistency_checks: 0
2022/06/12-10:59:20.495732 7f07773f9700                Options.report_bg_io_stats: 0
2022/06/12-10:59:20.495732 7f07773f9700                               Options.ttl: 0
2022/06/12-10:59:20.505532 7f07773f9700               Options.comparator: leveldb.BytewiseComparator
2022/06/12-10:59:20.505536 7f07773f9700           Options.merge_operator: None
2022/06/12-10:59:20.505536 7f07773f9700        Options.compaction_filter: None
2022/06/12-10:59:20.505537 7f07773f9700        Options.compaction_filter_factory: None
2022/06/12-10:59:20.505537 7f07773f9700         Options.memtable_factory: SkipListFactory
2022/06/12-10:59:20.505538 7f07773f9700            Options.table_factory: BlockBasedTable
2022/06/12-10:59:20.505553 7f07773f9700            table_factory options:   flush_block_policy_factory: FlushBlockBySizePolicyFactory (0x7f0764a172d0)
  cache_index_and_filter_blocks: 0
  cache_index_and_filter_blocks_with_high_priority: 0
  pin_l0_filter_and_index_blocks_in_cache: 0
  pin_top_level_index_and_filter: 1
  index_type: 0
  hash_index_allow_collision: 1
  checksum: 1
  no_block_cache: 0
  block_cache: 0x7f07649927e0
  block_cache_name: LRUCache
  block_cache_options:
    capacity : 52428800
    num_shard_bits : 6
    strict_capacity_limit : 0
    memory_allocator : None
    high_pri_pool_ratio: 0.000
  block_cache_compressed: (nil)
  persistent_cache: (nil)
  block_size: 4096
  block_size_deviation: 10
  block_restart_interval: 16
  index_block_restart_interval: 1
  metadata_block_size: 4096
  partition_filters: 0
  use_delta_encoding: 1
  filter_policy: rocksdb.BuiltinBloomFilter
  whole_key_filtering: 1
  verify_compression: 0
  read_amp_bytes_per_bit: 0
  format_version: 0
  enable_index_compression: 1
  block_align: 0
2022/06/12-10:59:20.505554 7f07773f9700        Options.write_buffer_size: 16777216
2022/06/12-10:59:20.505555 7f07773f9700  Options.max_write_buffer_number: 3
2022/06/12-10:59:20.505555 7f07773f9700          Options.compression: NoCompression
2022/06/12-10:59:20.505556 7f07773f9700                  Options.bottommost_compression: Disabled
2022/06/12-10:59:20.505556 7f07773f9700       Options.prefix_extractor: nullptr
2022/06/12-10:59:20.505557 7f07773f9700   Options.memtable_insert_with_hint_prefix_extractor: nullptr
2022/06/12-10:59:20.505557 7f07773f9700             Options.num_levels: 7
2022/06/12-10:59:20.505557 7f07773f9700        Options.min_write_buffer_number_to_merge: 1
2022/06/12-10:59:20.505558 7f07773f9700     Options.max_write_buffer_number_to_maintain: 0
2022/06/12-10:59:20.505558 7f07773f9700            Options.bottommost_compression_opts.window_bits: -14
2022/06/12-10:59:20.505559 7f07773f9700                  Options.bottommost_compression_opts.level: 32767
2022/06/12-10:59:20.505559 7f07773f9700               Options.bottommost_compression_opts.strategy: 0
2022/06/12-10:59:20.505560 7f07773f9700         Options.bottommost_compression_opts.max_dict_bytes: 0
2022/06/12-10:59:20.505560 7f07773f9700         Options.bottommost_compression_opts.zstd_max_train_bytes: 0
2022/06/12-10:59:20.505561 7f07773f9700                  Options.bottommost_compression_opts.enabled: false
2022/06/12-10:59:20.505561 7f07773f9700            Options.compression_opts.window_bits: -14
2022/06/12-10:59:20.505562 7f07773f9700                  Options.compression_opts.level: 32767
2022/06/12-10:59:20.505562 7f07773f9700               Options.compression_opts.strategy: 0
2022/06/12-10:59:20.505562 7f07773f9700         Options.compression_opts.max_dict_bytes: 0
2022/06/12-10:59:20.505563 7f07773f9700         Options.compression_opts.zstd_max_train_bytes: 0
2022/06/12-10:59:20.505563 7f07773f9700                  Options.compression_opts.enabled: false
2022/06/12-10:59:20.505564 7f07773f9700      Options.level0_file_num_compaction_trigger: 4
2022/06/12-10:59:20.505564 7f07773f9700          Options.level0_slowdown_writes_trigger: 20
2022/06/12-10:59:20.505565 7f07773f9700              Options.level0_stop_writes_trigger: 36
2022/06/12-10:59:20.505565 7f07773f9700                   Options.target_file_size_base: 67108864
2022/06/12-10:59:20.505565 7f07773f9700             Options.target_file_size_multiplier: 1
2022/06/12-10:59:20.505566 7f07773f9700                Options.max_bytes_for_level_base: 268435456
2022/06/12-10:59:20.505575 7f07773f9700 Options.level_compaction_dynamic_level_bytes: 0
2022/06/12-10:59:20.505575 7f07773f9700          Options.max_bytes_for_level_multiplier: 10.000000
2022/06/12-10:59:20.505577 7f07773f9700 Options.max_bytes_for_level_multiplier_addtl[0]: 1
2022/06/12-10:59:20.505577 7f07773f9700 Options.max_bytes_for_level_multiplier_addtl[1]: 1
2022/06/12-10:59:20.505578 7f07773f9700 Options.max_bytes_for_level_multiplier_addtl[2]: 1
2022/06/12-10:59:20.505578 7f07773f9700 Options.max_bytes_for_level_multiplier_addtl[3]: 1
2022/06/12-10:59:20.505578 7f07773f9700 Options.max_bytes_for_level_multiplier_addtl[4]: 1
2022/06/12-10:59:20.505579 7f07773f9700 Options.max_bytes_for_level_multiplier_addtl[5]: 1
2022/06/12-10:59:20.505579 7f07773f9700 Options.max_bytes_for_level_multiplier_addtl[6]: 1
2022/06/12-10:59:20.505580 7f07773f9700       Options.max_sequential_skip_in_iterations: 8
2022/06/12-10:59:20.505580 7f07773f9700                    Options.max_compaction_bytes: 1677721600
2022/06/12-10:59:20.505580 7f07773f9700                        Options.arena_block_size: 2097152
2022/06/12-10:59:20.505581 7f07773f9700   Options.soft_pending_compaction_bytes_limit: 68719476736
2022/06/12-10:59:20.505581 7f07773f9700   Options.hard_pending_compaction_bytes_limit: 274877906944
2022/06/12-10:59:20.505582 7f07773f9700       Options.rate_limit_delay_max_milliseconds: 100
2022/06/12-10:59:20.505582 7f07773f9700                Options.disable_auto_compactions: 0
2022/06/12-10:59:20.505583 7f07773f9700                        Options.compaction_style: kCompactionStyleUniversal
2022/06/12-10:59:20.505583 7f07773f9700                          Options.compaction_pri: kByCompensatedSize
2022/06/12-10:59:20.505584 7f07773f9700 Options.compaction_options_universal.size_ratio: 1
2022/06/12-10:59:20.505584 7f07773f9700 Options.compaction_options_universal.min_merge_width: 2
2022/06/12-10:59:20.505585 7f07773f9700 Options.compaction_options_universal.max_merge_width: 4294967295
2022/06/12-10:59:20.505585 7f07773f9700 Options.compaction_options_universal.max_size_amplification_percent: 200
2022/06/12-10:59:20.505586 7f07773f9700 Options.compaction_options_universal.compression_size_percent: -1
2022/06/12-10:59:20.505586 7f07773f9700 Options.compaction_options_universal.stop_style: kCompactionStopStyleTotalSize
2022/06/12-10:59:20.505587 7f07773f9700 Options.compaction_options_fifo.max_table_files_size: 1073741824
2022/06/12-10:59:20.505587 7f07773f9700 Options.compaction_options_fifo.allow_compaction: 0
2022/06/12-10:59:20.505587 7f07773f9700 Options.compaction_options_fifo.ttl: 0
2022/06/12-10:59:20.505588 7f07773f9700                   Options.table_properties_collectors: 
2022/06/12-10:59:20.505588 7f07773f9700                   Options.inplace_update_support: 0
2022/06/12-10:59:20.505589 7f07773f9700                 Options.inplace_update_num_locks: 10000
2022/06/12-10:59:20.505589 7f07773f9700               Options.memtable_prefix_bloom_size_ratio: 0.000000
2022/06/12-10:59:20.505590 7f07773f9700   Options.memtable_huge_page_size: 0
2022/06/12-10:59:20.505590 7f07773f9700                           Options.bloom_locality: 0
2022/06/12-10:59:20.505591 7f07773f9700                    Options.max_successive_merges: 0
2022/06/12-10:59:20.505591 7f07773f9700                Options.optimize_filters_for_hits: 0
2022/06/12-10:59:20.505592 7f07773f9700                Options.paranoid_file_checks: 0
2022/06/12-10:59:20.505592 7f07773f9700                Options.force_consistency_checks: 0
2022/06/12-10:59:20.505593 7f07773f9700                Options.report_bg_io_stats: 0
2022/06/12-10:59:20.505593 7f07773f9700                               Options.ttl: 0
