2022/06/08-16:32:37.145094 7efee9b7b700 RocksDB version: 5.18.4
2022/06/08-16:32:37.145113 7efee9b7b700 Git sha rocksdb_build_git_sha:
2022/06/08-16:32:37.145114 7efee9b7b700 Compile date Mar 11 2020
2022/06/08-16:32:37.145115 7efee9b7b700 DB SUMMARY
2022/06/08-16:32:37.145127 7efee9b7b700 CURRENT file:  CURRENT
2022/06/08-16:32:37.145127 7efee9b7b700 IDENTITY file:  IDENTITY
2022/06/08-16:32:37.145129 7efee9b7b700 MANIFEST file:  MANIFEST-000001 size: 13 Bytes
2022/06/08-16:32:37.145130 7efee9b7b700 SST files in /home/ANT.AMAZON.COM/stefler/Documents/university/cloud-services/WikipediaStats/src/streams/./local-streams/kafka-streams-wiki/48_2/rocksdb/hour-per-userType-active-pages dir, Total Num: 0, files: 
2022/06/08-16:32:37.145131 7efee9b7b700 Write Ahead Log file in /home/ANT.AMAZON.COM/stefler/Documents/university/cloud-services/WikipediaStats/src/streams/./local-streams/kafka-streams-wiki/48_2/rocksdb/hour-per-userType-active-pages: 000003.log size: 0 ; 
2022/06/08-16:32:37.145132 7efee9b7b700                         Options.error_if_exists: 0
2022/06/08-16:32:37.145132 7efee9b7b700                       Options.create_if_missing: 1
2022/06/08-16:32:37.145133 7efee9b7b700                         Options.paranoid_checks: 1
2022/06/08-16:32:37.145133 7efee9b7b700                                     Options.env: 0x7efe57ffbfa0
2022/06/08-16:32:37.145134 7efee9b7b700                                Options.info_log: 0x7efe9f271530
2022/06/08-16:32:37.145134 7efee9b7b700                Options.max_file_opening_threads: 16
2022/06/08-16:32:37.145134 7efee9b7b700                              Options.statistics: (nil)
2022/06/08-16:32:37.145135 7efee9b7b700                               Options.use_fsync: 0
2022/06/08-16:32:37.145135 7efee9b7b700                       Options.max_log_file_size: 0
2022/06/08-16:32:37.145136 7efee9b7b700                  Options.max_manifest_file_size: 1073741824
2022/06/08-16:32:37.145136 7efee9b7b700                   Options.log_file_time_to_roll: 0
2022/06/08-16:32:37.145137 7efee9b7b700                       Options.keep_log_file_num: 1000
2022/06/08-16:32:37.145137 7efee9b7b700                    Options.recycle_log_file_num: 0
2022/06/08-16:32:37.145137 7efee9b7b700                         Options.allow_fallocate: 1
2022/06/08-16:32:37.145138 7efee9b7b700                        Options.allow_mmap_reads: 0
2022/06/08-16:32:37.145138 7efee9b7b700                       Options.allow_mmap_writes: 0
2022/06/08-16:32:37.145139 7efee9b7b700                        Options.use_direct_reads: 0
2022/06/08-16:32:37.145139 7efee9b7b700                        Options.use_direct_io_for_flush_and_compaction: 0
2022/06/08-16:32:37.145140 7efee9b7b700          Options.create_missing_column_families: 0
2022/06/08-16:32:37.145140 7efee9b7b700                              Options.db_log_dir: 
2022/06/08-16:32:37.145140 7efee9b7b700                                 Options.wal_dir: /home/ANT.AMAZON.COM/stefler/Documents/university/cloud-services/WikipediaStats/src/streams/./local-streams/kafka-streams-wiki/48_2/rocksdb/hour-per-userType-active-pages
2022/06/08-16:32:37.145141 7efee9b7b700                Options.table_cache_numshardbits: 6
2022/06/08-16:32:37.145141 7efee9b7b700                      Options.max_subcompactions: 1
2022/06/08-16:32:37.145142 7efee9b7b700                  Options.max_background_flushes: -1
2022/06/08-16:32:37.145142 7efee9b7b700                         Options.WAL_ttl_seconds: 0
2022/06/08-16:32:37.145143 7efee9b7b700                       Options.WAL_size_limit_MB: 0
2022/06/08-16:32:37.145143 7efee9b7b700             Options.manifest_preallocation_size: 4194304
2022/06/08-16:32:37.145144 7efee9b7b700                     Options.is_fd_close_on_exec: 1
2022/06/08-16:32:37.145144 7efee9b7b700                   Options.advise_random_on_open: 1
2022/06/08-16:32:37.145144 7efee9b7b700                    Options.db_write_buffer_size: 0
2022/06/08-16:32:37.145145 7efee9b7b700                    Options.write_buffer_manager: 0x7efe9f26b8e0
2022/06/08-16:32:37.145145 7efee9b7b700         Options.access_hint_on_compaction_start: 1
2022/06/08-16:32:37.145146 7efee9b7b700  Options.new_table_reader_for_compaction_inputs: 0
2022/06/08-16:32:37.145149 7efee9b7b700           Options.random_access_max_buffer_size: 1048576
2022/06/08-16:32:37.145150 7efee9b7b700                      Options.use_adaptive_mutex: 0
2022/06/08-16:32:37.145150 7efee9b7b700                            Options.rate_limiter: (nil)
2022/06/08-16:32:37.145151 7efee9b7b700     Options.sst_file_manager.rate_bytes_per_sec: 0
2022/06/08-16:32:37.145151 7efee9b7b700                       Options.wal_recovery_mode: 2
2022/06/08-16:32:37.145152 7efee9b7b700                  Options.enable_thread_tracking: 0
2022/06/08-16:32:37.145152 7efee9b7b700                  Options.enable_pipelined_write: 0
2022/06/08-16:32:37.145153 7efee9b7b700         Options.allow_concurrent_memtable_write: 1
2022/06/08-16:32:37.145153 7efee9b7b700      Options.enable_write_thread_adaptive_yield: 1
2022/06/08-16:32:37.145154 7efee9b7b700             Options.write_thread_max_yield_usec: 100
2022/06/08-16:32:37.145154 7efee9b7b700            Options.write_thread_slow_yield_usec: 3
2022/06/08-16:32:37.145154 7efee9b7b700                               Options.row_cache: None
2022/06/08-16:32:37.145155 7efee9b7b700                              Options.wal_filter: None
2022/06/08-16:32:37.145155 7efee9b7b700             Options.avoid_flush_during_recovery: 0
2022/06/08-16:32:37.145156 7efee9b7b700             Options.allow_ingest_behind: 0
2022/06/08-16:32:37.145156 7efee9b7b700             Options.preserve_deletes: 0
2022/06/08-16:32:37.145156 7efee9b7b700             Options.two_write_queues: 0
2022/06/08-16:32:37.145157 7efee9b7b700             Options.manual_wal_flush: 0
2022/06/08-16:32:37.145157 7efee9b7b700             Options.max_background_jobs: 8
2022/06/08-16:32:37.145158 7efee9b7b700             Options.max_background_compactions: -1
2022/06/08-16:32:37.145158 7efee9b7b700             Options.avoid_flush_during_shutdown: 0
2022/06/08-16:32:37.145159 7efee9b7b700           Options.writable_file_max_buffer_size: 1048576
2022/06/08-16:32:37.145159 7efee9b7b700             Options.delayed_write_rate : 16777216
2022/06/08-16:32:37.145159 7efee9b7b700             Options.max_total_wal_size: 0
2022/06/08-16:32:37.145160 7efee9b7b700             Options.delete_obsolete_files_period_micros: 21600000000
2022/06/08-16:32:37.145160 7efee9b7b700                   Options.stats_dump_period_sec: 600
2022/06/08-16:32:37.145161 7efee9b7b700                          Options.max_open_files: -1
2022/06/08-16:32:37.145161 7efee9b7b700                          Options.bytes_per_sync: 0
2022/06/08-16:32:37.145162 7efee9b7b700                      Options.wal_bytes_per_sync: 0
2022/06/08-16:32:37.145162 7efee9b7b700       Options.compaction_readahead_size: 0
2022/06/08-16:32:37.145162 7efee9b7b700 Compression algorithms supported:
2022/06/08-16:32:37.145163 7efee9b7b700 	kZSTDNotFinalCompression supported: 1
2022/06/08-16:32:37.145164 7efee9b7b700 	kZSTD supported: 1
2022/06/08-16:32:37.145164 7efee9b7b700 	kXpressCompression supported: 0
2022/06/08-16:32:37.145165 7efee9b7b700 	kLZ4HCCompression supported: 1
2022/06/08-16:32:37.145165 7efee9b7b700 	kLZ4Compression supported: 1
2022/06/08-16:32:37.145166 7efee9b7b700 	kBZip2Compression supported: 1
2022/06/08-16:32:37.145166 7efee9b7b700 	kZlibCompression supported: 1
2022/06/08-16:32:37.145167 7efee9b7b700 	kSnappyCompression supported: 1
2022/06/08-16:32:37.145168 7efee9b7b700 Fast CRC32 supported: Not supported on x86
2022/06/08-16:32:37.145231 7efee9b7b700               Options.comparator: leveldb.BytewiseComparator
2022/06/08-16:32:37.145232 7efee9b7b700           Options.merge_operator: None
2022/06/08-16:32:37.145233 7efee9b7b700        Options.compaction_filter: None
2022/06/08-16:32:37.145233 7efee9b7b700        Options.compaction_filter_factory: None
2022/06/08-16:32:37.145234 7efee9b7b700         Options.memtable_factory: SkipListFactory
2022/06/08-16:32:37.145234 7efee9b7b700            Options.table_factory: BlockBasedTable
2022/06/08-16:32:37.145249 7efee9b7b700            table_factory options:   flush_block_policy_factory: FlushBlockBySizePolicyFactory (0x7efe9f26cd50)
  cache_index_and_filter_blocks: 0
  cache_index_and_filter_blocks_with_high_priority: 0
  pin_l0_filter_and_index_blocks_in_cache: 0
  pin_top_level_index_and_filter: 1
  index_type: 0
  hash_index_allow_collision: 1
  checksum: 1
  no_block_cache: 0
  block_cache: 0x7efe9f2c76a0
  block_cache_name: LRUCache
  block_cache_options:
    capacity : 52428800
    num_shard_bits : 6
    strict_capacity_limit : 0
    memory_allocator : None
    high_pri_pool_ratio: 0.000
  block_cache_compressed: (nil)
  persistent_cache: (nil)
  block_size: 4096
  block_size_deviation: 10
  block_restart_interval: 16
  index_block_restart_interval: 1
  metadata_block_size: 4096
  partition_filters: 0
  use_delta_encoding: 1
  filter_policy: rocksdb.BuiltinBloomFilter
  whole_key_filtering: 1
  verify_compression: 0
  read_amp_bytes_per_bit: 0
  format_version: 0
  enable_index_compression: 1
  block_align: 0
2022/06/08-16:32:37.145252 7efee9b7b700        Options.write_buffer_size: 16777216
2022/06/08-16:32:37.145253 7efee9b7b700  Options.max_write_buffer_number: 3
2022/06/08-16:32:37.145254 7efee9b7b700          Options.compression: NoCompression
2022/06/08-16:32:37.145254 7efee9b7b700                  Options.bottommost_compression: Disabled
2022/06/08-16:32:37.145255 7efee9b7b700       Options.prefix_extractor: nullptr
2022/06/08-16:32:37.145255 7efee9b7b700   Options.memtable_insert_with_hint_prefix_extractor: nullptr
2022/06/08-16:32:37.145255 7efee9b7b700             Options.num_levels: 7
2022/06/08-16:32:37.145256 7efee9b7b700        Options.min_write_buffer_number_to_merge: 1
2022/06/08-16:32:37.145256 7efee9b7b700     Options.max_write_buffer_number_to_maintain: 0
2022/06/08-16:32:37.145257 7efee9b7b700            Options.bottommost_compression_opts.window_bits: -14
2022/06/08-16:32:37.145257 7efee9b7b700                  Options.bottommost_compression_opts.level: 32767
2022/06/08-16:32:37.145258 7efee9b7b700               Options.bottommost_compression_opts.strategy: 0
2022/06/08-16:32:37.145258 7efee9b7b700         Options.bottommost_compression_opts.max_dict_bytes: 0
2022/06/08-16:32:37.145258 7efee9b7b700         Options.bottommost_compression_opts.zstd_max_train_bytes: 0
2022/06/08-16:32:37.145259 7efee9b7b700                  Options.bottommost_compression_opts.enabled: false
2022/06/08-16:32:37.145259 7efee9b7b700            Options.compression_opts.window_bits: -14
2022/06/08-16:32:37.145260 7efee9b7b700                  Options.compression_opts.level: 32767
2022/06/08-16:32:37.145260 7efee9b7b700               Options.compression_opts.strategy: 0
2022/06/08-16:32:37.145260 7efee9b7b700         Options.compression_opts.max_dict_bytes: 0
2022/06/08-16:32:37.145261 7efee9b7b700         Options.compression_opts.zstd_max_train_bytes: 0
2022/06/08-16:32:37.145261 7efee9b7b700                  Options.compression_opts.enabled: false
2022/06/08-16:32:37.145262 7efee9b7b700      Options.level0_file_num_compaction_trigger: 4
2022/06/08-16:32:37.145262 7efee9b7b700          Options.level0_slowdown_writes_trigger: 20
2022/06/08-16:32:37.145263 7efee9b7b700              Options.level0_stop_writes_trigger: 36
2022/06/08-16:32:37.145263 7efee9b7b700                   Options.target_file_size_base: 67108864
2022/06/08-16:32:37.145263 7efee9b7b700             Options.target_file_size_multiplier: 1
2022/06/08-16:32:37.145264 7efee9b7b700                Options.max_bytes_for_level_base: 268435456
2022/06/08-16:32:37.145264 7efee9b7b700 Options.level_compaction_dynamic_level_bytes: 0
2022/06/08-16:32:37.145265 7efee9b7b700          Options.max_bytes_for_level_multiplier: 10.000000
2022/06/08-16:32:37.145266 7efee9b7b700 Options.max_bytes_for_level_multiplier_addtl[0]: 1
2022/06/08-16:32:37.145266 7efee9b7b700 Options.max_bytes_for_level_multiplier_addtl[1]: 1
2022/06/08-16:32:37.145267 7efee9b7b700 Options.max_bytes_for_level_multiplier_addtl[2]: 1
2022/06/08-16:32:37.145267 7efee9b7b700 Options.max_bytes_for_level_multiplier_addtl[3]: 1
2022/06/08-16:32:37.145268 7efee9b7b700 Options.max_bytes_for_level_multiplier_addtl[4]: 1
2022/06/08-16:32:37.145270 7efee9b7b700 Options.max_bytes_for_level_multiplier_addtl[5]: 1
2022/06/08-16:32:37.145271 7efee9b7b700 Options.max_bytes_for_level_multiplier_addtl[6]: 1
2022/06/08-16:32:37.145271 7efee9b7b700       Options.max_sequential_skip_in_iterations: 8
2022/06/08-16:32:37.145272 7efee9b7b700                    Options.max_compaction_bytes: 1677721600
2022/06/08-16:32:37.145272 7efee9b7b700                        Options.arena_block_size: 2097152
2022/06/08-16:32:37.145272 7efee9b7b700   Options.soft_pending_compaction_bytes_limit: 68719476736
2022/06/08-16:32:37.145273 7efee9b7b700   Options.hard_pending_compaction_bytes_limit: 274877906944
2022/06/08-16:32:37.145273 7efee9b7b700       Options.rate_limit_delay_max_milliseconds: 100
2022/06/08-16:32:37.145274 7efee9b7b700                Options.disable_auto_compactions: 0
2022/06/08-16:32:37.145274 7efee9b7b700                        Options.compaction_style: kCompactionStyleUniversal
2022/06/08-16:32:37.145275 7efee9b7b700                          Options.compaction_pri: kByCompensatedSize
2022/06/08-16:32:37.145275 7efee9b7b700 Options.compaction_options_universal.size_ratio: 1
2022/06/08-16:32:37.145276 7efee9b7b700 Options.compaction_options_universal.min_merge_width: 2
2022/06/08-16:32:37.145276 7efee9b7b700 Options.compaction_options_universal.max_merge_width: 4294967295
2022/06/08-16:32:37.145277 7efee9b7b700 Options.compaction_options_universal.max_size_amplification_percent: 200
2022/06/08-16:32:37.145277 7efee9b7b700 Options.compaction_options_universal.compression_size_percent: -1
2022/06/08-16:32:37.145278 7efee9b7b700 Options.compaction_options_universal.stop_style: kCompactionStopStyleTotalSize
2022/06/08-16:32:37.145278 7efee9b7b700 Options.compaction_options_fifo.max_table_files_size: 1073741824
2022/06/08-16:32:37.145279 7efee9b7b700 Options.compaction_options_fifo.allow_compaction: 0
2022/06/08-16:32:37.145279 7efee9b7b700 Options.compaction_options_fifo.ttl: 0
2022/06/08-16:32:37.145279 7efee9b7b700                   Options.table_properties_collectors: 
2022/06/08-16:32:37.145280 7efee9b7b700                   Options.inplace_update_support: 0
2022/06/08-16:32:37.145280 7efee9b7b700                 Options.inplace_update_num_locks: 10000
2022/06/08-16:32:37.145281 7efee9b7b700               Options.memtable_prefix_bloom_size_ratio: 0.000000
2022/06/08-16:32:37.145281 7efee9b7b700   Options.memtable_huge_page_size: 0
2022/06/08-16:32:37.145282 7efee9b7b700                           Options.bloom_locality: 0
2022/06/08-16:32:37.145282 7efee9b7b700                    Options.max_successive_merges: 0
2022/06/08-16:32:37.145283 7efee9b7b700                Options.optimize_filters_for_hits: 0
2022/06/08-16:32:37.145283 7efee9b7b700                Options.paranoid_file_checks: 0
2022/06/08-16:32:37.145283 7efee9b7b700                Options.force_consistency_checks: 0
2022/06/08-16:32:37.145284 7efee9b7b700                Options.report_bg_io_stats: 0
2022/06/08-16:32:37.145284 7efee9b7b700                               Options.ttl: 0
2022/06/08-16:32:37.155510 7efee9b7b700               Options.comparator: leveldb.BytewiseComparator
2022/06/08-16:32:37.155514 7efee9b7b700           Options.merge_operator: None
2022/06/08-16:32:37.155514 7efee9b7b700        Options.compaction_filter: None
2022/06/08-16:32:37.155515 7efee9b7b700        Options.compaction_filter_factory: None
2022/06/08-16:32:37.155515 7efee9b7b700         Options.memtable_factory: SkipListFactory
2022/06/08-16:32:37.155516 7efee9b7b700            Options.table_factory: BlockBasedTable
2022/06/08-16:32:37.155535 7efee9b7b700            table_factory options:   flush_block_policy_factory: FlushBlockBySizePolicyFactory (0x7efe9f26cd50)
  cache_index_and_filter_blocks: 0
  cache_index_and_filter_blocks_with_high_priority: 0
  pin_l0_filter_and_index_blocks_in_cache: 0
  pin_top_level_index_and_filter: 1
  index_type: 0
  hash_index_allow_collision: 1
  checksum: 1
  no_block_cache: 0
  block_cache: 0x7efe9f2c76a0
  block_cache_name: LRUCache
  block_cache_options:
    capacity : 52428800
    num_shard_bits : 6
    strict_capacity_limit : 0
    memory_allocator : None
    high_pri_pool_ratio: 0.000
  block_cache_compressed: (nil)
  persistent_cache: (nil)
  block_size: 4096
  block_size_deviation: 10
  block_restart_interval: 16
  index_block_restart_interval: 1
  metadata_block_size: 4096
  partition_filters: 0
  use_delta_encoding: 1
  filter_policy: rocksdb.BuiltinBloomFilter
  whole_key_filtering: 1
  verify_compression: 0
  read_amp_bytes_per_bit: 0
  format_version: 0
  enable_index_compression: 1
  block_align: 0
2022/06/08-16:32:37.155536 7efee9b7b700        Options.write_buffer_size: 16777216
2022/06/08-16:32:37.155537 7efee9b7b700  Options.max_write_buffer_number: 3
2022/06/08-16:32:37.155537 7efee9b7b700          Options.compression: NoCompression
2022/06/08-16:32:37.155538 7efee9b7b700                  Options.bottommost_compression: Disabled
2022/06/08-16:32:37.155539 7efee9b7b700       Options.prefix_extractor: nullptr
2022/06/08-16:32:37.155539 7efee9b7b700   Options.memtable_insert_with_hint_prefix_extractor: nullptr
2022/06/08-16:32:37.155539 7efee9b7b700             Options.num_levels: 7
2022/06/08-16:32:37.155540 7efee9b7b700        Options.min_write_buffer_number_to_merge: 1
2022/06/08-16:32:37.155540 7efee9b7b700     Options.max_write_buffer_number_to_maintain: 0
2022/06/08-16:32:37.155541 7efee9b7b700            Options.bottommost_compression_opts.window_bits: -14
2022/06/08-16:32:37.155541 7efee9b7b700                  Options.bottommost_compression_opts.level: 32767
2022/06/08-16:32:37.155542 7efee9b7b700               Options.bottommost_compression_opts.strategy: 0
2022/06/08-16:32:37.155542 7efee9b7b700         Options.bottommost_compression_opts.max_dict_bytes: 0
2022/06/08-16:32:37.155543 7efee9b7b700         Options.bottommost_compression_opts.zstd_max_train_bytes: 0
2022/06/08-16:32:37.155543 7efee9b7b700                  Options.bottommost_compression_opts.enabled: false
2022/06/08-16:32:37.155544 7efee9b7b700            Options.compression_opts.window_bits: -14
2022/06/08-16:32:37.155544 7efee9b7b700                  Options.compression_opts.level: 32767
2022/06/08-16:32:37.155544 7efee9b7b700               Options.compression_opts.strategy: 0
2022/06/08-16:32:37.155545 7efee9b7b700         Options.compression_opts.max_dict_bytes: 0
2022/06/08-16:32:37.155545 7efee9b7b700         Options.compression_opts.zstd_max_train_bytes: 0
2022/06/08-16:32:37.155546 7efee9b7b700                  Options.compression_opts.enabled: false
2022/06/08-16:32:37.155546 7efee9b7b700      Options.level0_file_num_compaction_trigger: 4
2022/06/08-16:32:37.155547 7efee9b7b700          Options.level0_slowdown_writes_trigger: 20
2022/06/08-16:32:37.155547 7efee9b7b700              Options.level0_stop_writes_trigger: 36
2022/06/08-16:32:37.155547 7efee9b7b700                   Options.target_file_size_base: 67108864
2022/06/08-16:32:37.155548 7efee9b7b700             Options.target_file_size_multiplier: 1
2022/06/08-16:32:37.155548 7efee9b7b700                Options.max_bytes_for_level_base: 268435456
2022/06/08-16:32:37.155560 7efee9b7b700 Options.level_compaction_dynamic_level_bytes: 0
2022/06/08-16:32:37.155560 7efee9b7b700          Options.max_bytes_for_level_multiplier: 10.000000
2022/06/08-16:32:37.155562 7efee9b7b700 Options.max_bytes_for_level_multiplier_addtl[0]: 1
2022/06/08-16:32:37.155562 7efee9b7b700 Options.max_bytes_for_level_multiplier_addtl[1]: 1
2022/06/08-16:32:37.155563 7efee9b7b700 Options.max_bytes_for_level_multiplier_addtl[2]: 1
2022/06/08-16:32:37.155563 7efee9b7b700 Options.max_bytes_for_level_multiplier_addtl[3]: 1
2022/06/08-16:32:37.155564 7efee9b7b700 Options.max_bytes_for_level_multiplier_addtl[4]: 1
2022/06/08-16:32:37.155564 7efee9b7b700 Options.max_bytes_for_level_multiplier_addtl[5]: 1
2022/06/08-16:32:37.155564 7efee9b7b700 Options.max_bytes_for_level_multiplier_addtl[6]: 1
2022/06/08-16:32:37.155565 7efee9b7b700       Options.max_sequential_skip_in_iterations: 8
2022/06/08-16:32:37.155565 7efee9b7b700                    Options.max_compaction_bytes: 1677721600
2022/06/08-16:32:37.155566 7efee9b7b700                        Options.arena_block_size: 2097152
2022/06/08-16:32:37.155566 7efee9b7b700   Options.soft_pending_compaction_bytes_limit: 68719476736
2022/06/08-16:32:37.155567 7efee9b7b700   Options.hard_pending_compaction_bytes_limit: 274877906944
2022/06/08-16:32:37.155567 7efee9b7b700       Options.rate_limit_delay_max_milliseconds: 100
2022/06/08-16:32:37.155568 7efee9b7b700                Options.disable_auto_compactions: 0
2022/06/08-16:32:37.155568 7efee9b7b700                        Options.compaction_style: kCompactionStyleUniversal
2022/06/08-16:32:37.155569 7efee9b7b700                          Options.compaction_pri: kByCompensatedSize
2022/06/08-16:32:37.155569 7efee9b7b700 Options.compaction_options_universal.size_ratio: 1
2022/06/08-16:32:37.155570 7efee9b7b700 Options.compaction_options_universal.min_merge_width: 2
2022/06/08-16:32:37.155570 7efee9b7b700 Options.compaction_options_universal.max_merge_width: 4294967295
2022/06/08-16:32:37.155571 7efee9b7b700 Options.compaction_options_universal.max_size_amplification_percent: 200
2022/06/08-16:32:37.155571 7efee9b7b700 Options.compaction_options_universal.compression_size_percent: -1
2022/06/08-16:32:37.155572 7efee9b7b700 Options.compaction_options_universal.stop_style: kCompactionStopStyleTotalSize
2022/06/08-16:32:37.155572 7efee9b7b700 Options.compaction_options_fifo.max_table_files_size: 1073741824
2022/06/08-16:32:37.155573 7efee9b7b700 Options.compaction_options_fifo.allow_compaction: 0
2022/06/08-16:32:37.155573 7efee9b7b700 Options.compaction_options_fifo.ttl: 0
2022/06/08-16:32:37.155573 7efee9b7b700                   Options.table_properties_collectors: 
2022/06/08-16:32:37.155574 7efee9b7b700                   Options.inplace_update_support: 0
2022/06/08-16:32:37.155574 7efee9b7b700                 Options.inplace_update_num_locks: 10000
2022/06/08-16:32:37.155575 7efee9b7b700               Options.memtable_prefix_bloom_size_ratio: 0.000000
2022/06/08-16:32:37.155575 7efee9b7b700   Options.memtable_huge_page_size: 0
2022/06/08-16:32:37.155576 7efee9b7b700                           Options.bloom_locality: 0
2022/06/08-16:32:37.155576 7efee9b7b700                    Options.max_successive_merges: 0
2022/06/08-16:32:37.155577 7efee9b7b700                Options.optimize_filters_for_hits: 0
2022/06/08-16:32:37.155577 7efee9b7b700                Options.paranoid_file_checks: 0
2022/06/08-16:32:37.155578 7efee9b7b700                Options.force_consistency_checks: 0
2022/06/08-16:32:37.155578 7efee9b7b700                Options.report_bg_io_stats: 0
2022/06/08-16:32:37.155578 7efee9b7b700                               Options.ttl: 0
