2022/06/15-23:21:42.347694 7f6aa6179700 RocksDB version: 5.18.4
2022/06/15-23:21:42.347708 7f6aa6179700 Git sha rocksdb_build_git_sha:
2022/06/15-23:21:42.347708 7f6aa6179700 Compile date Mar 11 2020
2022/06/15-23:21:42.347709 7f6aa6179700 DB SUMMARY
2022/06/15-23:21:42.347718 7f6aa6179700 CURRENT file:  CURRENT
2022/06/15-23:21:42.347719 7f6aa6179700 IDENTITY file:  IDENTITY
2022/06/15-23:21:42.347721 7f6aa6179700 MANIFEST file:  MANIFEST-000001 size: 13 Bytes
2022/06/15-23:21:42.347721 7f6aa6179700 SST files in /home/ANT.AMAZON.COM/stefler/Documents/university/cloud-services/WikipediaStats/src/streams2/./local/kafka-streams-wiki/0_1/rocksdb/week dir, Total Num: 0, files: 
2022/06/15-23:21:42.347722 7f6aa6179700 Write Ahead Log file in /home/ANT.AMAZON.COM/stefler/Documents/university/cloud-services/WikipediaStats/src/streams2/./local/kafka-streams-wiki/0_1/rocksdb/week: 000003.log size: 0 ; 
2022/06/15-23:21:42.347723 7f6aa6179700                         Options.error_if_exists: 0
2022/06/15-23:21:42.347723 7f6aa6179700                       Options.create_if_missing: 1
2022/06/15-23:21:42.347724 7f6aa6179700                         Options.paranoid_checks: 1
2022/06/15-23:21:42.347724 7f6aa6179700                                     Options.env: 0x7f6aa4b63fa0
2022/06/15-23:21:42.347725 7f6aa6179700                                Options.info_log: 0x7f6a588e7e70
2022/06/15-23:21:42.347725 7f6aa6179700                Options.max_file_opening_threads: 16
2022/06/15-23:21:42.347726 7f6aa6179700                              Options.statistics: (nil)
2022/06/15-23:21:42.347726 7f6aa6179700                               Options.use_fsync: 0
2022/06/15-23:21:42.347726 7f6aa6179700                       Options.max_log_file_size: 0
2022/06/15-23:21:42.347727 7f6aa6179700                  Options.max_manifest_file_size: 1073741824
2022/06/15-23:21:42.347727 7f6aa6179700                   Options.log_file_time_to_roll: 0
2022/06/15-23:21:42.347728 7f6aa6179700                       Options.keep_log_file_num: 1000
2022/06/15-23:21:42.347728 7f6aa6179700                    Options.recycle_log_file_num: 0
2022/06/15-23:21:42.347729 7f6aa6179700                         Options.allow_fallocate: 1
2022/06/15-23:21:42.347729 7f6aa6179700                        Options.allow_mmap_reads: 0
2022/06/15-23:21:42.347729 7f6aa6179700                       Options.allow_mmap_writes: 0
2022/06/15-23:21:42.347730 7f6aa6179700                        Options.use_direct_reads: 0
2022/06/15-23:21:42.347730 7f6aa6179700                        Options.use_direct_io_for_flush_and_compaction: 0
2022/06/15-23:21:42.347731 7f6aa6179700          Options.create_missing_column_families: 0
2022/06/15-23:21:42.347731 7f6aa6179700                              Options.db_log_dir: 
2022/06/15-23:21:42.347731 7f6aa6179700                                 Options.wal_dir: /home/ANT.AMAZON.COM/stefler/Documents/university/cloud-services/WikipediaStats/src/streams2/./local/kafka-streams-wiki/0_1/rocksdb/week
2022/06/15-23:21:42.347732 7f6aa6179700                Options.table_cache_numshardbits: 6
2022/06/15-23:21:42.347732 7f6aa6179700                      Options.max_subcompactions: 1
2022/06/15-23:21:42.347733 7f6aa6179700                  Options.max_background_flushes: -1
2022/06/15-23:21:42.347733 7f6aa6179700                         Options.WAL_ttl_seconds: 0
2022/06/15-23:21:42.347734 7f6aa6179700                       Options.WAL_size_limit_MB: 0
2022/06/15-23:21:42.347734 7f6aa6179700             Options.manifest_preallocation_size: 4194304
2022/06/15-23:21:42.347734 7f6aa6179700                     Options.is_fd_close_on_exec: 1
2022/06/15-23:21:42.347735 7f6aa6179700                   Options.advise_random_on_open: 1
2022/06/15-23:21:42.347735 7f6aa6179700                    Options.db_write_buffer_size: 0
2022/06/15-23:21:42.347736 7f6aa6179700                    Options.write_buffer_manager: 0x7f6a588ebd20
2022/06/15-23:21:42.347736 7f6aa6179700         Options.access_hint_on_compaction_start: 1
2022/06/15-23:21:42.347737 7f6aa6179700  Options.new_table_reader_for_compaction_inputs: 0
2022/06/15-23:21:42.347737 7f6aa6179700           Options.random_access_max_buffer_size: 1048576
2022/06/15-23:21:42.347740 7f6aa6179700                      Options.use_adaptive_mutex: 0
2022/06/15-23:21:42.347741 7f6aa6179700                            Options.rate_limiter: (nil)
2022/06/15-23:21:42.347741 7f6aa6179700     Options.sst_file_manager.rate_bytes_per_sec: 0
2022/06/15-23:21:42.347742 7f6aa6179700                       Options.wal_recovery_mode: 2
2022/06/15-23:21:42.347742 7f6aa6179700                  Options.enable_thread_tracking: 0
2022/06/15-23:21:42.347743 7f6aa6179700                  Options.enable_pipelined_write: 0
2022/06/15-23:21:42.347743 7f6aa6179700         Options.allow_concurrent_memtable_write: 1
2022/06/15-23:21:42.347743 7f6aa6179700      Options.enable_write_thread_adaptive_yield: 1
2022/06/15-23:21:42.347744 7f6aa6179700             Options.write_thread_max_yield_usec: 100
2022/06/15-23:21:42.347744 7f6aa6179700            Options.write_thread_slow_yield_usec: 3
2022/06/15-23:21:42.347745 7f6aa6179700                               Options.row_cache: None
2022/06/15-23:21:42.347745 7f6aa6179700                              Options.wal_filter: None
2022/06/15-23:21:42.347745 7f6aa6179700             Options.avoid_flush_during_recovery: 0
2022/06/15-23:21:42.347746 7f6aa6179700             Options.allow_ingest_behind: 0
2022/06/15-23:21:42.347746 7f6aa6179700             Options.preserve_deletes: 0
2022/06/15-23:21:42.347747 7f6aa6179700             Options.two_write_queues: 0
2022/06/15-23:21:42.347747 7f6aa6179700             Options.manual_wal_flush: 0
2022/06/15-23:21:42.347747 7f6aa6179700             Options.max_background_jobs: 8
2022/06/15-23:21:42.347748 7f6aa6179700             Options.max_background_compactions: -1
2022/06/15-23:21:42.347748 7f6aa6179700             Options.avoid_flush_during_shutdown: 0
2022/06/15-23:21:42.347749 7f6aa6179700           Options.writable_file_max_buffer_size: 1048576
2022/06/15-23:21:42.347749 7f6aa6179700             Options.delayed_write_rate : 16777216
2022/06/15-23:21:42.347749 7f6aa6179700             Options.max_total_wal_size: 0
2022/06/15-23:21:42.347750 7f6aa6179700             Options.delete_obsolete_files_period_micros: 21600000000
2022/06/15-23:21:42.347750 7f6aa6179700                   Options.stats_dump_period_sec: 600
2022/06/15-23:21:42.347751 7f6aa6179700                          Options.max_open_files: -1
2022/06/15-23:21:42.347751 7f6aa6179700                          Options.bytes_per_sync: 0
2022/06/15-23:21:42.347752 7f6aa6179700                      Options.wal_bytes_per_sync: 0
2022/06/15-23:21:42.347752 7f6aa6179700       Options.compaction_readahead_size: 0
2022/06/15-23:21:42.347752 7f6aa6179700 Compression algorithms supported:
2022/06/15-23:21:42.347753 7f6aa6179700 	kZSTDNotFinalCompression supported: 1
2022/06/15-23:21:42.347754 7f6aa6179700 	kZSTD supported: 1
2022/06/15-23:21:42.347754 7f6aa6179700 	kXpressCompression supported: 0
2022/06/15-23:21:42.347755 7f6aa6179700 	kLZ4HCCompression supported: 1
2022/06/15-23:21:42.347755 7f6aa6179700 	kLZ4Compression supported: 1
2022/06/15-23:21:42.347755 7f6aa6179700 	kBZip2Compression supported: 1
2022/06/15-23:21:42.347756 7f6aa6179700 	kZlibCompression supported: 1
2022/06/15-23:21:42.347756 7f6aa6179700 	kSnappyCompression supported: 1
2022/06/15-23:21:42.347757 7f6aa6179700 Fast CRC32 supported: Not supported on x86
2022/06/15-23:21:42.347813 7f6aa6179700               Options.comparator: leveldb.BytewiseComparator
2022/06/15-23:21:42.347814 7f6aa6179700           Options.merge_operator: None
2022/06/15-23:21:42.347814 7f6aa6179700        Options.compaction_filter: None
2022/06/15-23:21:42.347815 7f6aa6179700        Options.compaction_filter_factory: None
2022/06/15-23:21:42.347815 7f6aa6179700         Options.memtable_factory: SkipListFactory
2022/06/15-23:21:42.347816 7f6aa6179700            Options.table_factory: BlockBasedTable
2022/06/15-23:21:42.347823 7f6aa6179700            table_factory options:   flush_block_policy_factory: FlushBlockBySizePolicyFactory (0x7f6a5889bcd0)
  cache_index_and_filter_blocks: 0
  cache_index_and_filter_blocks_with_high_priority: 0
  pin_l0_filter_and_index_blocks_in_cache: 0
  pin_top_level_index_and_filter: 1
  index_type: 0
  hash_index_allow_collision: 1
  checksum: 1
  no_block_cache: 0
  block_cache: 0x7f6a5885c150
  block_cache_name: LRUCache
  block_cache_options:
    capacity : 52428800
    num_shard_bits : 6
    strict_capacity_limit : 0
    memory_allocator : None
    high_pri_pool_ratio: 0.000
  block_cache_compressed: (nil)
  persistent_cache: (nil)
  block_size: 4096
  block_size_deviation: 10
  block_restart_interval: 16
  index_block_restart_interval: 1
  metadata_block_size: 4096
  partition_filters: 0
  use_delta_encoding: 1
  filter_policy: rocksdb.BuiltinBloomFilter
  whole_key_filtering: 1
  verify_compression: 0
  read_amp_bytes_per_bit: 0
  format_version: 0
  enable_index_compression: 1
  block_align: 0
2022/06/15-23:21:42.347827 7f6aa6179700        Options.write_buffer_size: 16777216
2022/06/15-23:21:42.347828 7f6aa6179700  Options.max_write_buffer_number: 3
2022/06/15-23:21:42.347828 7f6aa6179700          Options.compression: NoCompression
2022/06/15-23:21:42.347829 7f6aa6179700                  Options.bottommost_compression: Disabled
2022/06/15-23:21:42.347829 7f6aa6179700       Options.prefix_extractor: nullptr
2022/06/15-23:21:42.347830 7f6aa6179700   Options.memtable_insert_with_hint_prefix_extractor: nullptr
2022/06/15-23:21:42.347830 7f6aa6179700             Options.num_levels: 7
2022/06/15-23:21:42.347830 7f6aa6179700        Options.min_write_buffer_number_to_merge: 1
2022/06/15-23:21:42.347831 7f6aa6179700     Options.max_write_buffer_number_to_maintain: 0
2022/06/15-23:21:42.347831 7f6aa6179700            Options.bottommost_compression_opts.window_bits: -14
2022/06/15-23:21:42.347832 7f6aa6179700                  Options.bottommost_compression_opts.level: 32767
2022/06/15-23:21:42.347832 7f6aa6179700               Options.bottommost_compression_opts.strategy: 0
2022/06/15-23:21:42.347832 7f6aa6179700         Options.bottommost_compression_opts.max_dict_bytes: 0
2022/06/15-23:21:42.347833 7f6aa6179700         Options.bottommost_compression_opts.zstd_max_train_bytes: 0
2022/06/15-23:21:42.347833 7f6aa6179700                  Options.bottommost_compression_opts.enabled: false
2022/06/15-23:21:42.347834 7f6aa6179700            Options.compression_opts.window_bits: -14
2022/06/15-23:21:42.347834 7f6aa6179700                  Options.compression_opts.level: 32767
2022/06/15-23:21:42.347835 7f6aa6179700               Options.compression_opts.strategy: 0
2022/06/15-23:21:42.347835 7f6aa6179700         Options.compression_opts.max_dict_bytes: 0
2022/06/15-23:21:42.347835 7f6aa6179700         Options.compression_opts.zstd_max_train_bytes: 0
2022/06/15-23:21:42.347836 7f6aa6179700                  Options.compression_opts.enabled: false
2022/06/15-23:21:42.347836 7f6aa6179700      Options.level0_file_num_compaction_trigger: 4
2022/06/15-23:21:42.347837 7f6aa6179700          Options.level0_slowdown_writes_trigger: 20
2022/06/15-23:21:42.347837 7f6aa6179700              Options.level0_stop_writes_trigger: 36
2022/06/15-23:21:42.347837 7f6aa6179700                   Options.target_file_size_base: 67108864
2022/06/15-23:21:42.347838 7f6aa6179700             Options.target_file_size_multiplier: 1
2022/06/15-23:21:42.347838 7f6aa6179700                Options.max_bytes_for_level_base: 268435456
2022/06/15-23:21:42.347839 7f6aa6179700 Options.level_compaction_dynamic_level_bytes: 0
2022/06/15-23:21:42.347839 7f6aa6179700          Options.max_bytes_for_level_multiplier: 10.000000
2022/06/15-23:21:42.347840 7f6aa6179700 Options.max_bytes_for_level_multiplier_addtl[0]: 1
2022/06/15-23:21:42.347840 7f6aa6179700 Options.max_bytes_for_level_multiplier_addtl[1]: 1
2022/06/15-23:21:42.347841 7f6aa6179700 Options.max_bytes_for_level_multiplier_addtl[2]: 1
2022/06/15-23:21:42.347841 7f6aa6179700 Options.max_bytes_for_level_multiplier_addtl[3]: 1
2022/06/15-23:21:42.347842 7f6aa6179700 Options.max_bytes_for_level_multiplier_addtl[4]: 1
2022/06/15-23:21:42.347842 7f6aa6179700 Options.max_bytes_for_level_multiplier_addtl[5]: 1
2022/06/15-23:21:42.347845 7f6aa6179700 Options.max_bytes_for_level_multiplier_addtl[6]: 1
2022/06/15-23:21:42.347845 7f6aa6179700       Options.max_sequential_skip_in_iterations: 8
2022/06/15-23:21:42.347845 7f6aa6179700                    Options.max_compaction_bytes: 1677721600
2022/06/15-23:21:42.347846 7f6aa6179700                        Options.arena_block_size: 2097152
2022/06/15-23:21:42.347846 7f6aa6179700   Options.soft_pending_compaction_bytes_limit: 68719476736
2022/06/15-23:21:42.347847 7f6aa6179700   Options.hard_pending_compaction_bytes_limit: 274877906944
2022/06/15-23:21:42.347847 7f6aa6179700       Options.rate_limit_delay_max_milliseconds: 100
2022/06/15-23:21:42.347848 7f6aa6179700                Options.disable_auto_compactions: 0
2022/06/15-23:21:42.347848 7f6aa6179700                        Options.compaction_style: kCompactionStyleUniversal
2022/06/15-23:21:42.347849 7f6aa6179700                          Options.compaction_pri: kByCompensatedSize
2022/06/15-23:21:42.347849 7f6aa6179700 Options.compaction_options_universal.size_ratio: 1
2022/06/15-23:21:42.347849 7f6aa6179700 Options.compaction_options_universal.min_merge_width: 2
2022/06/15-23:21:42.347850 7f6aa6179700 Options.compaction_options_universal.max_merge_width: 4294967295
2022/06/15-23:21:42.347850 7f6aa6179700 Options.compaction_options_universal.max_size_amplification_percent: 200
2022/06/15-23:21:42.347851 7f6aa6179700 Options.compaction_options_universal.compression_size_percent: -1
2022/06/15-23:21:42.347851 7f6aa6179700 Options.compaction_options_universal.stop_style: kCompactionStopStyleTotalSize
2022/06/15-23:21:42.347852 7f6aa6179700 Options.compaction_options_fifo.max_table_files_size: 1073741824
2022/06/15-23:21:42.347852 7f6aa6179700 Options.compaction_options_fifo.allow_compaction: 0
2022/06/15-23:21:42.347852 7f6aa6179700 Options.compaction_options_fifo.ttl: 0
2022/06/15-23:21:42.347853 7f6aa6179700                   Options.table_properties_collectors: 
2022/06/15-23:21:42.347853 7f6aa6179700                   Options.inplace_update_support: 0
2022/06/15-23:21:42.347854 7f6aa6179700                 Options.inplace_update_num_locks: 10000
2022/06/15-23:21:42.347854 7f6aa6179700               Options.memtable_prefix_bloom_size_ratio: 0.000000
2022/06/15-23:21:42.347855 7f6aa6179700   Options.memtable_huge_page_size: 0
2022/06/15-23:21:42.347855 7f6aa6179700                           Options.bloom_locality: 0
2022/06/15-23:21:42.347856 7f6aa6179700                    Options.max_successive_merges: 0
2022/06/15-23:21:42.347856 7f6aa6179700                Options.optimize_filters_for_hits: 0
2022/06/15-23:21:42.347856 7f6aa6179700                Options.paranoid_file_checks: 0
2022/06/15-23:21:42.347857 7f6aa6179700                Options.force_consistency_checks: 0
2022/06/15-23:21:42.347857 7f6aa6179700                Options.report_bg_io_stats: 0
2022/06/15-23:21:42.347858 7f6aa6179700                               Options.ttl: 0
2022/06/15-23:21:42.355742 7f6aa6179700               Options.comparator: leveldb.BytewiseComparator
2022/06/15-23:21:42.355744 7f6aa6179700           Options.merge_operator: None
2022/06/15-23:21:42.355745 7f6aa6179700        Options.compaction_filter: None
2022/06/15-23:21:42.355746 7f6aa6179700        Options.compaction_filter_factory: None
2022/06/15-23:21:42.355746 7f6aa6179700         Options.memtable_factory: SkipListFactory
2022/06/15-23:21:42.355747 7f6aa6179700            Options.table_factory: BlockBasedTable
2022/06/15-23:21:42.355761 7f6aa6179700            table_factory options:   flush_block_policy_factory: FlushBlockBySizePolicyFactory (0x7f6a5889bcd0)
  cache_index_and_filter_blocks: 0
  cache_index_and_filter_blocks_with_high_priority: 0
  pin_l0_filter_and_index_blocks_in_cache: 0
  pin_top_level_index_and_filter: 1
  index_type: 0
  hash_index_allow_collision: 1
  checksum: 1
  no_block_cache: 0
  block_cache: 0x7f6a5885c150
  block_cache_name: LRUCache
  block_cache_options:
    capacity : 52428800
    num_shard_bits : 6
    strict_capacity_limit : 0
    memory_allocator : None
    high_pri_pool_ratio: 0.000
  block_cache_compressed: (nil)
  persistent_cache: (nil)
  block_size: 4096
  block_size_deviation: 10
  block_restart_interval: 16
  index_block_restart_interval: 1
  metadata_block_size: 4096
  partition_filters: 0
  use_delta_encoding: 1
  filter_policy: rocksdb.BuiltinBloomFilter
  whole_key_filtering: 1
  verify_compression: 0
  read_amp_bytes_per_bit: 0
  format_version: 0
  enable_index_compression: 1
  block_align: 0
2022/06/15-23:21:42.355762 7f6aa6179700        Options.write_buffer_size: 16777216
2022/06/15-23:21:42.355763 7f6aa6179700  Options.max_write_buffer_number: 3
2022/06/15-23:21:42.355763 7f6aa6179700          Options.compression: NoCompression
2022/06/15-23:21:42.355764 7f6aa6179700                  Options.bottommost_compression: Disabled
2022/06/15-23:21:42.355765 7f6aa6179700       Options.prefix_extractor: nullptr
2022/06/15-23:21:42.355765 7f6aa6179700   Options.memtable_insert_with_hint_prefix_extractor: nullptr
2022/06/15-23:21:42.355766 7f6aa6179700             Options.num_levels: 7
2022/06/15-23:21:42.355766 7f6aa6179700        Options.min_write_buffer_number_to_merge: 1
2022/06/15-23:21:42.355767 7f6aa6179700     Options.max_write_buffer_number_to_maintain: 0
2022/06/15-23:21:42.355767 7f6aa6179700            Options.bottommost_compression_opts.window_bits: -14
2022/06/15-23:21:42.355768 7f6aa6179700                  Options.bottommost_compression_opts.level: 32767
2022/06/15-23:21:42.355768 7f6aa6179700               Options.bottommost_compression_opts.strategy: 0
2022/06/15-23:21:42.355768 7f6aa6179700         Options.bottommost_compression_opts.max_dict_bytes: 0
2022/06/15-23:21:42.355769 7f6aa6179700         Options.bottommost_compression_opts.zstd_max_train_bytes: 0
2022/06/15-23:21:42.355769 7f6aa6179700                  Options.bottommost_compression_opts.enabled: false
2022/06/15-23:21:42.355770 7f6aa6179700            Options.compression_opts.window_bits: -14
2022/06/15-23:21:42.355770 7f6aa6179700                  Options.compression_opts.level: 32767
2022/06/15-23:21:42.355771 7f6aa6179700               Options.compression_opts.strategy: 0
2022/06/15-23:21:42.355771 7f6aa6179700         Options.compression_opts.max_dict_bytes: 0
2022/06/15-23:21:42.355771 7f6aa6179700         Options.compression_opts.zstd_max_train_bytes: 0
2022/06/15-23:21:42.355772 7f6aa6179700                  Options.compression_opts.enabled: false
2022/06/15-23:21:42.355772 7f6aa6179700      Options.level0_file_num_compaction_trigger: 4
2022/06/15-23:21:42.355773 7f6aa6179700          Options.level0_slowdown_writes_trigger: 20
2022/06/15-23:21:42.355773 7f6aa6179700              Options.level0_stop_writes_trigger: 36
2022/06/15-23:21:42.355773 7f6aa6179700                   Options.target_file_size_base: 67108864
2022/06/15-23:21:42.355774 7f6aa6179700             Options.target_file_size_multiplier: 1
2022/06/15-23:21:42.355774 7f6aa6179700                Options.max_bytes_for_level_base: 268435456
2022/06/15-23:21:42.355780 7f6aa6179700 Options.level_compaction_dynamic_level_bytes: 0
2022/06/15-23:21:42.355781 7f6aa6179700          Options.max_bytes_for_level_multiplier: 10.000000
2022/06/15-23:21:42.355782 7f6aa6179700 Options.max_bytes_for_level_multiplier_addtl[0]: 1
2022/06/15-23:21:42.355782 7f6aa6179700 Options.max_bytes_for_level_multiplier_addtl[1]: 1
2022/06/15-23:21:42.355783 7f6aa6179700 Options.max_bytes_for_level_multiplier_addtl[2]: 1
2022/06/15-23:21:42.355783 7f6aa6179700 Options.max_bytes_for_level_multiplier_addtl[3]: 1
2022/06/15-23:21:42.355784 7f6aa6179700 Options.max_bytes_for_level_multiplier_addtl[4]: 1
2022/06/15-23:21:42.355784 7f6aa6179700 Options.max_bytes_for_level_multiplier_addtl[5]: 1
2022/06/15-23:21:42.355784 7f6aa6179700 Options.max_bytes_for_level_multiplier_addtl[6]: 1
2022/06/15-23:21:42.355785 7f6aa6179700       Options.max_sequential_skip_in_iterations: 8
2022/06/15-23:21:42.355785 7f6aa6179700                    Options.max_compaction_bytes: 1677721600
2022/06/15-23:21:42.355786 7f6aa6179700                        Options.arena_block_size: 2097152
2022/06/15-23:21:42.355786 7f6aa6179700   Options.soft_pending_compaction_bytes_limit: 68719476736
2022/06/15-23:21:42.355787 7f6aa6179700   Options.hard_pending_compaction_bytes_limit: 274877906944
2022/06/15-23:21:42.355787 7f6aa6179700       Options.rate_limit_delay_max_milliseconds: 100
2022/06/15-23:21:42.355788 7f6aa6179700                Options.disable_auto_compactions: 0
2022/06/15-23:21:42.355788 7f6aa6179700                        Options.compaction_style: kCompactionStyleUniversal
2022/06/15-23:21:42.355789 7f6aa6179700                          Options.compaction_pri: kByCompensatedSize
2022/06/15-23:21:42.355789 7f6aa6179700 Options.compaction_options_universal.size_ratio: 1
2022/06/15-23:21:42.355789 7f6aa6179700 Options.compaction_options_universal.min_merge_width: 2
2022/06/15-23:21:42.355790 7f6aa6179700 Options.compaction_options_universal.max_merge_width: 4294967295
2022/06/15-23:21:42.355790 7f6aa6179700 Options.compaction_options_universal.max_size_amplification_percent: 200
2022/06/15-23:21:42.355791 7f6aa6179700 Options.compaction_options_universal.compression_size_percent: -1
2022/06/15-23:21:42.355791 7f6aa6179700 Options.compaction_options_universal.stop_style: kCompactionStopStyleTotalSize
2022/06/15-23:21:42.355792 7f6aa6179700 Options.compaction_options_fifo.max_table_files_size: 1073741824
2022/06/15-23:21:42.355792 7f6aa6179700 Options.compaction_options_fifo.allow_compaction: 0
2022/06/15-23:21:42.355792 7f6aa6179700 Options.compaction_options_fifo.ttl: 0
2022/06/15-23:21:42.355793 7f6aa6179700                   Options.table_properties_collectors: 
2022/06/15-23:21:42.355793 7f6aa6179700                   Options.inplace_update_support: 0
2022/06/15-23:21:42.355794 7f6aa6179700                 Options.inplace_update_num_locks: 10000
2022/06/15-23:21:42.355794 7f6aa6179700               Options.memtable_prefix_bloom_size_ratio: 0.000000
2022/06/15-23:21:42.355795 7f6aa6179700   Options.memtable_huge_page_size: 0
2022/06/15-23:21:42.355795 7f6aa6179700                           Options.bloom_locality: 0
2022/06/15-23:21:42.355795 7f6aa6179700                    Options.max_successive_merges: 0
2022/06/15-23:21:42.355796 7f6aa6179700                Options.optimize_filters_for_hits: 0
2022/06/15-23:21:42.355796 7f6aa6179700                Options.paranoid_file_checks: 0
2022/06/15-23:21:42.355797 7f6aa6179700                Options.force_consistency_checks: 0
2022/06/15-23:21:42.355797 7f6aa6179700                Options.report_bg_io_stats: 0
2022/06/15-23:21:42.355798 7f6aa6179700                               Options.ttl: 0
