2022/06/12-10:59:20.371267 7f07773f9700 RocksDB version: 5.18.4
2022/06/12-10:59:20.371287 7f07773f9700 Git sha rocksdb_build_git_sha:
2022/06/12-10:59:20.371288 7f07773f9700 Compile date Mar 11 2020
2022/06/12-10:59:20.371289 7f07773f9700 DB SUMMARY
2022/06/12-10:59:20.371301 7f07773f9700 CURRENT file:  CURRENT
2022/06/12-10:59:20.371302 7f07773f9700 IDENTITY file:  IDENTITY
2022/06/12-10:59:20.371304 7f07773f9700 MANIFEST file:  MANIFEST-000001 size: 13 Bytes
2022/06/12-10:59:20.371305 7f07773f9700 SST files in /home/ANT.AMAZON.COM/stefler/Documents/university/cloud-services/WikipediaStats/src/streams/./local-streams/kafka-streams-wiki/7_3/rocksdb/day-all-countPagesModified dir, Total Num: 0, files: 
2022/06/12-10:59:20.371306 7f07773f9700 Write Ahead Log file in /home/ANT.AMAZON.COM/stefler/Documents/university/cloud-services/WikipediaStats/src/streams/./local-streams/kafka-streams-wiki/7_3/rocksdb/day-all-countPagesModified: 000003.log size: 0 ; 
2022/06/12-10:59:20.371307 7f07773f9700                         Options.error_if_exists: 0
2022/06/12-10:59:20.371307 7f07773f9700                       Options.create_if_missing: 1
2022/06/12-10:59:20.371308 7f07773f9700                         Options.paranoid_checks: 1
2022/06/12-10:59:20.371308 7f07773f9700                                     Options.env: 0x7f0775d39fa0
2022/06/12-10:59:20.371309 7f07773f9700                                Options.info_log: 0x7f07648010c0
2022/06/12-10:59:20.371310 7f07773f9700                Options.max_file_opening_threads: 16
2022/06/12-10:59:20.371310 7f07773f9700                              Options.statistics: (nil)
2022/06/12-10:59:20.371311 7f07773f9700                               Options.use_fsync: 0
2022/06/12-10:59:20.371311 7f07773f9700                       Options.max_log_file_size: 0
2022/06/12-10:59:20.371312 7f07773f9700                  Options.max_manifest_file_size: 1073741824
2022/06/12-10:59:20.371312 7f07773f9700                   Options.log_file_time_to_roll: 0
2022/06/12-10:59:20.371313 7f07773f9700                       Options.keep_log_file_num: 1000
2022/06/12-10:59:20.371313 7f07773f9700                    Options.recycle_log_file_num: 0
2022/06/12-10:59:20.371314 7f07773f9700                         Options.allow_fallocate: 1
2022/06/12-10:59:20.371314 7f07773f9700                        Options.allow_mmap_reads: 0
2022/06/12-10:59:20.371315 7f07773f9700                       Options.allow_mmap_writes: 0
2022/06/12-10:59:20.371315 7f07773f9700                        Options.use_direct_reads: 0
2022/06/12-10:59:20.371316 7f07773f9700                        Options.use_direct_io_for_flush_and_compaction: 0
2022/06/12-10:59:20.371316 7f07773f9700          Options.create_missing_column_families: 0
2022/06/12-10:59:20.371317 7f07773f9700                              Options.db_log_dir: 
2022/06/12-10:59:20.371317 7f07773f9700                                 Options.wal_dir: /home/ANT.AMAZON.COM/stefler/Documents/university/cloud-services/WikipediaStats/src/streams/./local-streams/kafka-streams-wiki/7_3/rocksdb/day-all-countPagesModified
2022/06/12-10:59:20.371318 7f07773f9700                Options.table_cache_numshardbits: 6
2022/06/12-10:59:20.371318 7f07773f9700                      Options.max_subcompactions: 1
2022/06/12-10:59:20.371319 7f07773f9700                  Options.max_background_flushes: -1
2022/06/12-10:59:20.371320 7f07773f9700                         Options.WAL_ttl_seconds: 0
2022/06/12-10:59:20.371320 7f07773f9700                       Options.WAL_size_limit_MB: 0
2022/06/12-10:59:20.371320 7f07773f9700             Options.manifest_preallocation_size: 4194304
2022/06/12-10:59:20.371321 7f07773f9700                     Options.is_fd_close_on_exec: 1
2022/06/12-10:59:20.371322 7f07773f9700                   Options.advise_random_on_open: 1
2022/06/12-10:59:20.371322 7f07773f9700                    Options.db_write_buffer_size: 0
2022/06/12-10:59:20.371323 7f07773f9700                    Options.write_buffer_manager: 0x7f0764887190
2022/06/12-10:59:20.371323 7f07773f9700         Options.access_hint_on_compaction_start: 1
2022/06/12-10:59:20.371324 7f07773f9700  Options.new_table_reader_for_compaction_inputs: 0
2022/06/12-10:59:20.371329 7f07773f9700           Options.random_access_max_buffer_size: 1048576
2022/06/12-10:59:20.371330 7f07773f9700                      Options.use_adaptive_mutex: 0
2022/06/12-10:59:20.371332 7f07773f9700                            Options.rate_limiter: (nil)
2022/06/12-10:59:20.371333 7f07773f9700     Options.sst_file_manager.rate_bytes_per_sec: 0
2022/06/12-10:59:20.371334 7f07773f9700                       Options.wal_recovery_mode: 2
2022/06/12-10:59:20.371335 7f07773f9700                  Options.enable_thread_tracking: 0
2022/06/12-10:59:20.371335 7f07773f9700                  Options.enable_pipelined_write: 0
2022/06/12-10:59:20.371336 7f07773f9700         Options.allow_concurrent_memtable_write: 1
2022/06/12-10:59:20.371336 7f07773f9700      Options.enable_write_thread_adaptive_yield: 1
2022/06/12-10:59:20.371337 7f07773f9700             Options.write_thread_max_yield_usec: 100
2022/06/12-10:59:20.371337 7f07773f9700            Options.write_thread_slow_yield_usec: 3
2022/06/12-10:59:20.371338 7f07773f9700                               Options.row_cache: None
2022/06/12-10:59:20.371338 7f07773f9700                              Options.wal_filter: None
2022/06/12-10:59:20.371339 7f07773f9700             Options.avoid_flush_during_recovery: 0
2022/06/12-10:59:20.371339 7f07773f9700             Options.allow_ingest_behind: 0
2022/06/12-10:59:20.371340 7f07773f9700             Options.preserve_deletes: 0
2022/06/12-10:59:20.371340 7f07773f9700             Options.two_write_queues: 0
2022/06/12-10:59:20.371341 7f07773f9700             Options.manual_wal_flush: 0
2022/06/12-10:59:20.371341 7f07773f9700             Options.max_background_jobs: 8
2022/06/12-10:59:20.371342 7f07773f9700             Options.max_background_compactions: -1
2022/06/12-10:59:20.371342 7f07773f9700             Options.avoid_flush_during_shutdown: 0
2022/06/12-10:59:20.371343 7f07773f9700           Options.writable_file_max_buffer_size: 1048576
2022/06/12-10:59:20.371343 7f07773f9700             Options.delayed_write_rate : 16777216
2022/06/12-10:59:20.371344 7f07773f9700             Options.max_total_wal_size: 0
2022/06/12-10:59:20.371345 7f07773f9700             Options.delete_obsolete_files_period_micros: 21600000000
2022/06/12-10:59:20.371345 7f07773f9700                   Options.stats_dump_period_sec: 600
2022/06/12-10:59:20.371346 7f07773f9700                          Options.max_open_files: -1
2022/06/12-10:59:20.371346 7f07773f9700                          Options.bytes_per_sync: 0
2022/06/12-10:59:20.371347 7f07773f9700                      Options.wal_bytes_per_sync: 0
2022/06/12-10:59:20.371347 7f07773f9700       Options.compaction_readahead_size: 0
2022/06/12-10:59:20.371347 7f07773f9700 Compression algorithms supported:
2022/06/12-10:59:20.371348 7f07773f9700 	kZSTDNotFinalCompression supported: 1
2022/06/12-10:59:20.371349 7f07773f9700 	kZSTD supported: 1
2022/06/12-10:59:20.371350 7f07773f9700 	kXpressCompression supported: 0
2022/06/12-10:59:20.371350 7f07773f9700 	kLZ4HCCompression supported: 1
2022/06/12-10:59:20.371351 7f07773f9700 	kLZ4Compression supported: 1
2022/06/12-10:59:20.371352 7f07773f9700 	kBZip2Compression supported: 1
2022/06/12-10:59:20.371353 7f07773f9700 	kZlibCompression supported: 1
2022/06/12-10:59:20.371353 7f07773f9700 	kSnappyCompression supported: 1
2022/06/12-10:59:20.371354 7f07773f9700 Fast CRC32 supported: Not supported on x86
2022/06/12-10:59:20.371426 7f07773f9700               Options.comparator: leveldb.BytewiseComparator
2022/06/12-10:59:20.371427 7f07773f9700           Options.merge_operator: None
2022/06/12-10:59:20.371427 7f07773f9700        Options.compaction_filter: None
2022/06/12-10:59:20.371428 7f07773f9700        Options.compaction_filter_factory: None
2022/06/12-10:59:20.371428 7f07773f9700         Options.memtable_factory: SkipListFactory
2022/06/12-10:59:20.371429 7f07773f9700            Options.table_factory: BlockBasedTable
2022/06/12-10:59:20.371439 7f07773f9700            table_factory options:   flush_block_policy_factory: FlushBlockBySizePolicyFactory (0x7f0764881580)
  cache_index_and_filter_blocks: 0
  cache_index_and_filter_blocks_with_high_priority: 0
  pin_l0_filter_and_index_blocks_in_cache: 0
  pin_top_level_index_and_filter: 1
  index_type: 0
  hash_index_allow_collision: 1
  checksum: 1
  no_block_cache: 0
  block_cache: 0x7f0764883080
  block_cache_name: LRUCache
  block_cache_options:
    capacity : 52428800
    num_shard_bits : 6
    strict_capacity_limit : 0
    memory_allocator : None
    high_pri_pool_ratio: 0.000
  block_cache_compressed: (nil)
  persistent_cache: (nil)
  block_size: 4096
  block_size_deviation: 10
  block_restart_interval: 16
  index_block_restart_interval: 1
  metadata_block_size: 4096
  partition_filters: 0
  use_delta_encoding: 1
  filter_policy: rocksdb.BuiltinBloomFilter
  whole_key_filtering: 1
  verify_compression: 0
  read_amp_bytes_per_bit: 0
  format_version: 0
  enable_index_compression: 1
  block_align: 0
2022/06/12-10:59:20.371443 7f07773f9700        Options.write_buffer_size: 16777216
2022/06/12-10:59:20.371444 7f07773f9700  Options.max_write_buffer_number: 3
2022/06/12-10:59:20.371445 7f07773f9700          Options.compression: NoCompression
2022/06/12-10:59:20.371445 7f07773f9700                  Options.bottommost_compression: Disabled
2022/06/12-10:59:20.371446 7f07773f9700       Options.prefix_extractor: nullptr
2022/06/12-10:59:20.371446 7f07773f9700   Options.memtable_insert_with_hint_prefix_extractor: nullptr
2022/06/12-10:59:20.371447 7f07773f9700             Options.num_levels: 7
2022/06/12-10:59:20.371447 7f07773f9700        Options.min_write_buffer_number_to_merge: 1
2022/06/12-10:59:20.371448 7f07773f9700     Options.max_write_buffer_number_to_maintain: 0
2022/06/12-10:59:20.371448 7f07773f9700            Options.bottommost_compression_opts.window_bits: -14
2022/06/12-10:59:20.371449 7f07773f9700                  Options.bottommost_compression_opts.level: 32767
2022/06/12-10:59:20.371449 7f07773f9700               Options.bottommost_compression_opts.strategy: 0
2022/06/12-10:59:20.371450 7f07773f9700         Options.bottommost_compression_opts.max_dict_bytes: 0
2022/06/12-10:59:20.371450 7f07773f9700         Options.bottommost_compression_opts.zstd_max_train_bytes: 0
2022/06/12-10:59:20.371451 7f07773f9700                  Options.bottommost_compression_opts.enabled: false
2022/06/12-10:59:20.371451 7f07773f9700            Options.compression_opts.window_bits: -14
2022/06/12-10:59:20.371452 7f07773f9700                  Options.compression_opts.level: 32767
2022/06/12-10:59:20.371452 7f07773f9700               Options.compression_opts.strategy: 0
2022/06/12-10:59:20.371453 7f07773f9700         Options.compression_opts.max_dict_bytes: 0
2022/06/12-10:59:20.371454 7f07773f9700         Options.compression_opts.zstd_max_train_bytes: 0
2022/06/12-10:59:20.371455 7f07773f9700                  Options.compression_opts.enabled: false
2022/06/12-10:59:20.371456 7f07773f9700      Options.level0_file_num_compaction_trigger: 4
2022/06/12-10:59:20.371457 7f07773f9700          Options.level0_slowdown_writes_trigger: 20
2022/06/12-10:59:20.371458 7f07773f9700              Options.level0_stop_writes_trigger: 36
2022/06/12-10:59:20.371458 7f07773f9700                   Options.target_file_size_base: 67108864
2022/06/12-10:59:20.371459 7f07773f9700             Options.target_file_size_multiplier: 1
2022/06/12-10:59:20.371460 7f07773f9700                Options.max_bytes_for_level_base: 268435456
2022/06/12-10:59:20.371460 7f07773f9700 Options.level_compaction_dynamic_level_bytes: 0
2022/06/12-10:59:20.371461 7f07773f9700          Options.max_bytes_for_level_multiplier: 10.000000
2022/06/12-10:59:20.371463 7f07773f9700 Options.max_bytes_for_level_multiplier_addtl[0]: 1
2022/06/12-10:59:20.371464 7f07773f9700 Options.max_bytes_for_level_multiplier_addtl[1]: 1
2022/06/12-10:59:20.371464 7f07773f9700 Options.max_bytes_for_level_multiplier_addtl[2]: 1
2022/06/12-10:59:20.371465 7f07773f9700 Options.max_bytes_for_level_multiplier_addtl[3]: 1
2022/06/12-10:59:20.371466 7f07773f9700 Options.max_bytes_for_level_multiplier_addtl[4]: 1
2022/06/12-10:59:20.371469 7f07773f9700 Options.max_bytes_for_level_multiplier_addtl[5]: 1
2022/06/12-10:59:20.371470 7f07773f9700 Options.max_bytes_for_level_multiplier_addtl[6]: 1
2022/06/12-10:59:20.371471 7f07773f9700       Options.max_sequential_skip_in_iterations: 8
2022/06/12-10:59:20.371471 7f07773f9700                    Options.max_compaction_bytes: 1677721600
2022/06/12-10:59:20.371472 7f07773f9700                        Options.arena_block_size: 2097152
2022/06/12-10:59:20.371473 7f07773f9700   Options.soft_pending_compaction_bytes_limit: 68719476736
2022/06/12-10:59:20.371474 7f07773f9700   Options.hard_pending_compaction_bytes_limit: 274877906944
2022/06/12-10:59:20.371474 7f07773f9700       Options.rate_limit_delay_max_milliseconds: 100
2022/06/12-10:59:20.371475 7f07773f9700                Options.disable_auto_compactions: 0
2022/06/12-10:59:20.371476 7f07773f9700                        Options.compaction_style: kCompactionStyleUniversal
2022/06/12-10:59:20.371477 7f07773f9700                          Options.compaction_pri: kByCompensatedSize
2022/06/12-10:59:20.371478 7f07773f9700 Options.compaction_options_universal.size_ratio: 1
2022/06/12-10:59:20.371479 7f07773f9700 Options.compaction_options_universal.min_merge_width: 2
2022/06/12-10:59:20.371479 7f07773f9700 Options.compaction_options_universal.max_merge_width: 4294967295
2022/06/12-10:59:20.371480 7f07773f9700 Options.compaction_options_universal.max_size_amplification_percent: 200
2022/06/12-10:59:20.371481 7f07773f9700 Options.compaction_options_universal.compression_size_percent: -1
2022/06/12-10:59:20.371482 7f07773f9700 Options.compaction_options_universal.stop_style: kCompactionStopStyleTotalSize
2022/06/12-10:59:20.371482 7f07773f9700 Options.compaction_options_fifo.max_table_files_size: 1073741824
2022/06/12-10:59:20.371483 7f07773f9700 Options.compaction_options_fifo.allow_compaction: 0
2022/06/12-10:59:20.371485 7f07773f9700 Options.compaction_options_fifo.ttl: 0
2022/06/12-10:59:20.371485 7f07773f9700                   Options.table_properties_collectors: 
2022/06/12-10:59:20.371486 7f07773f9700                   Options.inplace_update_support: 0
2022/06/12-10:59:20.371487 7f07773f9700                 Options.inplace_update_num_locks: 10000
2022/06/12-10:59:20.371487 7f07773f9700               Options.memtable_prefix_bloom_size_ratio: 0.000000
2022/06/12-10:59:20.371488 7f07773f9700   Options.memtable_huge_page_size: 0
2022/06/12-10:59:20.371489 7f07773f9700                           Options.bloom_locality: 0
2022/06/12-10:59:20.371489 7f07773f9700                    Options.max_successive_merges: 0
2022/06/12-10:59:20.371490 7f07773f9700                Options.optimize_filters_for_hits: 0
2022/06/12-10:59:20.371490 7f07773f9700                Options.paranoid_file_checks: 0
2022/06/12-10:59:20.371491 7f07773f9700                Options.force_consistency_checks: 0
2022/06/12-10:59:20.371491 7f07773f9700                Options.report_bg_io_stats: 0
2022/06/12-10:59:20.371492 7f07773f9700                               Options.ttl: 0
2022/06/12-10:59:20.384045 7f07773f9700               Options.comparator: leveldb.BytewiseComparator
2022/06/12-10:59:20.384049 7f07773f9700           Options.merge_operator: None
2022/06/12-10:59:20.384050 7f07773f9700        Options.compaction_filter: None
2022/06/12-10:59:20.384050 7f07773f9700        Options.compaction_filter_factory: None
2022/06/12-10:59:20.384051 7f07773f9700         Options.memtable_factory: SkipListFactory
2022/06/12-10:59:20.384052 7f07773f9700            Options.table_factory: BlockBasedTable
2022/06/12-10:59:20.384069 7f07773f9700            table_factory options:   flush_block_policy_factory: FlushBlockBySizePolicyFactory (0x7f0764881580)
  cache_index_and_filter_blocks: 0
  cache_index_and_filter_blocks_with_high_priority: 0
  pin_l0_filter_and_index_blocks_in_cache: 0
  pin_top_level_index_and_filter: 1
  index_type: 0
  hash_index_allow_collision: 1
  checksum: 1
  no_block_cache: 0
  block_cache: 0x7f0764883080
  block_cache_name: LRUCache
  block_cache_options:
    capacity : 52428800
    num_shard_bits : 6
    strict_capacity_limit : 0
    memory_allocator : None
    high_pri_pool_ratio: 0.000
  block_cache_compressed: (nil)
  persistent_cache: (nil)
  block_size: 4096
  block_size_deviation: 10
  block_restart_interval: 16
  index_block_restart_interval: 1
  metadata_block_size: 4096
  partition_filters: 0
  use_delta_encoding: 1
  filter_policy: rocksdb.BuiltinBloomFilter
  whole_key_filtering: 1
  verify_compression: 0
  read_amp_bytes_per_bit: 0
  format_version: 0
  enable_index_compression: 1
  block_align: 0
2022/06/12-10:59:20.384070 7f07773f9700        Options.write_buffer_size: 16777216
2022/06/12-10:59:20.384071 7f07773f9700  Options.max_write_buffer_number: 3
2022/06/12-10:59:20.384071 7f07773f9700          Options.compression: NoCompression
2022/06/12-10:59:20.384072 7f07773f9700                  Options.bottommost_compression: Disabled
2022/06/12-10:59:20.384072 7f07773f9700       Options.prefix_extractor: nullptr
2022/06/12-10:59:20.384073 7f07773f9700   Options.memtable_insert_with_hint_prefix_extractor: nullptr
2022/06/12-10:59:20.384073 7f07773f9700             Options.num_levels: 7
2022/06/12-10:59:20.384074 7f07773f9700        Options.min_write_buffer_number_to_merge: 1
2022/06/12-10:59:20.384074 7f07773f9700     Options.max_write_buffer_number_to_maintain: 0
2022/06/12-10:59:20.384074 7f07773f9700            Options.bottommost_compression_opts.window_bits: -14
2022/06/12-10:59:20.384075 7f07773f9700                  Options.bottommost_compression_opts.level: 32767
2022/06/12-10:59:20.384075 7f07773f9700               Options.bottommost_compression_opts.strategy: 0
2022/06/12-10:59:20.384076 7f07773f9700         Options.bottommost_compression_opts.max_dict_bytes: 0
2022/06/12-10:59:20.384076 7f07773f9700         Options.bottommost_compression_opts.zstd_max_train_bytes: 0
2022/06/12-10:59:20.384077 7f07773f9700                  Options.bottommost_compression_opts.enabled: false
2022/06/12-10:59:20.384077 7f07773f9700            Options.compression_opts.window_bits: -14
2022/06/12-10:59:20.384078 7f07773f9700                  Options.compression_opts.level: 32767
2022/06/12-10:59:20.384078 7f07773f9700               Options.compression_opts.strategy: 0
2022/06/12-10:59:20.384078 7f07773f9700         Options.compression_opts.max_dict_bytes: 0
2022/06/12-10:59:20.384079 7f07773f9700         Options.compression_opts.zstd_max_train_bytes: 0
2022/06/12-10:59:20.384079 7f07773f9700                  Options.compression_opts.enabled: false
2022/06/12-10:59:20.384080 7f07773f9700      Options.level0_file_num_compaction_trigger: 4
2022/06/12-10:59:20.384080 7f07773f9700          Options.level0_slowdown_writes_trigger: 20
2022/06/12-10:59:20.384080 7f07773f9700              Options.level0_stop_writes_trigger: 36
2022/06/12-10:59:20.384081 7f07773f9700                   Options.target_file_size_base: 67108864
2022/06/12-10:59:20.384081 7f07773f9700             Options.target_file_size_multiplier: 1
2022/06/12-10:59:20.384082 7f07773f9700                Options.max_bytes_for_level_base: 268435456
2022/06/12-10:59:20.384095 7f07773f9700 Options.level_compaction_dynamic_level_bytes: 0
2022/06/12-10:59:20.384095 7f07773f9700          Options.max_bytes_for_level_multiplier: 10.000000
2022/06/12-10:59:20.384096 7f07773f9700 Options.max_bytes_for_level_multiplier_addtl[0]: 1
2022/06/12-10:59:20.384097 7f07773f9700 Options.max_bytes_for_level_multiplier_addtl[1]: 1
2022/06/12-10:59:20.384097 7f07773f9700 Options.max_bytes_for_level_multiplier_addtl[2]: 1
2022/06/12-10:59:20.384098 7f07773f9700 Options.max_bytes_for_level_multiplier_addtl[3]: 1
2022/06/12-10:59:20.384098 7f07773f9700 Options.max_bytes_for_level_multiplier_addtl[4]: 1
2022/06/12-10:59:20.384098 7f07773f9700 Options.max_bytes_for_level_multiplier_addtl[5]: 1
2022/06/12-10:59:20.384099 7f07773f9700 Options.max_bytes_for_level_multiplier_addtl[6]: 1
2022/06/12-10:59:20.384099 7f07773f9700       Options.max_sequential_skip_in_iterations: 8
2022/06/12-10:59:20.384100 7f07773f9700                    Options.max_compaction_bytes: 1677721600
2022/06/12-10:59:20.384100 7f07773f9700                        Options.arena_block_size: 2097152
2022/06/12-10:59:20.384100 7f07773f9700   Options.soft_pending_compaction_bytes_limit: 68719476736
2022/06/12-10:59:20.384101 7f07773f9700   Options.hard_pending_compaction_bytes_limit: 274877906944
2022/06/12-10:59:20.384101 7f07773f9700       Options.rate_limit_delay_max_milliseconds: 100
2022/06/12-10:59:20.384102 7f07773f9700                Options.disable_auto_compactions: 0
2022/06/12-10:59:20.384103 7f07773f9700                        Options.compaction_style: kCompactionStyleUniversal
2022/06/12-10:59:20.384103 7f07773f9700                          Options.compaction_pri: kByCompensatedSize
2022/06/12-10:59:20.384104 7f07773f9700 Options.compaction_options_universal.size_ratio: 1
2022/06/12-10:59:20.384104 7f07773f9700 Options.compaction_options_universal.min_merge_width: 2
2022/06/12-10:59:20.384104 7f07773f9700 Options.compaction_options_universal.max_merge_width: 4294967295
2022/06/12-10:59:20.384105 7f07773f9700 Options.compaction_options_universal.max_size_amplification_percent: 200
2022/06/12-10:59:20.384105 7f07773f9700 Options.compaction_options_universal.compression_size_percent: -1
2022/06/12-10:59:20.384106 7f07773f9700 Options.compaction_options_universal.stop_style: kCompactionStopStyleTotalSize
2022/06/12-10:59:20.384106 7f07773f9700 Options.compaction_options_fifo.max_table_files_size: 1073741824
2022/06/12-10:59:20.384107 7f07773f9700 Options.compaction_options_fifo.allow_compaction: 0
2022/06/12-10:59:20.384107 7f07773f9700 Options.compaction_options_fifo.ttl: 0
2022/06/12-10:59:20.384108 7f07773f9700                   Options.table_properties_collectors: 
2022/06/12-10:59:20.384108 7f07773f9700                   Options.inplace_update_support: 0
2022/06/12-10:59:20.384108 7f07773f9700                 Options.inplace_update_num_locks: 10000
2022/06/12-10:59:20.384109 7f07773f9700               Options.memtable_prefix_bloom_size_ratio: 0.000000
2022/06/12-10:59:20.384110 7f07773f9700   Options.memtable_huge_page_size: 0
2022/06/12-10:59:20.384110 7f07773f9700                           Options.bloom_locality: 0
2022/06/12-10:59:20.384110 7f07773f9700                    Options.max_successive_merges: 0
2022/06/12-10:59:20.384111 7f07773f9700                Options.optimize_filters_for_hits: 0
2022/06/12-10:59:20.384111 7f07773f9700                Options.paranoid_file_checks: 0
2022/06/12-10:59:20.384112 7f07773f9700                Options.force_consistency_checks: 0
2022/06/12-10:59:20.384112 7f07773f9700                Options.report_bg_io_stats: 0
2022/06/12-10:59:20.384112 7f07773f9700                               Options.ttl: 0
