2022/06/08-16:32:36.759700 7efee9b7b700 RocksDB version: 5.18.4
2022/06/08-16:32:36.759766 7efee9b7b700 Git sha rocksdb_build_git_sha:
2022/06/08-16:32:36.759769 7efee9b7b700 Compile date Mar 11 2020
2022/06/08-16:32:36.759771 7efee9b7b700 DB SUMMARY
2022/06/08-16:32:36.759803 7efee9b7b700 CURRENT file:  CURRENT
2022/06/08-16:32:36.759805 7efee9b7b700 IDENTITY file:  IDENTITY
2022/06/08-16:32:36.759812 7efee9b7b700 MANIFEST file:  MANIFEST-000001 size: 13 Bytes
2022/06/08-16:32:36.759814 7efee9b7b700 SST files in /home/ANT.AMAZON.COM/stefler/Documents/university/cloud-services/WikipediaStats/src/streams/./local-streams/kafka-streams-wiki/44_1/rocksdb/hour-per-userType-active-users dir, Total Num: 0, files: 
2022/06/08-16:32:36.759816 7efee9b7b700 Write Ahead Log file in /home/ANT.AMAZON.COM/stefler/Documents/university/cloud-services/WikipediaStats/src/streams/./local-streams/kafka-streams-wiki/44_1/rocksdb/hour-per-userType-active-users: 000003.log size: 0 ; 
2022/06/08-16:32:36.759819 7efee9b7b700                         Options.error_if_exists: 0
2022/06/08-16:32:36.759821 7efee9b7b700                       Options.create_if_missing: 1
2022/06/08-16:32:36.759822 7efee9b7b700                         Options.paranoid_checks: 1
2022/06/08-16:32:36.759824 7efee9b7b700                                     Options.env: 0x7efe57ffbfa0
2022/06/08-16:32:36.759826 7efee9b7b700                                Options.info_log: 0x7efe9edfec40
2022/06/08-16:32:36.759827 7efee9b7b700                Options.max_file_opening_threads: 16
2022/06/08-16:32:36.759829 7efee9b7b700                              Options.statistics: (nil)
2022/06/08-16:32:36.759831 7efee9b7b700                               Options.use_fsync: 0
2022/06/08-16:32:36.759833 7efee9b7b700                       Options.max_log_file_size: 0
2022/06/08-16:32:36.759834 7efee9b7b700                  Options.max_manifest_file_size: 1073741824
2022/06/08-16:32:36.759836 7efee9b7b700                   Options.log_file_time_to_roll: 0
2022/06/08-16:32:36.759837 7efee9b7b700                       Options.keep_log_file_num: 1000
2022/06/08-16:32:36.759839 7efee9b7b700                    Options.recycle_log_file_num: 0
2022/06/08-16:32:36.759840 7efee9b7b700                         Options.allow_fallocate: 1
2022/06/08-16:32:36.759842 7efee9b7b700                        Options.allow_mmap_reads: 0
2022/06/08-16:32:36.759843 7efee9b7b700                       Options.allow_mmap_writes: 0
2022/06/08-16:32:36.759845 7efee9b7b700                        Options.use_direct_reads: 0
2022/06/08-16:32:36.759846 7efee9b7b700                        Options.use_direct_io_for_flush_and_compaction: 0
2022/06/08-16:32:36.759848 7efee9b7b700          Options.create_missing_column_families: 0
2022/06/08-16:32:36.759849 7efee9b7b700                              Options.db_log_dir: 
2022/06/08-16:32:36.759851 7efee9b7b700                                 Options.wal_dir: /home/ANT.AMAZON.COM/stefler/Documents/university/cloud-services/WikipediaStats/src/streams/./local-streams/kafka-streams-wiki/44_1/rocksdb/hour-per-userType-active-users
2022/06/08-16:32:36.759852 7efee9b7b700                Options.table_cache_numshardbits: 6
2022/06/08-16:32:36.759854 7efee9b7b700                      Options.max_subcompactions: 1
2022/06/08-16:32:36.759855 7efee9b7b700                  Options.max_background_flushes: -1
2022/06/08-16:32:36.759857 7efee9b7b700                         Options.WAL_ttl_seconds: 0
2022/06/08-16:32:36.759858 7efee9b7b700                       Options.WAL_size_limit_MB: 0
2022/06/08-16:32:36.759860 7efee9b7b700             Options.manifest_preallocation_size: 4194304
2022/06/08-16:32:36.759861 7efee9b7b700                     Options.is_fd_close_on_exec: 1
2022/06/08-16:32:36.759863 7efee9b7b700                   Options.advise_random_on_open: 1
2022/06/08-16:32:36.759864 7efee9b7b700                    Options.db_write_buffer_size: 0
2022/06/08-16:32:36.759865 7efee9b7b700                    Options.write_buffer_manager: 0x7efe9ee41000
2022/06/08-16:32:36.759867 7efee9b7b700         Options.access_hint_on_compaction_start: 1
2022/06/08-16:32:36.759869 7efee9b7b700  Options.new_table_reader_for_compaction_inputs: 0
2022/06/08-16:32:36.759881 7efee9b7b700           Options.random_access_max_buffer_size: 1048576
2022/06/08-16:32:36.759882 7efee9b7b700                      Options.use_adaptive_mutex: 0
2022/06/08-16:32:36.759884 7efee9b7b700                            Options.rate_limiter: (nil)
2022/06/08-16:32:36.759885 7efee9b7b700     Options.sst_file_manager.rate_bytes_per_sec: 0
2022/06/08-16:32:36.759887 7efee9b7b700                       Options.wal_recovery_mode: 2
2022/06/08-16:32:36.759888 7efee9b7b700                  Options.enable_thread_tracking: 0
2022/06/08-16:32:36.759890 7efee9b7b700                  Options.enable_pipelined_write: 0
2022/06/08-16:32:36.759891 7efee9b7b700         Options.allow_concurrent_memtable_write: 1
2022/06/08-16:32:36.759893 7efee9b7b700      Options.enable_write_thread_adaptive_yield: 1
2022/06/08-16:32:36.759894 7efee9b7b700             Options.write_thread_max_yield_usec: 100
2022/06/08-16:32:36.759895 7efee9b7b700            Options.write_thread_slow_yield_usec: 3
2022/06/08-16:32:36.759897 7efee9b7b700                               Options.row_cache: None
2022/06/08-16:32:36.759898 7efee9b7b700                              Options.wal_filter: None
2022/06/08-16:32:36.759900 7efee9b7b700             Options.avoid_flush_during_recovery: 0
2022/06/08-16:32:36.759901 7efee9b7b700             Options.allow_ingest_behind: 0
2022/06/08-16:32:36.759903 7efee9b7b700             Options.preserve_deletes: 0
2022/06/08-16:32:36.759904 7efee9b7b700             Options.two_write_queues: 0
2022/06/08-16:32:36.759906 7efee9b7b700             Options.manual_wal_flush: 0
2022/06/08-16:32:36.759907 7efee9b7b700             Options.max_background_jobs: 8
2022/06/08-16:32:36.759908 7efee9b7b700             Options.max_background_compactions: -1
2022/06/08-16:32:36.759910 7efee9b7b700             Options.avoid_flush_during_shutdown: 0
2022/06/08-16:32:36.759912 7efee9b7b700           Options.writable_file_max_buffer_size: 1048576
2022/06/08-16:32:36.759913 7efee9b7b700             Options.delayed_write_rate : 16777216
2022/06/08-16:32:36.759915 7efee9b7b700             Options.max_total_wal_size: 0
2022/06/08-16:32:36.759916 7efee9b7b700             Options.delete_obsolete_files_period_micros: 21600000000
2022/06/08-16:32:36.759918 7efee9b7b700                   Options.stats_dump_period_sec: 600
2022/06/08-16:32:36.759919 7efee9b7b700                          Options.max_open_files: -1
2022/06/08-16:32:36.759921 7efee9b7b700                          Options.bytes_per_sync: 0
2022/06/08-16:32:36.759922 7efee9b7b700                      Options.wal_bytes_per_sync: 0
2022/06/08-16:32:36.759923 7efee9b7b700       Options.compaction_readahead_size: 0
2022/06/08-16:32:36.759925 7efee9b7b700 Compression algorithms supported:
2022/06/08-16:32:36.759927 7efee9b7b700 	kZSTDNotFinalCompression supported: 1
2022/06/08-16:32:36.759929 7efee9b7b700 	kZSTD supported: 1
2022/06/08-16:32:36.759931 7efee9b7b700 	kXpressCompression supported: 0
2022/06/08-16:32:36.759933 7efee9b7b700 	kLZ4HCCompression supported: 1
2022/06/08-16:32:36.759934 7efee9b7b700 	kLZ4Compression supported: 1
2022/06/08-16:32:36.759936 7efee9b7b700 	kBZip2Compression supported: 1
2022/06/08-16:32:36.759938 7efee9b7b700 	kZlibCompression supported: 1
2022/06/08-16:32:36.759939 7efee9b7b700 	kSnappyCompression supported: 1
2022/06/08-16:32:36.759942 7efee9b7b700 Fast CRC32 supported: Not supported on x86
2022/06/08-16:32:36.760178 7efee9b7b700               Options.comparator: leveldb.BytewiseComparator
2022/06/08-16:32:36.760180 7efee9b7b700           Options.merge_operator: None
2022/06/08-16:32:36.760182 7efee9b7b700        Options.compaction_filter: None
2022/06/08-16:32:36.760184 7efee9b7b700        Options.compaction_filter_factory: None
2022/06/08-16:32:36.760185 7efee9b7b700         Options.memtable_factory: SkipListFactory
2022/06/08-16:32:36.760187 7efee9b7b700            Options.table_factory: BlockBasedTable
2022/06/08-16:32:36.760218 7efee9b7b700            table_factory options:   flush_block_policy_factory: FlushBlockBySizePolicyFactory (0x7efe9ee45e40)
  cache_index_and_filter_blocks: 0
  cache_index_and_filter_blocks_with_high_priority: 0
  pin_l0_filter_and_index_blocks_in_cache: 0
  pin_top_level_index_and_filter: 1
  index_type: 0
  hash_index_allow_collision: 1
  checksum: 1
  no_block_cache: 0
  block_cache: 0x7efe9ee457f0
  block_cache_name: LRUCache
  block_cache_options:
    capacity : 52428800
    num_shard_bits : 6
    strict_capacity_limit : 0
    memory_allocator : None
    high_pri_pool_ratio: 0.000
  block_cache_compressed: (nil)
  persistent_cache: (nil)
  block_size: 4096
  block_size_deviation: 10
  block_restart_interval: 16
  index_block_restart_interval: 1
  metadata_block_size: 4096
  partition_filters: 0
  use_delta_encoding: 1
  filter_policy: rocksdb.BuiltinBloomFilter
  whole_key_filtering: 1
  verify_compression: 0
  read_amp_bytes_per_bit: 0
  format_version: 0
  enable_index_compression: 1
  block_align: 0
2022/06/08-16:32:36.760232 7efee9b7b700        Options.write_buffer_size: 16777216
2022/06/08-16:32:36.760234 7efee9b7b700  Options.max_write_buffer_number: 3
2022/06/08-16:32:36.760236 7efee9b7b700          Options.compression: NoCompression
2022/06/08-16:32:36.760238 7efee9b7b700                  Options.bottommost_compression: Disabled
2022/06/08-16:32:36.760239 7efee9b7b700       Options.prefix_extractor: nullptr
2022/06/08-16:32:36.760241 7efee9b7b700   Options.memtable_insert_with_hint_prefix_extractor: nullptr
2022/06/08-16:32:36.760242 7efee9b7b700             Options.num_levels: 7
2022/06/08-16:32:36.760244 7efee9b7b700        Options.min_write_buffer_number_to_merge: 1
2022/06/08-16:32:36.760245 7efee9b7b700     Options.max_write_buffer_number_to_maintain: 0
2022/06/08-16:32:36.760247 7efee9b7b700            Options.bottommost_compression_opts.window_bits: -14
2022/06/08-16:32:36.760248 7efee9b7b700                  Options.bottommost_compression_opts.level: 32767
2022/06/08-16:32:36.760250 7efee9b7b700               Options.bottommost_compression_opts.strategy: 0
2022/06/08-16:32:36.760251 7efee9b7b700         Options.bottommost_compression_opts.max_dict_bytes: 0
2022/06/08-16:32:36.760253 7efee9b7b700         Options.bottommost_compression_opts.zstd_max_train_bytes: 0
2022/06/08-16:32:36.760255 7efee9b7b700                  Options.bottommost_compression_opts.enabled: false
2022/06/08-16:32:36.760256 7efee9b7b700            Options.compression_opts.window_bits: -14
2022/06/08-16:32:36.760258 7efee9b7b700                  Options.compression_opts.level: 32767
2022/06/08-16:32:36.760259 7efee9b7b700               Options.compression_opts.strategy: 0
2022/06/08-16:32:36.760261 7efee9b7b700         Options.compression_opts.max_dict_bytes: 0
2022/06/08-16:32:36.760262 7efee9b7b700         Options.compression_opts.zstd_max_train_bytes: 0
2022/06/08-16:32:36.760264 7efee9b7b700                  Options.compression_opts.enabled: false
2022/06/08-16:32:36.760265 7efee9b7b700      Options.level0_file_num_compaction_trigger: 4
2022/06/08-16:32:36.760267 7efee9b7b700          Options.level0_slowdown_writes_trigger: 20
2022/06/08-16:32:36.760268 7efee9b7b700              Options.level0_stop_writes_trigger: 36
2022/06/08-16:32:36.760270 7efee9b7b700                   Options.target_file_size_base: 67108864
2022/06/08-16:32:36.760271 7efee9b7b700             Options.target_file_size_multiplier: 1
2022/06/08-16:32:36.760273 7efee9b7b700                Options.max_bytes_for_level_base: 268435456
2022/06/08-16:32:36.760274 7efee9b7b700 Options.level_compaction_dynamic_level_bytes: 0
2022/06/08-16:32:36.760276 7efee9b7b700          Options.max_bytes_for_level_multiplier: 10.000000
2022/06/08-16:32:36.760280 7efee9b7b700 Options.max_bytes_for_level_multiplier_addtl[0]: 1
2022/06/08-16:32:36.760282 7efee9b7b700 Options.max_bytes_for_level_multiplier_addtl[1]: 1
2022/06/08-16:32:36.760284 7efee9b7b700 Options.max_bytes_for_level_multiplier_addtl[2]: 1
2022/06/08-16:32:36.760285 7efee9b7b700 Options.max_bytes_for_level_multiplier_addtl[3]: 1
2022/06/08-16:32:36.760287 7efee9b7b700 Options.max_bytes_for_level_multiplier_addtl[4]: 1
2022/06/08-16:32:36.760297 7efee9b7b700 Options.max_bytes_for_level_multiplier_addtl[5]: 1
2022/06/08-16:32:36.760298 7efee9b7b700 Options.max_bytes_for_level_multiplier_addtl[6]: 1
2022/06/08-16:32:36.760300 7efee9b7b700       Options.max_sequential_skip_in_iterations: 8
2022/06/08-16:32:36.760302 7efee9b7b700                    Options.max_compaction_bytes: 1677721600
2022/06/08-16:32:36.760303 7efee9b7b700                        Options.arena_block_size: 2097152
2022/06/08-16:32:36.760305 7efee9b7b700   Options.soft_pending_compaction_bytes_limit: 68719476736
2022/06/08-16:32:36.760306 7efee9b7b700   Options.hard_pending_compaction_bytes_limit: 274877906944
2022/06/08-16:32:36.760308 7efee9b7b700       Options.rate_limit_delay_max_milliseconds: 100
2022/06/08-16:32:36.760309 7efee9b7b700                Options.disable_auto_compactions: 0
2022/06/08-16:32:36.760312 7efee9b7b700                        Options.compaction_style: kCompactionStyleUniversal
2022/06/08-16:32:36.760314 7efee9b7b700                          Options.compaction_pri: kByCompensatedSize
2022/06/08-16:32:36.760315 7efee9b7b700 Options.compaction_options_universal.size_ratio: 1
2022/06/08-16:32:36.760317 7efee9b7b700 Options.compaction_options_universal.min_merge_width: 2
2022/06/08-16:32:36.760318 7efee9b7b700 Options.compaction_options_universal.max_merge_width: 4294967295
2022/06/08-16:32:36.760320 7efee9b7b700 Options.compaction_options_universal.max_size_amplification_percent: 200
2022/06/08-16:32:36.760321 7efee9b7b700 Options.compaction_options_universal.compression_size_percent: -1
2022/06/08-16:32:36.760323 7efee9b7b700 Options.compaction_options_universal.stop_style: kCompactionStopStyleTotalSize
2022/06/08-16:32:36.760325 7efee9b7b700 Options.compaction_options_fifo.max_table_files_size: 1073741824
2022/06/08-16:32:36.760326 7efee9b7b700 Options.compaction_options_fifo.allow_compaction: 0
2022/06/08-16:32:36.760328 7efee9b7b700 Options.compaction_options_fifo.ttl: 0
2022/06/08-16:32:36.760329 7efee9b7b700                   Options.table_properties_collectors: 
2022/06/08-16:32:36.760331 7efee9b7b700                   Options.inplace_update_support: 0
2022/06/08-16:32:36.760332 7efee9b7b700                 Options.inplace_update_num_locks: 10000
2022/06/08-16:32:36.760334 7efee9b7b700               Options.memtable_prefix_bloom_size_ratio: 0.000000
2022/06/08-16:32:36.760336 7efee9b7b700   Options.memtable_huge_page_size: 0
2022/06/08-16:32:36.760337 7efee9b7b700                           Options.bloom_locality: 0
2022/06/08-16:32:36.760339 7efee9b7b700                    Options.max_successive_merges: 0
2022/06/08-16:32:36.760340 7efee9b7b700                Options.optimize_filters_for_hits: 0
2022/06/08-16:32:36.760342 7efee9b7b700                Options.paranoid_file_checks: 0
2022/06/08-16:32:36.760343 7efee9b7b700                Options.force_consistency_checks: 0
2022/06/08-16:32:36.760344 7efee9b7b700                Options.report_bg_io_stats: 0
2022/06/08-16:32:36.760346 7efee9b7b700                               Options.ttl: 0
2022/06/08-16:32:36.783383 7efee9b7b700               Options.comparator: leveldb.BytewiseComparator
2022/06/08-16:32:36.783391 7efee9b7b700           Options.merge_operator: None
2022/06/08-16:32:36.783393 7efee9b7b700        Options.compaction_filter: None
2022/06/08-16:32:36.783394 7efee9b7b700        Options.compaction_filter_factory: None
2022/06/08-16:32:36.783395 7efee9b7b700         Options.memtable_factory: SkipListFactory
2022/06/08-16:32:36.783395 7efee9b7b700            Options.table_factory: BlockBasedTable
2022/06/08-16:32:36.783427 7efee9b7b700            table_factory options:   flush_block_policy_factory: FlushBlockBySizePolicyFactory (0x7efe9ee45e40)
  cache_index_and_filter_blocks: 0
  cache_index_and_filter_blocks_with_high_priority: 0
  pin_l0_filter_and_index_blocks_in_cache: 0
  pin_top_level_index_and_filter: 1
  index_type: 0
  hash_index_allow_collision: 1
  checksum: 1
  no_block_cache: 0
  block_cache: 0x7efe9ee457f0
  block_cache_name: LRUCache
  block_cache_options:
    capacity : 52428800
    num_shard_bits : 6
    strict_capacity_limit : 0
    memory_allocator : None
    high_pri_pool_ratio: 0.000
  block_cache_compressed: (nil)
  persistent_cache: (nil)
  block_size: 4096
  block_size_deviation: 10
  block_restart_interval: 16
  index_block_restart_interval: 1
  metadata_block_size: 4096
  partition_filters: 0
  use_delta_encoding: 1
  filter_policy: rocksdb.BuiltinBloomFilter
  whole_key_filtering: 1
  verify_compression: 0
  read_amp_bytes_per_bit: 0
  format_version: 0
  enable_index_compression: 1
  block_align: 0
2022/06/08-16:32:36.783428 7efee9b7b700        Options.write_buffer_size: 16777216
2022/06/08-16:32:36.783429 7efee9b7b700  Options.max_write_buffer_number: 3
2022/06/08-16:32:36.783430 7efee9b7b700          Options.compression: NoCompression
2022/06/08-16:32:36.783431 7efee9b7b700                  Options.bottommost_compression: Disabled
2022/06/08-16:32:36.783432 7efee9b7b700       Options.prefix_extractor: nullptr
2022/06/08-16:32:36.783434 7efee9b7b700   Options.memtable_insert_with_hint_prefix_extractor: nullptr
2022/06/08-16:32:36.783434 7efee9b7b700             Options.num_levels: 7
2022/06/08-16:32:36.783435 7efee9b7b700        Options.min_write_buffer_number_to_merge: 1
2022/06/08-16:32:36.783436 7efee9b7b700     Options.max_write_buffer_number_to_maintain: 0
2022/06/08-16:32:36.783437 7efee9b7b700            Options.bottommost_compression_opts.window_bits: -14
2022/06/08-16:32:36.783438 7efee9b7b700                  Options.bottommost_compression_opts.level: 32767
2022/06/08-16:32:36.783439 7efee9b7b700               Options.bottommost_compression_opts.strategy: 0
2022/06/08-16:32:36.783440 7efee9b7b700         Options.bottommost_compression_opts.max_dict_bytes: 0
2022/06/08-16:32:36.783441 7efee9b7b700         Options.bottommost_compression_opts.zstd_max_train_bytes: 0
2022/06/08-16:32:36.783442 7efee9b7b700                  Options.bottommost_compression_opts.enabled: false
2022/06/08-16:32:36.783443 7efee9b7b700            Options.compression_opts.window_bits: -14
2022/06/08-16:32:36.783444 7efee9b7b700                  Options.compression_opts.level: 32767
2022/06/08-16:32:36.783445 7efee9b7b700               Options.compression_opts.strategy: 0
2022/06/08-16:32:36.783445 7efee9b7b700         Options.compression_opts.max_dict_bytes: 0
2022/06/08-16:32:36.783446 7efee9b7b700         Options.compression_opts.zstd_max_train_bytes: 0
2022/06/08-16:32:36.783447 7efee9b7b700                  Options.compression_opts.enabled: false
2022/06/08-16:32:36.783448 7efee9b7b700      Options.level0_file_num_compaction_trigger: 4
2022/06/08-16:32:36.783449 7efee9b7b700          Options.level0_slowdown_writes_trigger: 20
2022/06/08-16:32:36.783450 7efee9b7b700              Options.level0_stop_writes_trigger: 36
2022/06/08-16:32:36.783451 7efee9b7b700                   Options.target_file_size_base: 67108864
2022/06/08-16:32:36.783452 7efee9b7b700             Options.target_file_size_multiplier: 1
2022/06/08-16:32:36.783453 7efee9b7b700                Options.max_bytes_for_level_base: 268435456
2022/06/08-16:32:36.783483 7efee9b7b700 Options.level_compaction_dynamic_level_bytes: 0
2022/06/08-16:32:36.783484 7efee9b7b700          Options.max_bytes_for_level_multiplier: 10.000000
2022/06/08-16:32:36.783487 7efee9b7b700 Options.max_bytes_for_level_multiplier_addtl[0]: 1
2022/06/08-16:32:36.783488 7efee9b7b700 Options.max_bytes_for_level_multiplier_addtl[1]: 1
2022/06/08-16:32:36.783489 7efee9b7b700 Options.max_bytes_for_level_multiplier_addtl[2]: 1
2022/06/08-16:32:36.783490 7efee9b7b700 Options.max_bytes_for_level_multiplier_addtl[3]: 1
2022/06/08-16:32:36.783491 7efee9b7b700 Options.max_bytes_for_level_multiplier_addtl[4]: 1
2022/06/08-16:32:36.783492 7efee9b7b700 Options.max_bytes_for_level_multiplier_addtl[5]: 1
2022/06/08-16:32:36.783493 7efee9b7b700 Options.max_bytes_for_level_multiplier_addtl[6]: 1
2022/06/08-16:32:36.783494 7efee9b7b700       Options.max_sequential_skip_in_iterations: 8
2022/06/08-16:32:36.783495 7efee9b7b700                    Options.max_compaction_bytes: 1677721600
2022/06/08-16:32:36.783496 7efee9b7b700                        Options.arena_block_size: 2097152
2022/06/08-16:32:36.783497 7efee9b7b700   Options.soft_pending_compaction_bytes_limit: 68719476736
2022/06/08-16:32:36.783498 7efee9b7b700   Options.hard_pending_compaction_bytes_limit: 274877906944
2022/06/08-16:32:36.783499 7efee9b7b700       Options.rate_limit_delay_max_milliseconds: 100
2022/06/08-16:32:36.783500 7efee9b7b700                Options.disable_auto_compactions: 0
2022/06/08-16:32:36.783501 7efee9b7b700                        Options.compaction_style: kCompactionStyleUniversal
2022/06/08-16:32:36.783502 7efee9b7b700                          Options.compaction_pri: kByCompensatedSize
2022/06/08-16:32:36.783503 7efee9b7b700 Options.compaction_options_universal.size_ratio: 1
2022/06/08-16:32:36.783504 7efee9b7b700 Options.compaction_options_universal.min_merge_width: 2
2022/06/08-16:32:36.783505 7efee9b7b700 Options.compaction_options_universal.max_merge_width: 4294967295
2022/06/08-16:32:36.783506 7efee9b7b700 Options.compaction_options_universal.max_size_amplification_percent: 200
2022/06/08-16:32:36.783507 7efee9b7b700 Options.compaction_options_universal.compression_size_percent: -1
2022/06/08-16:32:36.783508 7efee9b7b700 Options.compaction_options_universal.stop_style: kCompactionStopStyleTotalSize
2022/06/08-16:32:36.783509 7efee9b7b700 Options.compaction_options_fifo.max_table_files_size: 1073741824
2022/06/08-16:32:36.783510 7efee9b7b700 Options.compaction_options_fifo.allow_compaction: 0
2022/06/08-16:32:36.783511 7efee9b7b700 Options.compaction_options_fifo.ttl: 0
2022/06/08-16:32:36.783512 7efee9b7b700                   Options.table_properties_collectors: 
2022/06/08-16:32:36.783513 7efee9b7b700                   Options.inplace_update_support: 0
2022/06/08-16:32:36.783513 7efee9b7b700                 Options.inplace_update_num_locks: 10000
2022/06/08-16:32:36.783514 7efee9b7b700               Options.memtable_prefix_bloom_size_ratio: 0.000000
2022/06/08-16:32:36.783516 7efee9b7b700   Options.memtable_huge_page_size: 0
2022/06/08-16:32:36.783517 7efee9b7b700                           Options.bloom_locality: 0
2022/06/08-16:32:36.783517 7efee9b7b700                    Options.max_successive_merges: 0
2022/06/08-16:32:36.783518 7efee9b7b700                Options.optimize_filters_for_hits: 0
2022/06/08-16:32:36.783519 7efee9b7b700                Options.paranoid_file_checks: 0
2022/06/08-16:32:36.783520 7efee9b7b700                Options.force_consistency_checks: 0
2022/06/08-16:32:36.783521 7efee9b7b700                Options.report_bg_io_stats: 0
2022/06/08-16:32:36.783522 7efee9b7b700                               Options.ttl: 0
