2022/06/10-16:39:27.520842 7f9e4017b700 RocksDB version: 5.18.4
2022/06/10-16:39:27.520873 7f9e4017b700 Git sha rocksdb_build_git_sha:
2022/06/10-16:39:27.520875 7f9e4017b700 Compile date Mar 11 2020
2022/06/10-16:39:27.520876 7f9e4017b700 DB SUMMARY
2022/06/10-16:39:27.520891 7f9e4017b700 CURRENT file:  CURRENT
2022/06/10-16:39:27.520892 7f9e4017b700 IDENTITY file:  IDENTITY
2022/06/10-16:39:27.520894 7f9e4017b700 MANIFEST file:  MANIFEST-000001 size: 13 Bytes
2022/06/10-16:39:27.520895 7f9e4017b700 SST files in /home/ANT.AMAZON.COM/stefler/Documents/university/cloud-services/WikipediaStats/src/streams/./local-streams/kafka-streams-wiki/21_0/rocksdb/month-per-language-countPagesModified dir, Total Num: 0, files: 
2022/06/10-16:39:27.520896 7f9e4017b700 Write Ahead Log file in /home/ANT.AMAZON.COM/stefler/Documents/university/cloud-services/WikipediaStats/src/streams/./local-streams/kafka-streams-wiki/21_0/rocksdb/month-per-language-countPagesModified: 000003.log size: 0 ; 
2022/06/10-16:39:27.520898 7f9e4017b700                         Options.error_if_exists: 0
2022/06/10-16:39:27.520898 7f9e4017b700                       Options.create_if_missing: 1
2022/06/10-16:39:27.520899 7f9e4017b700                         Options.paranoid_checks: 1
2022/06/10-16:39:27.520900 7f9e4017b700                                     Options.env: 0x7f9de62e6fa0
2022/06/10-16:39:27.520900 7f9e4017b700                                Options.info_log: 0x7f9de15c84d0
2022/06/10-16:39:27.520901 7f9e4017b700                Options.max_file_opening_threads: 16
2022/06/10-16:39:27.520902 7f9e4017b700                              Options.statistics: (nil)
2022/06/10-16:39:27.520903 7f9e4017b700                               Options.use_fsync: 0
2022/06/10-16:39:27.520903 7f9e4017b700                       Options.max_log_file_size: 0
2022/06/10-16:39:27.520904 7f9e4017b700                  Options.max_manifest_file_size: 1073741824
2022/06/10-16:39:27.520904 7f9e4017b700                   Options.log_file_time_to_roll: 0
2022/06/10-16:39:27.520905 7f9e4017b700                       Options.keep_log_file_num: 1000
2022/06/10-16:39:27.520906 7f9e4017b700                    Options.recycle_log_file_num: 0
2022/06/10-16:39:27.520906 7f9e4017b700                         Options.allow_fallocate: 1
2022/06/10-16:39:27.520907 7f9e4017b700                        Options.allow_mmap_reads: 0
2022/06/10-16:39:27.520907 7f9e4017b700                       Options.allow_mmap_writes: 0
2022/06/10-16:39:27.520908 7f9e4017b700                        Options.use_direct_reads: 0
2022/06/10-16:39:27.520909 7f9e4017b700                        Options.use_direct_io_for_flush_and_compaction: 0
2022/06/10-16:39:27.520909 7f9e4017b700          Options.create_missing_column_families: 0
2022/06/10-16:39:27.520910 7f9e4017b700                              Options.db_log_dir: 
2022/06/10-16:39:27.520910 7f9e4017b700                                 Options.wal_dir: /home/ANT.AMAZON.COM/stefler/Documents/university/cloud-services/WikipediaStats/src/streams/./local-streams/kafka-streams-wiki/21_0/rocksdb/month-per-language-countPagesModified
2022/06/10-16:39:27.520911 7f9e4017b700                Options.table_cache_numshardbits: 6
2022/06/10-16:39:27.520912 7f9e4017b700                      Options.max_subcompactions: 1
2022/06/10-16:39:27.520912 7f9e4017b700                  Options.max_background_flushes: -1
2022/06/10-16:39:27.520913 7f9e4017b700                         Options.WAL_ttl_seconds: 0
2022/06/10-16:39:27.520914 7f9e4017b700                       Options.WAL_size_limit_MB: 0
2022/06/10-16:39:27.520914 7f9e4017b700             Options.manifest_preallocation_size: 4194304
2022/06/10-16:39:27.520915 7f9e4017b700                     Options.is_fd_close_on_exec: 1
2022/06/10-16:39:27.520915 7f9e4017b700                   Options.advise_random_on_open: 1
2022/06/10-16:39:27.520916 7f9e4017b700                    Options.db_write_buffer_size: 0
2022/06/10-16:39:27.520917 7f9e4017b700                    Options.write_buffer_manager: 0x7f9de1608110
2022/06/10-16:39:27.520917 7f9e4017b700         Options.access_hint_on_compaction_start: 1
2022/06/10-16:39:27.520922 7f9e4017b700  Options.new_table_reader_for_compaction_inputs: 0
2022/06/10-16:39:27.520923 7f9e4017b700           Options.random_access_max_buffer_size: 1048576
2022/06/10-16:39:27.520924 7f9e4017b700                      Options.use_adaptive_mutex: 0
2022/06/10-16:39:27.520924 7f9e4017b700                            Options.rate_limiter: (nil)
2022/06/10-16:39:27.520925 7f9e4017b700     Options.sst_file_manager.rate_bytes_per_sec: 0
2022/06/10-16:39:27.520926 7f9e4017b700                       Options.wal_recovery_mode: 2
2022/06/10-16:39:27.520926 7f9e4017b700                  Options.enable_thread_tracking: 0
2022/06/10-16:39:27.520927 7f9e4017b700                  Options.enable_pipelined_write: 0
2022/06/10-16:39:27.520928 7f9e4017b700         Options.allow_concurrent_memtable_write: 1
2022/06/10-16:39:27.520928 7f9e4017b700      Options.enable_write_thread_adaptive_yield: 1
2022/06/10-16:39:27.520929 7f9e4017b700             Options.write_thread_max_yield_usec: 100
2022/06/10-16:39:27.520929 7f9e4017b700            Options.write_thread_slow_yield_usec: 3
2022/06/10-16:39:27.520930 7f9e4017b700                               Options.row_cache: None
2022/06/10-16:39:27.520931 7f9e4017b700                              Options.wal_filter: None
2022/06/10-16:39:27.520931 7f9e4017b700             Options.avoid_flush_during_recovery: 0
2022/06/10-16:39:27.520932 7f9e4017b700             Options.allow_ingest_behind: 0
2022/06/10-16:39:27.520932 7f9e4017b700             Options.preserve_deletes: 0
2022/06/10-16:39:27.520933 7f9e4017b700             Options.two_write_queues: 0
2022/06/10-16:39:27.520934 7f9e4017b700             Options.manual_wal_flush: 0
2022/06/10-16:39:27.520934 7f9e4017b700             Options.max_background_jobs: 8
2022/06/10-16:39:27.520935 7f9e4017b700             Options.max_background_compactions: -1
2022/06/10-16:39:27.520935 7f9e4017b700             Options.avoid_flush_during_shutdown: 0
2022/06/10-16:39:27.520936 7f9e4017b700           Options.writable_file_max_buffer_size: 1048576
2022/06/10-16:39:27.520937 7f9e4017b700             Options.delayed_write_rate : 16777216
2022/06/10-16:39:27.520937 7f9e4017b700             Options.max_total_wal_size: 0
2022/06/10-16:39:27.520938 7f9e4017b700             Options.delete_obsolete_files_period_micros: 21600000000
2022/06/10-16:39:27.520939 7f9e4017b700                   Options.stats_dump_period_sec: 600
2022/06/10-16:39:27.520939 7f9e4017b700                          Options.max_open_files: -1
2022/06/10-16:39:27.520940 7f9e4017b700                          Options.bytes_per_sync: 0
2022/06/10-16:39:27.520940 7f9e4017b700                      Options.wal_bytes_per_sync: 0
2022/06/10-16:39:27.520941 7f9e4017b700       Options.compaction_readahead_size: 0
2022/06/10-16:39:27.520942 7f9e4017b700 Compression algorithms supported:
2022/06/10-16:39:27.520943 7f9e4017b700 	kZSTDNotFinalCompression supported: 1
2022/06/10-16:39:27.520944 7f9e4017b700 	kZSTD supported: 1
2022/06/10-16:39:27.520945 7f9e4017b700 	kXpressCompression supported: 0
2022/06/10-16:39:27.520946 7f9e4017b700 	kLZ4HCCompression supported: 1
2022/06/10-16:39:27.520947 7f9e4017b700 	kLZ4Compression supported: 1
2022/06/10-16:39:27.520947 7f9e4017b700 	kBZip2Compression supported: 1
2022/06/10-16:39:27.520948 7f9e4017b700 	kZlibCompression supported: 1
2022/06/10-16:39:27.520949 7f9e4017b700 	kSnappyCompression supported: 1
2022/06/10-16:39:27.520950 7f9e4017b700 Fast CRC32 supported: Not supported on x86
2022/06/10-16:39:27.521052 7f9e4017b700               Options.comparator: leveldb.BytewiseComparator
2022/06/10-16:39:27.521053 7f9e4017b700           Options.merge_operator: None
2022/06/10-16:39:27.521054 7f9e4017b700        Options.compaction_filter: None
2022/06/10-16:39:27.521055 7f9e4017b700        Options.compaction_filter_factory: None
2022/06/10-16:39:27.521055 7f9e4017b700         Options.memtable_factory: SkipListFactory
2022/06/10-16:39:27.521056 7f9e4017b700            Options.table_factory: BlockBasedTable
2022/06/10-16:39:27.521071 7f9e4017b700            table_factory options:   flush_block_policy_factory: FlushBlockBySizePolicyFactory (0x7f9de15fee60)
  cache_index_and_filter_blocks: 0
  cache_index_and_filter_blocks_with_high_priority: 0
  pin_l0_filter_and_index_blocks_in_cache: 0
  pin_top_level_index_and_filter: 1
  index_type: 0
  hash_index_allow_collision: 1
  checksum: 1
  no_block_cache: 0
  block_cache: 0x7f9de1600220
  block_cache_name: LRUCache
  block_cache_options:
    capacity : 52428800
    num_shard_bits : 6
    strict_capacity_limit : 0
    memory_allocator : None
    high_pri_pool_ratio: 0.000
  block_cache_compressed: (nil)
  persistent_cache: (nil)
  block_size: 4096
  block_size_deviation: 10
  block_restart_interval: 16
  index_block_restart_interval: 1
  metadata_block_size: 4096
  partition_filters: 0
  use_delta_encoding: 1
  filter_policy: rocksdb.BuiltinBloomFilter
  whole_key_filtering: 1
  verify_compression: 0
  read_amp_bytes_per_bit: 0
  format_version: 0
  enable_index_compression: 1
  block_align: 0
2022/06/10-16:39:27.521076 7f9e4017b700        Options.write_buffer_size: 16777216
2022/06/10-16:39:27.521077 7f9e4017b700  Options.max_write_buffer_number: 3
2022/06/10-16:39:27.521078 7f9e4017b700          Options.compression: NoCompression
2022/06/10-16:39:27.521079 7f9e4017b700                  Options.bottommost_compression: Disabled
2022/06/10-16:39:27.521079 7f9e4017b700       Options.prefix_extractor: nullptr
2022/06/10-16:39:27.521080 7f9e4017b700   Options.memtable_insert_with_hint_prefix_extractor: nullptr
2022/06/10-16:39:27.521081 7f9e4017b700             Options.num_levels: 7
2022/06/10-16:39:27.521081 7f9e4017b700        Options.min_write_buffer_number_to_merge: 1
2022/06/10-16:39:27.521082 7f9e4017b700     Options.max_write_buffer_number_to_maintain: 0
2022/06/10-16:39:27.521083 7f9e4017b700            Options.bottommost_compression_opts.window_bits: -14
2022/06/10-16:39:27.521083 7f9e4017b700                  Options.bottommost_compression_opts.level: 32767
2022/06/10-16:39:27.521084 7f9e4017b700               Options.bottommost_compression_opts.strategy: 0
2022/06/10-16:39:27.521084 7f9e4017b700         Options.bottommost_compression_opts.max_dict_bytes: 0
2022/06/10-16:39:27.521085 7f9e4017b700         Options.bottommost_compression_opts.zstd_max_train_bytes: 0
2022/06/10-16:39:27.521086 7f9e4017b700                  Options.bottommost_compression_opts.enabled: false
2022/06/10-16:39:27.521086 7f9e4017b700            Options.compression_opts.window_bits: -14
2022/06/10-16:39:27.521087 7f9e4017b700                  Options.compression_opts.level: 32767
2022/06/10-16:39:27.521088 7f9e4017b700               Options.compression_opts.strategy: 0
2022/06/10-16:39:27.521088 7f9e4017b700         Options.compression_opts.max_dict_bytes: 0
2022/06/10-16:39:27.521089 7f9e4017b700         Options.compression_opts.zstd_max_train_bytes: 0
2022/06/10-16:39:27.521089 7f9e4017b700                  Options.compression_opts.enabled: false
2022/06/10-16:39:27.521090 7f9e4017b700      Options.level0_file_num_compaction_trigger: 4
2022/06/10-16:39:27.521090 7f9e4017b700          Options.level0_slowdown_writes_trigger: 20
2022/06/10-16:39:27.521091 7f9e4017b700              Options.level0_stop_writes_trigger: 36
2022/06/10-16:39:27.521092 7f9e4017b700                   Options.target_file_size_base: 67108864
2022/06/10-16:39:27.521092 7f9e4017b700             Options.target_file_size_multiplier: 1
2022/06/10-16:39:27.521093 7f9e4017b700                Options.max_bytes_for_level_base: 268435456
2022/06/10-16:39:27.521093 7f9e4017b700 Options.level_compaction_dynamic_level_bytes: 0
2022/06/10-16:39:27.521094 7f9e4017b700          Options.max_bytes_for_level_multiplier: 10.000000
2022/06/10-16:39:27.521096 7f9e4017b700 Options.max_bytes_for_level_multiplier_addtl[0]: 1
2022/06/10-16:39:27.521097 7f9e4017b700 Options.max_bytes_for_level_multiplier_addtl[1]: 1
2022/06/10-16:39:27.521097 7f9e4017b700 Options.max_bytes_for_level_multiplier_addtl[2]: 1
2022/06/10-16:39:27.521098 7f9e4017b700 Options.max_bytes_for_level_multiplier_addtl[3]: 1
2022/06/10-16:39:27.521099 7f9e4017b700 Options.max_bytes_for_level_multiplier_addtl[4]: 1
2022/06/10-16:39:27.521102 7f9e4017b700 Options.max_bytes_for_level_multiplier_addtl[5]: 1
2022/06/10-16:39:27.521103 7f9e4017b700 Options.max_bytes_for_level_multiplier_addtl[6]: 1
2022/06/10-16:39:27.521103 7f9e4017b700       Options.max_sequential_skip_in_iterations: 8
2022/06/10-16:39:27.521104 7f9e4017b700                    Options.max_compaction_bytes: 1677721600
2022/06/10-16:39:27.521105 7f9e4017b700                        Options.arena_block_size: 2097152
2022/06/10-16:39:27.521105 7f9e4017b700   Options.soft_pending_compaction_bytes_limit: 68719476736
2022/06/10-16:39:27.521106 7f9e4017b700   Options.hard_pending_compaction_bytes_limit: 274877906944
2022/06/10-16:39:27.521106 7f9e4017b700       Options.rate_limit_delay_max_milliseconds: 100
2022/06/10-16:39:27.521107 7f9e4017b700                Options.disable_auto_compactions: 0
2022/06/10-16:39:27.521108 7f9e4017b700                        Options.compaction_style: kCompactionStyleUniversal
2022/06/10-16:39:27.521109 7f9e4017b700                          Options.compaction_pri: kByCompensatedSize
2022/06/10-16:39:27.521110 7f9e4017b700 Options.compaction_options_universal.size_ratio: 1
2022/06/10-16:39:27.521110 7f9e4017b700 Options.compaction_options_universal.min_merge_width: 2
2022/06/10-16:39:27.521111 7f9e4017b700 Options.compaction_options_universal.max_merge_width: 4294967295
2022/06/10-16:39:27.521112 7f9e4017b700 Options.compaction_options_universal.max_size_amplification_percent: 200
2022/06/10-16:39:27.521112 7f9e4017b700 Options.compaction_options_universal.compression_size_percent: -1
2022/06/10-16:39:27.521113 7f9e4017b700 Options.compaction_options_universal.stop_style: kCompactionStopStyleTotalSize
2022/06/10-16:39:27.521114 7f9e4017b700 Options.compaction_options_fifo.max_table_files_size: 1073741824
2022/06/10-16:39:27.521114 7f9e4017b700 Options.compaction_options_fifo.allow_compaction: 0
2022/06/10-16:39:27.521115 7f9e4017b700 Options.compaction_options_fifo.ttl: 0
2022/06/10-16:39:27.521116 7f9e4017b700                   Options.table_properties_collectors: 
2022/06/10-16:39:27.521116 7f9e4017b700                   Options.inplace_update_support: 0
2022/06/10-16:39:27.521117 7f9e4017b700                 Options.inplace_update_num_locks: 10000
2022/06/10-16:39:27.521117 7f9e4017b700               Options.memtable_prefix_bloom_size_ratio: 0.000000
2022/06/10-16:39:27.521118 7f9e4017b700   Options.memtable_huge_page_size: 0
2022/06/10-16:39:27.521119 7f9e4017b700                           Options.bloom_locality: 0
2022/06/10-16:39:27.521119 7f9e4017b700                    Options.max_successive_merges: 0
2022/06/10-16:39:27.521120 7f9e4017b700                Options.optimize_filters_for_hits: 0
2022/06/10-16:39:27.521121 7f9e4017b700                Options.paranoid_file_checks: 0
2022/06/10-16:39:27.521121 7f9e4017b700                Options.force_consistency_checks: 0
2022/06/10-16:39:27.521122 7f9e4017b700                Options.report_bg_io_stats: 0
2022/06/10-16:39:27.521122 7f9e4017b700                               Options.ttl: 0
2022/06/10-16:39:27.560337 7f9e4017b700               Options.comparator: leveldb.BytewiseComparator
2022/06/10-16:39:27.560353 7f9e4017b700           Options.merge_operator: None
2022/06/10-16:39:27.560354 7f9e4017b700        Options.compaction_filter: None
2022/06/10-16:39:27.560356 7f9e4017b700        Options.compaction_filter_factory: None
2022/06/10-16:39:27.560358 7f9e4017b700         Options.memtable_factory: SkipListFactory
2022/06/10-16:39:27.560360 7f9e4017b700            Options.table_factory: BlockBasedTable
2022/06/10-16:39:27.560420 7f9e4017b700            table_factory options:   flush_block_policy_factory: FlushBlockBySizePolicyFactory (0x7f9de15fee60)
  cache_index_and_filter_blocks: 0
  cache_index_and_filter_blocks_with_high_priority: 0
  pin_l0_filter_and_index_blocks_in_cache: 0
  pin_top_level_index_and_filter: 1
  index_type: 0
  hash_index_allow_collision: 1
  checksum: 1
  no_block_cache: 0
  block_cache: 0x7f9de1600220
  block_cache_name: LRUCache
  block_cache_options:
    capacity : 52428800
    num_shard_bits : 6
    strict_capacity_limit : 0
    memory_allocator : None
    high_pri_pool_ratio: 0.000
  block_cache_compressed: (nil)
  persistent_cache: (nil)
  block_size: 4096
  block_size_deviation: 10
  block_restart_interval: 16
  index_block_restart_interval: 1
  metadata_block_size: 4096
  partition_filters: 0
  use_delta_encoding: 1
  filter_policy: rocksdb.BuiltinBloomFilter
  whole_key_filtering: 1
  verify_compression: 0
  read_amp_bytes_per_bit: 0
  format_version: 0
  enable_index_compression: 1
  block_align: 0
2022/06/10-16:39:27.560423 7f9e4017b700        Options.write_buffer_size: 16777216
2022/06/10-16:39:27.560425 7f9e4017b700  Options.max_write_buffer_number: 3
2022/06/10-16:39:27.560427 7f9e4017b700          Options.compression: NoCompression
2022/06/10-16:39:27.560429 7f9e4017b700                  Options.bottommost_compression: Disabled
2022/06/10-16:39:27.560430 7f9e4017b700       Options.prefix_extractor: nullptr
2022/06/10-16:39:27.560431 7f9e4017b700   Options.memtable_insert_with_hint_prefix_extractor: nullptr
2022/06/10-16:39:27.560432 7f9e4017b700             Options.num_levels: 7
2022/06/10-16:39:27.560433 7f9e4017b700        Options.min_write_buffer_number_to_merge: 1
2022/06/10-16:39:27.560434 7f9e4017b700     Options.max_write_buffer_number_to_maintain: 0
2022/06/10-16:39:27.560435 7f9e4017b700            Options.bottommost_compression_opts.window_bits: -14
2022/06/10-16:39:27.560436 7f9e4017b700                  Options.bottommost_compression_opts.level: 32767
2022/06/10-16:39:27.560437 7f9e4017b700               Options.bottommost_compression_opts.strategy: 0
2022/06/10-16:39:27.560439 7f9e4017b700         Options.bottommost_compression_opts.max_dict_bytes: 0
2022/06/10-16:39:27.560440 7f9e4017b700         Options.bottommost_compression_opts.zstd_max_train_bytes: 0
2022/06/10-16:39:27.560442 7f9e4017b700                  Options.bottommost_compression_opts.enabled: false
2022/06/10-16:39:27.560444 7f9e4017b700            Options.compression_opts.window_bits: -14
2022/06/10-16:39:27.560445 7f9e4017b700                  Options.compression_opts.level: 32767
2022/06/10-16:39:27.560446 7f9e4017b700               Options.compression_opts.strategy: 0
2022/06/10-16:39:27.560446 7f9e4017b700         Options.compression_opts.max_dict_bytes: 0
2022/06/10-16:39:27.560447 7f9e4017b700         Options.compression_opts.zstd_max_train_bytes: 0
2022/06/10-16:39:27.560448 7f9e4017b700                  Options.compression_opts.enabled: false
2022/06/10-16:39:27.560449 7f9e4017b700      Options.level0_file_num_compaction_trigger: 4
2022/06/10-16:39:27.560450 7f9e4017b700          Options.level0_slowdown_writes_trigger: 20
2022/06/10-16:39:27.560451 7f9e4017b700              Options.level0_stop_writes_trigger: 36
2022/06/10-16:39:27.560453 7f9e4017b700                   Options.target_file_size_base: 67108864
2022/06/10-16:39:27.560454 7f9e4017b700             Options.target_file_size_multiplier: 1
2022/06/10-16:39:27.560456 7f9e4017b700                Options.max_bytes_for_level