2022/06/10-16:39:27.885139 7f9e4017b700 RocksDB version: 5.18.4
2022/06/10-16:39:27.885179 7f9e4017b700 Git sha rocksdb_build_git_sha:
2022/06/10-16:39:27.885180 7f9e4017b700 Compile date Mar 11 2020
2022/06/10-16:39:27.885182 7f9e4017b700 DB SUMMARY
2022/06/10-16:39:27.885199 7f9e4017b700 CURRENT file:  CURRENT
2022/06/10-16:39:27.885200 7f9e4017b700 IDENTITY file:  IDENTITY
2022/06/10-16:39:27.885203 7f9e4017b700 MANIFEST file:  MANIFEST-000001 size: 13 Bytes
2022/06/10-16:39:27.885204 7f9e4017b700 SST files in /home/ANT.AMAZON.COM/stefler/Documents/university/cloud-services/WikipediaStats/src/streams/./local-streams/kafka-streams-wiki/23_2/rocksdb/day-per-language-countPagesModified dir, Total Num: 0, files: 
2022/06/10-16:39:27.885205 7f9e4017b700 Write Ahead Log file in /home/ANT.AMAZON.COM/stefler/Documents/university/cloud-services/WikipediaStats/src/streams/./local-streams/kafka-streams-wiki/23_2/rocksdb/day-per-language-countPagesModified: 000003.log size: 0 ; 
2022/06/10-16:39:27.885207 7f9e4017b700                         Options.error_if_exists: 0
2022/06/10-16:39:27.885208 7f9e4017b700                       Options.create_if_missing: 1
2022/06/10-16:39:27.885208 7f9e4017b700                         Options.paranoid_checks: 1
2022/06/10-16:39:27.885209 7f9e4017b700                                     Options.env: 0x7f9de62e6fa0
2022/06/10-16:39:27.885210 7f9e4017b700                                Options.info_log: 0x7f9de18a7b10
2022/06/10-16:39:27.885210 7f9e4017b700                Options.max_file_opening_threads: 16
2022/06/10-16:39:27.885211 7f9e4017b700                              Options.statistics: (nil)
2022/06/10-16:39:27.885212 7f9e4017b700                               Options.use_fsync: 0
2022/06/10-16:39:27.885212 7f9e4017b700                       Options.max_log_file_size: 0
2022/06/10-16:39:27.885213 7f9e4017b700                  Options.max_manifest_file_size: 1073741824
2022/06/10-16:39:27.885214 7f9e4017b700                   Options.log_file_time_to_roll: 0
2022/06/10-16:39:27.885214 7f9e4017b700                       Options.keep_log_file_num: 1000
2022/06/10-16:39:27.885215 7f9e4017b700                    Options.recycle_log_file_num: 0
2022/06/10-16:39:27.885215 7f9e4017b700                         Options.allow_fallocate: 1
2022/06/10-16:39:27.885216 7f9e4017b700                        Options.allow_mmap_reads: 0
2022/06/10-16:39:27.885217 7f9e4017b700                       Options.allow_mmap_writes: 0
2022/06/10-16:39:27.885217 7f9e4017b700                        Options.use_direct_reads: 0
2022/06/10-16:39:27.885218 7f9e4017b700                        Options.use_direct_io_for_flush_and_compaction: 0
2022/06/10-16:39:27.885218 7f9e4017b700          Options.create_missing_column_families: 0
2022/06/10-16:39:27.885219 7f9e4017b700                              Options.db_log_dir: 
2022/06/10-16:39:27.885220 7f9e4017b700                                 Options.wal_dir: /home/ANT.AMAZON.COM/stefler/Documents/university/cloud-services/WikipediaStats/src/streams/./local-streams/kafka-streams-wiki/23_2/rocksdb/day-per-language-countPagesModified
2022/06/10-16:39:27.885220 7f9e4017b700                Options.table_cache_numshardbits: 6
2022/06/10-16:39:27.885221 7f9e4017b700                      Options.max_subcompactions: 1
2022/06/10-16:39:27.885222 7f9e4017b700                  Options.max_background_flushes: -1
2022/06/10-16:39:27.885222 7f9e4017b700                         Options.WAL_ttl_seconds: 0
2022/06/10-16:39:27.885223 7f9e4017b700                       Options.WAL_size_limit_MB: 0
2022/06/10-16:39:27.885223 7f9e4017b700             Options.manifest_preallocation_size: 4194304
2022/06/10-16:39:27.885224 7f9e4017b700                     Options.is_fd_close_on_exec: 1
2022/06/10-16:39:27.885225 7f9e4017b700                   Options.advise_random_on_open: 1
2022/06/10-16:39:27.885225 7f9e4017b700                    Options.db_write_buffer_size: 0
2022/06/10-16:39:27.885226 7f9e4017b700                    Options.write_buffer_manager: 0x7f9de18ae230
2022/06/10-16:39:27.885226 7f9e4017b700         Options.access_hint_on_compaction_start: 1
2022/06/10-16:39:27.885227 7f9e4017b700  Options.new_table_reader_for_compaction_inputs: 0
2022/06/10-16:39:27.885233 7f9e4017b700           Options.random_access_max_buffer_size: 1048576
2022/06/10-16:39:27.885234 7f9e4017b700                      Options.use_adaptive_mutex: 0
2022/06/10-16:39:27.885235 7f9e4017b700                            Options.rate_limiter: (nil)
2022/06/10-16:39:27.885236 7f9e4017b700     Options.sst_file_manager.rate_bytes_per_sec: 0
2022/06/10-16:39:27.885236 7f9e4017b700                       Options.wal_recovery_mode: 2
2022/06/10-16:39:27.885237 7f9e4017b700                  Options.enable_thread_tracking: 0
2022/06/10-16:39:27.885237 7f9e4017b700                  Options.enable_pipelined_write: 0
2022/06/10-16:39:27.885238 7f9e4017b700         Options.allow_concurrent_memtable_write: 1
2022/06/10-16:39:27.885239 7f9e4017b700      Options.enable_write_thread_adaptive_yield: 1
2022/06/10-16:39:27.885239 7f9e4017b700             Options.write_thread_max_yield_usec: 100
2022/06/10-16:39:27.885240 7f9e4017b700            Options.write_thread_slow_yield_usec: 3
2022/06/10-16:39:27.885240 7f9e4017b700                               Options.row_cache: None
2022/06/10-16:39:27.885241 7f9e4017b700                              Options.wal_filter: None
2022/06/10-16:39:27.885242 7f9e4017b700             Options.avoid_flush_during_recovery: 0
2022/06/10-16:39:27.885242 7f9e4017b700             Options.allow_ingest_behind: 0
2022/06/10-16:39:27.885243 7f9e4017b700             Options.preserve_deletes: 0
2022/06/10-16:39:27.885243 7f9e4017b700             Options.two_write_queues: 0
2022/06/10-16:39:27.885244 7f9e4017b700             Options.manual_wal_flush: 0
2022/06/10-16:39:27.885245 7f9e4017b700             Options.max_background_jobs: 8
2022/06/10-16:39:27.885245 7f9e4017b700             Options.max_background_compactions: -1
2022/06/10-16:39:27.885246 7f9e4017b700             Options.avoid_flush_during_shutdown: 0
2022/06/10-16:39:27.885247 7f9e4017b700           Options.writable_file_max_buffer_size: 1048576
2022/06/10-16:39:27.885247 7f9e4017b700             Options.delayed_write_rate : 16777216
2022/06/10-16:39:27.885248 7f9e4017b700             Options.max_total_wal_size: 0
2022/06/10-16:39:27.885248 7f9e4017b700             Options.delete_obsolete_files_period_micros: 21600000000
2022/06/10-16:39:27.885249 7f9e4017b700                   Options.stats_dump_period_sec: 600
2022/06/10-16:39:27.885250 7f9e4017b700                          Options.max_open_files: -1
2022/06/10-16:39:27.885250 7f9e4017b700                          Options.bytes_per_sync: 0
2022/06/10-16:39:27.885251 7f9e4017b700                      Options.wal_bytes_per_sync: 0
2022/06/10-16:39:27.885251 7f9e4017b700       Options.compaction_readahead_size: 0
2022/06/10-16:39:27.885252 7f9e4017b700 Compression algorithms supported:
2022/06/10-16:39:27.885253 7f9e4017b700 	kZSTDNotFinalCompression supported: 1
2022/06/10-16:39:27.885254 7f9e4017b700 	kZSTD supported: 1
2022/06/10-16:39:27.885255 7f9e4017b700 	kXpressCompression supported: 0
2022/06/10-16:39:27.885256 7f9e4017b700 	kLZ4HCCompression supported: 1
2022/06/10-16:39:27.885257 7f9e4017b700 	kLZ4Compression supported: 1
2022/06/10-16:39:27.885258 7f9e4017b700 	kBZip2Compression supported: 1
2022/06/10-16:39:27.885258 7f9e4017b700 	kZlibCompression supported: 1
2022/06/10-16:39:27.885259 7f9e4017b700 	kSnappyCompression supported: 1
2022/06/10-16:39:27.885260 7f9e4017b700 Fast CRC32 supported: Not supported on x86
2022/06/10-16:39:27.885400 7f9e4017b700               Options.comparator: leveldb.BytewiseComparator
2022/06/10-16:39:27.885401 7f9e4017b700           Options.merge_operator: None
2022/06/10-16:39:27.885403 7f9e4017b700        Options.compaction_filter: None
2022/06/10-16:39:27.885404 7f9e4017b700        Options.compaction_filter_factory: None
2022/06/10-16:39:27.885405 7f9e4017b700         Options.memtable_factory: SkipListFactory
2022/06/10-16:39:27.885406 7f9e4017b700            Options.table_factory: BlockBasedTable
2022/06/10-16:39:27.885441 7f9e4017b700            table_factory options:   flush_block_policy_factory: FlushBlockBySizePolicyFactory (0x7f9de189fa90)
  cache_index_and_filter_blocks: 0
  cache_index_and_filter_blocks_with_high_priority: 0
  pin_l0_filter_and_index_blocks_in_cache: 0
  pin_top_level_index_and_filter: 1
  index_type: 0
  hash_index_allow_collision: 1
  checksum: 1
  no_block_cache: 0
  block_cache: 0x7f9de17dc2f0
  block_cache_name: LRUCache
  block_cache_options:
    capacity : 52428800
    num_shard_bits : 6
    strict_capacity_limit : 0
    memory_allocator : None
    high_pri_pool_ratio: 0.000
  block_cache_compressed: (nil)
  persistent_cache: (nil)
  block_size: 4096
  block_size_deviation: 10
  block_restart_interval: 16
  index_block_restart_interval: 1
  metadata_block_size: 4096
  partition_filters: 0
  use_delta_encoding: 1
  filter_policy: rocksdb.BuiltinBloomFilter
  whole_key_filtering: 1
  verify_compression: 0
  read_amp_bytes_per_bit: 0
  format_version: 0
  enable_index_compression: 1
  block_align: 0
2022/06/10-16:39:27.885451 7f9e4017b700        Options.write_buffer_size: 16777216
2022/06/10-16:39:27.885452 7f9e4017b700  Options.max_write_buffer_number: 3
2022/06/10-16:39:27.885453 7f9e4017b700          Options.compression: NoCompression
2022/06/10-16:39:27.885454 7f9e4017b700                  Options.bottommost_compression: Disabled
2022/06/10-16:39:27.885455 7f9e4017b700       Options.prefix_extractor: nullptr
2022/06/10-16:39:27.885456 7f9e4017b700   Options.memtable_insert_with_hint_prefix_extractor: nullptr
2022/06/10-16:39:27.885457 7f9e4017b700             Options.num_levels: 7
2022/06/10-16:39:27.885458 7f9e4017b700        Options.min_write_buffer_number_to_merge: 1
2022/06/10-16:39:27.885459 7f9e4017b700     Options.max_write_buffer_number_to_maintain: 0
2022/06/10-16:39:27.885460 7f9e4017b700            Options.bottommost_compression_opts.window_bits: -14
2022/06/10-16:39:27.885461 7f9e4017b700                  Options.bottommost_compression_opts.level: 32767
2022/06/10-16:39:27.885462 7f9e4017b700               Options.bottommost_compression_opts.strategy: 0
2022/06/10-16:39:27.885463 7f9e4017b700         Options.bottommost_compression_opts.max_dict_bytes: 0
2022/06/10-16:39:27.885464 7f9e4017b700         Options.bottommost_compression_opts.zstd_max_train_bytes: 0
2022/06/10-16:39:27.885465 7f9e4017b700                  Options.bottommost_compression_opts.enabled: false
2022/06/10-16:39:27.885466 7f9e4017b700            Options.compression_opts.window_bits: -14
2022/06/10-16:39:27.885467 7f9e4017b700                  Options.compression_opts.level: 32767
2022/06/10-16:39:27.885468 7f9e4017b700               Options.compression_opts.strategy: 0
2022/06/10-16:39:27.885469 7f9e4017b700         Options.compression_opts.max_dict_bytes: 0
2022/06/10-16:39:27.885470 7f9e4017b700         Options.compression_opts.zstd_max_train_bytes: 0
2022/06/10-16:39:27.885471 7f9e4017b700                  Options.compression_opts.enabled: false
2022/06/10-16:39:27.885472 7f9e4017b700      Options.level0_file_num_compaction_trigger: 4
2022/06/10-16:39:27.885473 7f9e4017b700          Options.level0_slowdown_writes_trigger: 20
2022/06/10-16:39:27.885474 7f9e4017b700              Options.level0_stop_writes_trigger: 36
2022/06/10-16:39:27.885475 7f9e4017b700                   Options.target_file_size_base: 67108864
2022/06/10-16:39:27.885476 7f9e4017b700             Options.target_file_size_multiplier: 1
2022/06/10-16:39:27.885477 7f9e4017b700                Options.max_bytes_for_level_base: 268435456
2022/06/10-16:39:27.885478 7f9e4017b700 Options.level_compaction_dynamic_level_bytes: 0
2022/06/10-16:39:27.885479 7f9e4017b700          Options.max_bytes_for_level_multiplier: 10.000000
2022/06/10-16:39:27.885482 7f9e4017b700 Options.max_bytes_for_level_multiplier_addtl[0]: 1
2022/06/10-16:39:27.885483 7f9e4017b700 Options.max_bytes_for_level_multiplier_addtl[1]: 1
2022/06/10-16:39:27.885484 7f9e4017b700 Options.max_bytes_for_level_multiplier_addtl[2]: 1
2022/06/10-16:39:27.885485 7f9e4017b700 Options.max_bytes_for_level_multiplier_addtl[3]: 1
2022/06/10-16:39:27.885486 7f9e4017b700 Options.max_bytes_for_level_multiplier_addtl[4]: 1
2022/06/10-16:39:27.885492 7f9e4017b700 Options.max_bytes_for_level_multiplier_addtl[5]: 1
2022/06/10-16:39:27.885493 7f9e4017b700 Options.max_bytes_for_level_multiplier_addtl[6]: 1
2022/06/10-16:39:27.885494 7f9e4017b700       Options.max_sequential_skip_in_iterations: 8
2022/06/10-16:39:27.885495 7f9e4017b700                    Options.max_compaction_bytes: 1677721600
2022/06/10-16:39:27.885496 7f9e4017b700                        Options.arena_block_size: 2097152
2022/06/10-16:39:27.885497 7f9e4017b700   Options.soft_pending_compaction_bytes_limit: 68719476736
2022/06/10-16:39:27.885498 7f9e4017b700   Options.hard_pending_compaction_bytes_limit: 274877906944
2022/06/10-16:39:27.885499 7f9e4017b700       Options.rate_limit_delay_max_milliseconds: 100
2022/06/10-16:39:27.885500 7f9e4017b700                Options.disable_auto_compactions: 0
2022/06/10-16:39:27.885501 7f9e4017b700                        Options.compaction_style: kCompactionStyleUniversal
2022/06/10-16:39:27.885503 7f9e4017b700                          Options.compaction_pri: kByCompensatedSize
2022/06/10-16:39:27.885504 7f9e4017b700 Options.compaction_options_universal.size_ratio: 1
2022/06/10-16:39:27.885505 7f9e4017b700 Options.compaction_options_universal.min_merge_width: 2
2022/06/10-16:39:27.885506 7f9e4017b700 Options.compaction_options_universal.max_merge_width: 4294967295
2022/06/10-16:39:27.885507 7f9e4017b700 Options.compaction_options_universal.max_size_amplification_percent: 200
2022/06/10-16:39:27.885508 7f9e4017b700 Options.compaction_options_universal.compression_size_percent: -1
2022/06/10-16:39:27.885510 7f9e4017b700 Options.compaction_options_universal.stop_style: kCompactionStopStyleTotalSize
2022/06/10-16:39:27.885511 7f9e4017b700 Options.compaction_options_fifo.max_table_files_size: 1073741824
2022/06/10-16:39:27.885512 7f9e4017b700 Options.compaction_options_fifo.allow_compaction: 0
2022/06/10-16:39:27.885513 7f9e4017b700 Options.compaction_options_fifo.ttl: 0
2022/06/10-16:39:27.885514 7f9e4017b700                   Options.table_properties_collectors: 
2022/06/10-16:39:27.885515 7f9e4017b700                   Options.inplace_update_support: 0
2022/06/10-16:39:27.885516 7f9e4017b700                 Options.inplace_update_num_locks: 10000
2022/06/10-16:39:27.885518 7f9e4017b700               Options.memtable_prefix_bloom_size_ratio: 0.000000
2022/06/10-16:39:27.885519 7f9e4017b700   Options.memtable_huge_page_size: 0
2022/06/10-16:39:27.885520 7f9e4017b700                           Options.bloom_locality: 0
2022/06/10-16:39:27.885521 7f9e4017b700                    Options.max_successive_merges: 0
2022/06/10-16:39:27.885522 7f9e4017b700                Options.optimize_filters_for_hits: 0
2022/06/10-16:39:27.885523 7f9e4017b700                Options.paranoid_file_checks: 0
2022/06/10-16:39:27.885524 7f9e4017b700                Options.force_consistency_checks: 0
2022/06/10-16:39:27.885526 7f9e4017b700                Options.report_bg_io_stats: 0
2022/06/10-16:39:27.885527 7f9e4017b700                               Options.ttl: 0
2022/06/10-16:39:27.912861 7f9e4017b700               Options.comparator: leveldb.BytewiseComparator
2022/06/10-16:39:27.912870 7f9e4017b700           Options.merge_operator: None
2022/06/10-16:39:27.912872 7f9e4017b700        Options.compaction_filter: None
2022/06/10-16:39:27.912873 7f9e4017b700        Options.compaction_filter_factory: None
2022/06/10-16:39:27.912874 7f9e4017b700         Options.memtable_factory: SkipListFactory
2022/06/10-16:39:27.912876 7f9e4017b700            Options.table_factory: BlockBasedTable
2022/06/10-16:39:27.912915 7f9e4017b700            table_factory options:   flush_block_policy_factory: FlushBlockBySizePolicyFactory (0x7f9de189fa90)
  cache_index_and_filter_blocks: 0
  cache_index_and_filter_blocks_with_high_priority: 0
  pin_l0_filter_and_index_blocks_in_cache: 0
  pin_top_level_index_and_filter: 1
  index_type: 0
  hash_index_allow_collision: 1
  checksum: 1
  no_block_cache: 0
  block_cache: 0x7f9de17dc2f0
  block_cache_name: LRUCache
  block_cache_options:
    capacity : 52428800
    num_shard_bits : 6
    strict_capacity_limit : 0
    memory_allocator : None
    high_pri_pool_ratio: 0.000
  block_cache_compressed: (nil)
  persistent_cache: (nil)
  block_size: 4096
  block_size_deviation: 10
  block_restart_interval: 16
  index_block_restart_interval: 1
  metadata_block_size: 4096
  partition_filters: 0
  use_delta_encoding: 1
  filter_policy: rocksdb.BuiltinBloomFilter
  whole_key_filtering: 1
  verify_compression: 0
  read_amp_bytes_per_bit: 0
  format_version: 0
  enable_index_compression: 1
  block_align: 0
2022/06/10-16:39:27.912917 7f9e4017b700        Options.write_buffer_size: 16777216
2022/06/10-16:39:27.912919 7f9e4017b700  Options.max_write_buffer_number: 3
2022/06/10-16:39:27.912921 7f9e4017b700          Options.compression: NoCompression
2022/06/10-16:39:27.912922 7f9e4017b700                  Options.bottommost_compression: Disabled
2022/06/10-16:39:27.912923 7f9e4017b700       Options.prefix_extractor: nullptr
2022/06/10-16:39:27.912925 7f9e4017b700   Options.memtable_insert_with_hint_prefix_extractor: nullptr
2022/06/10-16:39:27.912927 7f9e4017b700             Options.num_levels: 7
2022/06/10-16:39:27.912928 7f9e4017b700        Options.min_write_buffer_number_to_merge: 1
2022/06/10-16:39:27.912929 7f9e4017b700     Options.max_write_buffer_number_to_maintain: 0
2022/06/10-16:39:27.912931 7f9e4017b700            Options.bottommost_compression_opts.window_bits: -14
2022/06/10-16:39:27.912932 7f9e4017b700                  Options.bottommost_compression_opts.level: 32767
2022/06/10-16:39:27.912933 7f9e4017b700               Options.bottommost_compression_opts.strategy: 0
2022/06/10-16:39:27.912935 7f9e4017b700         Options.bottommost_compression_opts.max_dict_bytes: 0
2022/06/10-16:39:27.912936 7f9e4017b700         Options.bottommost_compression_opts.zstd_max_train_bytes: 0
2022/06/10-16:39:27.912937 7f9e4017b700                  Options.bottommost_compression_opts.enabled: false
2022/06/10-16:39:27.912939 7f9e4017b700            Options.compression_opts.window_bits: -14
2022/06/10-16:39:27.912940 7f9e4017b700                  Options.compression_opts.level: 32767
2022/06/10-16:39:27.912941 7f9e4017b700               Options.compression_opts.strategy: 0
2022/06/10-16:39:27.912943 7f9e4017b700         Options.compression_opts.max_dict_bytes: 0
2022/06/10-16:39:27.912944 7f9e4017b700         Options.compression_opts.zstd_max_train_bytes: 0
2022/06/10-16:39:27.912945 7f9e4017b700                  Options.compression_opts.enabled: false
2022/06/10-16:39:27.912946 7f9e4017b700      Options.level0_file_num_compaction_trigger: 4
2022/06/10-16:39:27.912947 7f9e4017b700          Options.level0_slowdown_writes_trigger: 20
2022/06/10-16:39:27.912949 7f9e4017b700              Options.level0_stop_writes_trigger: 36
2022/06/10-16:39:27.912950 7f9e4017b700                   Options.target_file_size_base: 67108864
2022/06/10-16:39:27.912951 7f9e4017b700             Options.target_file_size_multiplier: 1
2022/06/10-16:39:27.912952 7f9e4017b700                Options.max_bytes_for_level