2022/06/10-16:39:27.017025 7f9e4017b700 RocksDB version: 5.18.4
2022/06/10-16:39:27.017060 7f9e4017b700 Git sha rocksdb_build_git_sha:
2022/06/10-16:39:27.017062 7f9e4017b700 Compile date Mar 11 2020
2022/06/10-16:39:27.017063 7f9e4017b700 DB SUMMARY
2022/06/10-16:39:27.017083 7f9e4017b700 CURRENT file:  CURRENT
2022/06/10-16:39:27.017084 7f9e4017b700 IDENTITY file:  IDENTITY
2022/06/10-16:39:27.017088 7f9e4017b700 MANIFEST file:  MANIFEST-000001 size: 13 Bytes
2022/06/10-16:39:27.017090 7f9e4017b700 SST files in /home/ANT.AMAZON.COM/stefler/Documents/university/cloud-services/WikipediaStats/src/streams/./local-streams/kafka-streams-wiki/18_1/rocksdb/week-per-language-countPagesCreated dir, Total Num: 0, files: 
2022/06/10-16:39:27.017092 7f9e4017b700 Write Ahead Log file in /home/ANT.AMAZON.COM/stefler/Documents/university/cloud-services/WikipediaStats/src/streams/./local-streams/kafka-streams-wiki/18_1/rocksdb/week-per-language-countPagesCreated: 000003.log size: 0 ; 
2022/06/10-16:39:27.017094 7f9e4017b700                         Options.error_if_exists: 0
2022/06/10-16:39:27.017095 7f9e4017b700                       Options.create_if_missing: 1
2022/06/10-16:39:27.017096 7f9e4017b700                         Options.paranoid_checks: 1
2022/06/10-16:39:27.017097 7f9e4017b700                                     Options.env: 0x7f9de62e6fa0
2022/06/10-16:39:27.017099 7f9e4017b700                                Options.info_log: 0x7f9de1313b60
2022/06/10-16:39:27.017100 7f9e4017b700                Options.max_file_opening_threads: 16
2022/06/10-16:39:27.017101 7f9e4017b700                              Options.statistics: (nil)
2022/06/10-16:39:27.017102 7f9e4017b700                               Options.use_fsync: 0
2022/06/10-16:39:27.017103 7f9e4017b700                       Options.max_log_file_size: 0
2022/06/10-16:39:27.017104 7f9e4017b700                  Options.max_manifest_file_size: 1073741824
2022/06/10-16:39:27.017105 7f9e4017b700                   Options.log_file_time_to_roll: 0
2022/06/10-16:39:27.017106 7f9e4017b700                       Options.keep_log_file_num: 1000
2022/06/10-16:39:27.017108 7f9e4017b700                    Options.recycle_log_file_num: 0
2022/06/10-16:39:27.017109 7f9e4017b700                         Options.allow_fallocate: 1
2022/06/10-16:39:27.017110 7f9e4017b700                        Options.allow_mmap_reads: 0
2022/06/10-16:39:27.017111 7f9e4017b700                       Options.allow_mmap_writes: 0
2022/06/10-16:39:27.017112 7f9e4017b700                        Options.use_direct_reads: 0
2022/06/10-16:39:27.017113 7f9e4017b700                        Options.use_direct_io_for_flush_and_compaction: 0
2022/06/10-16:39:27.017114 7f9e4017b700          Options.create_missing_column_families: 0
2022/06/10-16:39:27.017115 7f9e4017b700                              Options.db_log_dir: 
2022/06/10-16:39:27.017116 7f9e4017b700                                 Options.wal_dir: /home/ANT.AMAZON.COM/stefler/Documents/university/cloud-services/WikipediaStats/src/streams/./local-streams/kafka-streams-wiki/18_1/rocksdb/week-per-language-countPagesCreated
2022/06/10-16:39:27.017117 7f9e4017b700                Options.table_cache_numshardbits: 6
2022/06/10-16:39:27.017118 7f9e4017b700                      Options.max_subcompactions: 1
2022/06/10-16:39:27.017120 7f9e4017b700                  Options.max_background_flushes: -1
2022/06/10-16:39:27.017121 7f9e4017b700                         Options.WAL_ttl_seconds: 0
2022/06/10-16:39:27.017122 7f9e4017b700                       Options.WAL_size_limit_MB: 0
2022/06/10-16:39:27.017123 7f9e4017b700             Options.manifest_preallocation_size: 4194304
2022/06/10-16:39:27.017124 7f9e4017b700                     Options.is_fd_close_on_exec: 1
2022/06/10-16:39:27.017125 7f9e4017b700                   Options.advise_random_on_open: 1
2022/06/10-16:39:27.017126 7f9e4017b700                    Options.db_write_buffer_size: 0
2022/06/10-16:39:27.017127 7f9e4017b700                    Options.write_buffer_manager: 0x7f9de12c9090
2022/06/10-16:39:27.017128 7f9e4017b700         Options.access_hint_on_compaction_start: 1
2022/06/10-16:39:27.017129 7f9e4017b700  Options.new_table_reader_for_compaction_inputs: 0
2022/06/10-16:39:27.017136 7f9e4017b700           Options.random_access_max_buffer_size: 1048576
2022/06/10-16:39:27.017137 7f9e4017b700                      Options.use_adaptive_mutex: 0
2022/06/10-16:39:27.017138 7f9e4017b700                            Options.rate_limiter: (nil)
2022/06/10-16:39:27.017140 7f9e4017b700     Options.sst_file_manager.rate_bytes_per_sec: 0
2022/06/10-16:39:27.017141 7f9e4017b700                       Options.wal_recovery_mode: 2
2022/06/10-16:39:27.017142 7f9e4017b700                  Options.enable_thread_tracking: 0
2022/06/10-16:39:27.017143 7f9e4017b700                  Options.enable_pipelined_write: 0
2022/06/10-16:39:27.017144 7f9e4017b700         Options.allow_concurrent_memtable_write: 1
2022/06/10-16:39:27.017145 7f9e4017b700      Options.enable_write_thread_adaptive_yield: 1
2022/06/10-16:39:27.017146 7f9e4017b700             Options.write_thread_max_yield_usec: 100
2022/06/10-16:39:27.017148 7f9e4017b700            Options.write_thread_slow_yield_usec: 3
2022/06/10-16:39:27.017149 7f9e4017b700                               Options.row_cache: None
2022/06/10-16:39:27.017150 7f9e4017b700                              Options.wal_filter: None
2022/06/10-16:39:27.017151 7f9e4017b700             Options.avoid_flush_during_recovery: 0
2022/06/10-16:39:27.017152 7f9e4017b700             Options.allow_ingest_behind: 0
2022/06/10-16:39:27.017153 7f9e4017b700             Options.preserve_deletes: 0
2022/06/10-16:39:27.017154 7f9e4017b700             Options.two_write_queues: 0
2022/06/10-16:39:27.017155 7f9e4017b700             Options.manual_wal_flush: 0
2022/06/10-16:39:27.017156 7f9e4017b700             Options.max_background_jobs: 8
2022/06/10-16:39:27.017157 7f9e4017b700             Options.max_background_compactions: -1
2022/06/10-16:39:27.017158 7f9e4017b700             Options.avoid_flush_during_shutdown: 0
2022/06/10-16:39:27.017159 7f9e4017b700           Options.writable_file_max_buffer_size: 1048576
2022/06/10-16:39:27.017161 7f9e4017b700             Options.delayed_write_rate : 16777216
2022/06/10-16:39:27.017162 7f9e4017b700             Options.max_total_wal_size: 0
2022/06/10-16:39:27.017163 7f9e4017b700             Options.delete_obsolete_files_period_micros: 21600000000
2022/06/10-16:39:27.017164 7f9e4017b700                   Options.stats_dump_period_sec: 600
2022/06/10-16:39:27.017165 7f9e4017b700                          Options.max_open_files: -1
2022/06/10-16:39:27.017166 7f9e4017b700                          Options.bytes_per_sync: 0
2022/06/10-16:39:27.017167 7f9e4017b700                      Options.wal_bytes_per_sync: 0
2022/06/10-16:39:27.017168 7f9e4017b700       Options.compaction_readahead_size: 0
2022/06/10-16:39:27.017169 7f9e4017b700 Compression algorithms supported:
2022/06/10-16:39:27.017171 7f9e4017b700 	kZSTDNotFinalCompression supported: 1
2022/06/10-16:39:27.017172 7f9e4017b700 	kZSTD supported: 1
2022/06/10-16:39:27.017174 7f9e4017b700 	kXpressCompression supported: 0
2022/06/10-16:39:27.017175 7f9e4017b700 	kLZ4HCCompression supported: 1
2022/06/10-16:39:27.017177 7f9e4017b700 	kLZ4Compression supported: 1
2022/06/10-16:39:27.017178 7f9e4017b700 	kBZip2Compression supported: 1
2022/06/10-16:39:27.017179 7f9e4017b700 	kZlibCompression supported: 1
2022/06/10-16:39:27.017181 7f9e4017b700 	kSnappyCompression supported: 1
2022/06/10-16:39:27.017182 7f9e4017b700 Fast CRC32 supported: Not supported on x86
2022/06/10-16:39:27.017314 7f9e4017b700               Options.comparator: leveldb.BytewiseComparator
2022/06/10-16:39:27.017315 7f9e4017b700           Options.merge_operator: None
2022/06/10-16:39:27.017317 7f9e4017b700        Options.compaction_filter: None
2022/06/10-16:39:27.017318 7f9e4017b700        Options.compaction_filter_factory: None
2022/06/10-16:39:27.017319 7f9e4017b700         Options.memtable_factory: SkipListFactory
2022/06/10-16:39:27.017320 7f9e4017b700            Options.table_factory: BlockBasedTable
2022/06/10-16:39:27.017338 7f9e4017b700            table_factory options:   flush_block_policy_factory: FlushBlockBySizePolicyFactory (0x7f9de12c6940)
  cache_index_and_filter_blocks: 0
  cache_index_and_filter_blocks_with_high_priority: 0
  pin_l0_filter_and_index_blocks_in_cache: 0
  pin_top_level_index_and_filter: 1
  index_type: 0
  hash_index_allow_collision: 1
  checksum: 1
  no_block_cache: 0
  block_cache: 0x7f9de12d0390
  block_cache_name: LRUCache
  block_cache_options:
    capacity : 52428800
    num_shard_bits : 6
    strict_capacity_limit : 0
    memory_allocator : None
    high_pri_pool_ratio: 0.000
  block_cache_compressed: (nil)
  persistent_cache: (nil)
  block_size: 4096
  block_size_deviation: 10
  block_restart_interval: 16
  index_block_restart_interval: 1
  metadata_block_size: 4096
  partition_filters: 0
  use_delta_encoding: 1
  filter_policy: rocksdb.BuiltinBloomFilter
  whole_key_filtering: 1
  verify_compression: 0
  read_amp_bytes_per_bit: 0
  format_version: 0
  enable_index_compression: 1
  block_align: 0
2022/06/10-16:39:27.017345 7f9e4017b700        Options.write_buffer_size: 16777216
2022/06/10-16:39:27.017347 7f9e4017b700  Options.max_write_buffer_number: 3
2022/06/10-16:39:27.017348 7f9e4017b700          Options.compression: NoCompression
2022/06/10-16:39:27.017349 7f9e4017b700                  Options.bottommost_compression: Disabled
2022/06/10-16:39:27.017351 7f9e4017b700       Options.prefix_extractor: nullptr
2022/06/10-16:39:27.017352 7f9e4017b700   Options.memtable_insert_with_hint_prefix_extractor: nullptr
2022/06/10-16:39:27.017353 7f9e4017b700             Options.num_levels: 7
2022/06/10-16:39:27.017354 7f9e4017b700        Options.min_write_buffer_number_to_merge: 1
2022/06/10-16:39:27.017355 7f9e4017b700     Options.max_write_buffer_number_to_maintain: 0
2022/06/10-16:39:27.017356 7f9e4017b700            Options.bottommost_compression_opts.window_bits: -14
2022/06/10-16:39:27.017357 7f9e4017b700                  Options.bottommost_compression_opts.level: 32767
2022/06/10-16:39:27.017358 7f9e4017b700               Options.bottommost_compression_opts.strategy: 0
2022/06/10-16:39:27.017359 7f9e4017b700         Options.bottommost_compression_opts.max_dict_bytes: 0
2022/06/10-16:39:27.017360 7f9e4017b700         Options.bottommost_compression_opts.zstd_max_train_bytes: 0
2022/06/10-16:39:27.017361 7f9e4017b700                  Options.bottommost_compression_opts.enabled: false
2022/06/10-16:39:27.017362 7f9e4017b700            Options.compression_opts.window_bits: -14
2022/06/10-16:39:27.017363 7f9e4017b700                  Options.compression_opts.level: 32767
2022/06/10-16:39:27.017364 7f9e4017b700               Options.compression_opts.strategy: 0
2022/06/10-16:39:27.017365 7f9e4017b700         Options.compression_opts.max_dict_bytes: 0
2022/06/10-16:39:27.017366 7f9e4017b700         Options.compression_opts.zstd_max_train_bytes: 0
2022/06/10-16:39:27.017367 7f9e4017b700                  Options.compression_opts.enabled: false
2022/06/10-16:39:27.017368 7f9e4017b700      Options.level0_file_num_compaction_trigger: 4
2022/06/10-16:39:27.017369 7f9e4017b700          Options.level0_slowdown_writes_trigger: 20
2022/06/10-16:39:27.017370 7f9e4017b700              Options.level0_stop_writes_trigger: 36
2022/06/10-16:39:27.017371 7f9e4017b700                   Options.target_file_size_base: 67108864
2022/06/10-16:39:27.017372 7f9e4017b700             Options.target_file_size_multiplier: 1
2022/06/10-16:39:27.017373 7f9e4017b700                Options.max_bytes_for_level_base: 268435456
2022/06/10-16:39:27.017375 7f9e4017b700 Options.level_compaction_dynamic_level_bytes: 0
2022/06/10-16:39:27.017376 7f9e4017b700          Options.max_bytes_for_level_multiplier: 10.000000
2022/06/10-16:39:27.017378 7f9e4017b700 Options.max_bytes_for_level_multiplier_addtl[0]: 1
2022/06/10-16:39:27.017379 7f9e4017b700 Options.max_bytes_for_level_multiplier_addtl[1]: 1
2022/06/10-16:39:27.017381 7f9e4017b700 Options.max_bytes_for_level_multiplier_addtl[2]: 1
2022/06/10-16:39:27.017382 7f9e4017b700 Options.max_bytes_for_level_multiplier_addtl[3]: 1
2022/06/10-16:39:27.017383 7f9e4017b700 Options.max_bytes_for_level_multiplier_addtl[4]: 1
2022/06/10-16:39:27.017389 7f9e4017b700 Options.max_bytes_for_level_multiplier_addtl[5]: 1
2022/06/10-16:39:27.017390 7f9e4017b700 Options.max_bytes_for_level_multiplier_addtl[6]: 1
2022/06/10-16:39:27.017391 7f9e4017b700       Options.max_sequential_skip_in_iterations: 8
2022/06/10-16:39:27.017393 7f9e4017b700                    Options.max_compaction_bytes: 1677721600
2022/06/10-16:39:27.017394 7f9e4017b700                        Options.arena_block_size: 2097152
2022/06/10-16:39:27.017395 7f9e4017b700   Options.soft_pending_compaction_bytes_limit: 68719476736
2022/06/10-16:39:27.017396 7f9e4017b700   Options.hard_pending_compaction_bytes_limit: 274877906944
2022/06/10-16:39:27.017397 7f9e4017b700       Options.rate_limit_delay_max_milliseconds: 100
2022/06/10-16:39:27.017398 7f9e4017b700                Options.disable_auto_compactions: 0
2022/06/10-16:39:27.017400 7f9e4017b700                        Options.compaction_style: kCompactionStyleUniversal
2022/06/10-16:39:27.017401 7f9e4017b700                          Options.compaction_pri: kByCompensatedSize
2022/06/10-16:39:27.017402 7f9e4017b700 Options.compaction_options_universal.size_ratio: 1
2022/06/10-16:39:27.017403 7f9e4017b700 Options.compaction_options_universal.min_merge_width: 2
2022/06/10-16:39:27.017404 7f9e4017b700 Options.compaction_options_universal.max_merge_width: 4294967295
2022/06/10-16:39:27.017405 7f9e4017b700 Options.compaction_options_universal.max_size_amplification_percent: 200
2022/06/10-16:39:27.017407 7f9e4017b700 Options.compaction_options_universal.compression_size_percent: -1
2022/06/10-16:39:27.017408 7f9e4017b700 Options.compaction_options_universal.stop_style: kCompactionStopStyleTotalSize
2022/06/10-16:39:27.017409 7f9e4017b700 Options.compaction_options_fifo.max_table_files_size: 1073741824
2022/06/10-16:39:27.017410 7f9e4017b700 Options.compaction_options_fifo.allow_compaction: 0
2022/06/10-16:39:27.017411 7f9e4017b700 Options.compaction_options_fifo.ttl: 0
2022/06/10-16:39:27.017413 7f9e4017b700                   Options.table_properties_collectors: 
2022/06/10-16:39:27.017414 7f9e4017b700                   Options.inplace_update_support: 0
2022/06/10-16:39:27.017415 7f9e4017b700                 Options.inplace_update_num_locks: 10000
2022/06/10-16:39:27.017416 7f9e4017b700               Options.memtable_prefix_bloom_size_ratio: 0.000000
2022/06/10-16:39:27.017417 7f9e4017b700   Options.memtable_huge_page_size: 0
2022/06/10-16:39:27.017419 7f9e4017b700                           Options.bloom_locality: 0
2022/06/10-16:39:27.017420 7f9e4017b700                    Options.max_successive_merges: 0
2022/06/10-16:39:27.017421 7f9e4017b700                Options.optimize_filters_for_hits: 0
2022/06/10-16:39:27.017422 7f9e4017b700                Options.paranoid_file_checks: 0
2022/06/10-16:39:27.017423 7f9e4017b700                Options.force_consistency_checks: 0
2022/06/10-16:39:27.017424 7f9e4017b700                Options.report_bg_io_stats: 0
2022/06/10-16:39:27.017425 7f9e4017b700                               Options.ttl: 0
2022/06/10-16:39:27.031205 7f9e4017b700               Options.comparator: leveldb.BytewiseComparator
2022/06/10-16:39:27.031220 7f9e4017b700           Options.merge_operator: None
2022/06/10-16:39:27.031222 7f9e4017b700        Options.compaction_filter: None
2022/06/10-16:39:27.031223 7f9e4017b700        Options.compaction_filter_factory: None
2022/06/10-16:39:27.031225 7f9e4017b700         Options.memtable_factory: SkipListFactory
2022/06/10-16:39:27.031227 7f9e4017b700            Options.table_factory: BlockBasedTable
2022/06/10-16:39:27.031275 7f9e4017b700            table_factory options:   flush_block_policy_factory: FlushBlockBySizePolicyFactory (0x7f9de12c6940)
  cache_index_and_filter_blocks: 0
  cache_index_and_filter_blocks_with_high_priority: 0
  pin_l0_filter_and_index_blocks_in_cache: 0
  pin_top_level_index_and_filter: 1
  index_type: 0
  hash_index_allow_collision: 1
  checksum: 1
  no_block_cache: 0
  block_cache: 0x7f9de12d0390
  block_cache_name: LRUCache
  block_cache_options:
    capacity : 52428800
    num_shard_bits : 6
    strict_capacity_limit : 0
    memory_allocator : None
    high_pri_pool_ratio: 0.000
  block_cache_compressed: (nil)
  persistent_cache: (nil)
  block_size: 4096
  block_size_deviation: 10
  block_restart_interval: 16
  index_block_restart_interval: 1
  metadata_block_size: 4096
  partition_filters: 0
  use_delta_encoding: 1
  filter_policy: rocksdb.BuiltinBloomFilter
  whole_key_filtering: 1
  verify_compression: 0
  read_amp_bytes_per_bit: 0
  format_version: 0
  enable_index_compression: 1
  block_align: 0
2022/06/10-16:39:27.031277 7f9e4017b700        Options.write_buffer_size: 16777216
2022/06/10-16:39:27.031279 7f9e4017b700  Options.max_write_buffer_number: 3
2022/06/10-16:39:27.031282 7f9e4017b700          Options.compression: NoCompression
2022/06/10-16:39:27.031283 7f9e4017b700                  Options.bottommost_compression: Disabled
2022/06/10-16:39:27.031284 7f9e4017b700       Options.prefix_extractor: nullptr
2022/06/10-16:39:27.031286 7f9e4017b700   Options.memtable_insert_with_hint_prefix_extractor: nullptr
2022/06/10-16:39:27.031287 7f9e4017b700             Options.num_levels: 7
2022/06/10-16:39:27.031288 7f9e4017b700        Options.min_write_buffer_number_to_merge: 1
2022/06/10-16:39:27.031290 7f9e4017b700     Options.max_write_buffer_number_to_maintain: 0
2022/06/10-16:39:27.031291 7f9e4017b700            Options.bottommost_compression_opts.window_bits: -14
2022/06/10-16:39:27.031292 7f9e4017b700                  Options.bottommost_compression_opts.level: 32767
2022/06/10-16:39:27.031293 7f9e4017b700               Options.bottommost_compression_opts.strategy: 0
2022/06/10-16:39:27.031294 7f9e4017b700         Options.bottommost_compression_opts.max_dict_bytes: 0
2022/06/10-16:39:27.031296 7f9e4017b700         Options.bottommost_compression_opts.zstd_max_train_bytes: 0
2022/06/10-16:39:27.031297 7f9e4017b700                  Options.bottommost_compression_opts.enabled: false
2022/06/10-16:39:27.031298 7f9e4017b700            Options.compression_opts.window_bits: -14
2022/06/10-16:39:27.031299 7f9e4017b700                  Options.compression_opts.level: 32767
2022/06/10-16:39:27.031300 7f9e4017b700               Options.compression_opts.strategy: 0
2022/06/10-16:39:27.031301 7f9e4017b700         Options.compression_opts.max_dict_bytes: 0
2022/06/10-16:39:27.031302 7f9e4017b700         Options.compression_opts.zstd_max_train_bytes: 0
2022/06/10-16:39:27.031303 7f9e4017b700                  Options.compression_opts.enabled: false
2022/06/10-16:39:27.031304 7f9e4017b700      Options.level0_file_num_compaction_trigger: 4
2022/06/10-16:39:27.031306 7f9e4017b700          Options.level0_slowdown_writes_trigger: 20
2022/06/10-16:39:27.031307 7f9e4017b700              Options.level0_stop_writes_trigger: 36
2022/06/10-16:39:27.031308 7f9e4017b700                   Options.target_file_size_base: 67108864
2022/06/10-16:39:27.031308 7f9e4017b700             Options.target_file_size_multiplier: 1
2022/06/10-16:39:27.031309 7f9e4017b700                Options.max_bytes_for_level