2022/06/12-10:59:20.096118 7f07773f9700 RocksDB version: 5.18.4
2022/06/12-10:59:20.096135 7f07773f9700 Git sha rocksdb_build_git_sha:
2022/06/12-10:59:20.096136 7f07773f9700 Compile date Mar 11 2020
2022/06/12-10:59:20.096137 7f07773f9700 DB SUMMARY
2022/06/12-10:59:20.096157 7f07773f9700 CURRENT file:  CURRENT
2022/06/12-10:59:20.096158 7f07773f9700 IDENTITY file:  IDENTITY
2022/06/12-10:59:20.096159 7f07773f9700 MANIFEST file:  MANIFEST-000001 size: 13 Bytes
2022/06/12-10:59:20.096160 7f07773f9700 SST files in /home/ANT.AMAZON.COM/stefler/Documents/university/cloud-services/WikipediaStats/src/streams/./local-streams/kafka-streams-wiki/4_3/rocksdb/hour-all-countPagesCreated dir, Total Num: 0, files: 
2022/06/12-10:59:20.096161 7f07773f9700 Write Ahead Log file in /home/ANT.AMAZON.COM/stefler/Documents/university/cloud-services/WikipediaStats/src/streams/./local-streams/kafka-streams-wiki/4_3/rocksdb/hour-all-countPagesCreated: 000003.log size: 0 ; 
2022/06/12-10:59:20.096162 7f07773f9700                         Options.error_if_exists: 0
2022/06/12-10:59:20.096163 7f07773f9700                       Options.create_if_missing: 1
2022/06/12-10:59:20.096163 7f07773f9700                         Options.paranoid_checks: 1
2022/06/12-10:59:20.096163 7f07773f9700                                     Options.env: 0x7f0775d39fa0
2022/06/12-10:59:20.096164 7f07773f9700                                Options.info_log: 0x7f0764557c20
2022/06/12-10:59:20.096164 7f07773f9700                Options.max_file_opening_threads: 16
2022/06/12-10:59:20.096165 7f07773f9700                              Options.statistics: (nil)
2022/06/12-10:59:20.096165 7f07773f9700                               Options.use_fsync: 0
2022/06/12-10:59:20.096166 7f07773f9700                       Options.max_log_file_size: 0
2022/06/12-10:59:20.096166 7f07773f9700                  Options.max_manifest_file_size: 1073741824
2022/06/12-10:59:20.096167 7f07773f9700                   Options.log_file_time_to_roll: 0
2022/06/12-10:59:20.096167 7f07773f9700                       Options.keep_log_file_num: 1000
2022/06/12-10:59:20.096167 7f07773f9700                    Options.recycle_log_file_num: 0
2022/06/12-10:59:20.096168 7f07773f9700                         Options.allow_fallocate: 1
2022/06/12-10:59:20.096168 7f07773f9700                        Options.allow_mmap_reads: 0
2022/06/12-10:59:20.096169 7f07773f9700                       Options.allow_mmap_writes: 0
2022/06/12-10:59:20.096169 7f07773f9700                        Options.use_direct_reads: 0
2022/06/12-10:59:20.096169 7f07773f9700                        Options.use_direct_io_for_flush_and_compaction: 0
2022/06/12-10:59:20.096170 7f07773f9700          Options.create_missing_column_families: 0
2022/06/12-10:59:20.096170 7f07773f9700                              Options.db_log_dir: 
2022/06/12-10:59:20.096171 7f07773f9700                                 Options.wal_dir: /home/ANT.AMAZON.COM/stefler/Documents/university/cloud-services/WikipediaStats/src/streams/./local-streams/kafka-streams-wiki/4_3/rocksdb/hour-all-countPagesCreated
2022/06/12-10:59:20.096171 7f07773f9700                Options.table_cache_numshardbits: 6
2022/06/12-10:59:20.096172 7f07773f9700                      Options.max_subcompactions: 1
2022/06/12-10:59:20.096172 7f07773f9700                  Options.max_background_flushes: -1
2022/06/12-10:59:20.096172 7f07773f9700                         Options.WAL_ttl_seconds: 0
2022/06/12-10:59:20.096173 7f07773f9700                       Options.WAL_size_limit_MB: 0
2022/06/12-10:59:20.096173 7f07773f9700             Options.manifest_preallocation_size: 4194304
2022/06/12-10:59:20.096174 7f07773f9700                     Options.is_fd_close_on_exec: 1
2022/06/12-10:59:20.096174 7f07773f9700                   Options.advise_random_on_open: 1
2022/06/12-10:59:20.096175 7f07773f9700                    Options.db_write_buffer_size: 0
2022/06/12-10:59:20.096175 7f07773f9700                    Options.write_buffer_manager: 0x7f076454fab0
2022/06/12-10:59:20.096175 7f07773f9700         Options.access_hint_on_compaction_start: 1
2022/06/12-10:59:20.096176 7f07773f9700  Options.new_table_reader_for_compaction_inputs: 0
2022/06/12-10:59:20.096179 7f07773f9700           Options.random_access_max_buffer_size: 1048576
2022/06/12-10:59:20.096180 7f07773f9700                      Options.use_adaptive_mutex: 0
2022/06/12-10:59:20.096180 7f07773f9700                            Options.rate_limiter: (nil)
2022/06/12-10:59:20.096181 7f07773f9700     Options.sst_file_manager.rate_bytes_per_sec: 0
2022/06/12-10:59:20.096181 7f07773f9700                       Options.wal_recovery_mode: 2
2022/06/12-10:59:20.096182 7f07773f9700                  Options.enable_thread_tracking: 0
2022/06/12-10:59:20.096182 7f07773f9700                  Options.enable_pipelined_write: 0
2022/06/12-10:59:20.096183 7f07773f9700         Options.allow_concurrent_memtable_write: 1
2022/06/12-10:59:20.096183 7f07773f9700      Options.enable_write_thread_adaptive_yield: 1
2022/06/12-10:59:20.096183 7f07773f9700             Options.write_thread_max_yield_usec: 100
2022/06/12-10:59:20.096184 7f07773f9700            Options.write_thread_slow_yield_usec: 3
2022/06/12-10:59:20.096184 7f07773f9700                               Options.row_cache: None
2022/06/12-10:59:20.096185 7f07773f9700                              Options.wal_filter: None
2022/06/12-10:59:20.096185 7f07773f9700             Options.avoid_flush_during_recovery: 0
2022/06/12-10:59:20.096185 7f07773f9700             Options.allow_ingest_behind: 0
2022/06/12-10:59:20.096186 7f07773f9700             Options.preserve_deletes: 0
2022/06/12-10:59:20.096186 7f07773f9700             Options.two_write_queues: 0
2022/06/12-10:59:20.096187 7f07773f9700             Options.manual_wal_flush: 0
2022/06/12-10:59:20.096187 7f07773f9700             Options.max_background_jobs: 8
2022/06/12-10:59:20.096188 7f07773f9700             Options.max_background_compactions: -1
2022/06/12-10:59:20.096188 7f07773f9700             Options.avoid_flush_during_shutdown: 0
2022/06/12-10:59:20.096188 7f07773f9700           Options.writable_file_max_buffer_size: 1048576
2022/06/12-10:59:20.096189 7f07773f9700             Options.delayed_write_rate : 16777216
2022/06/12-10:59:20.096189 7f07773f9700             Options.max_total_wal_size: 0
2022/06/12-10:59:20.096190 7f07773f9700             Options.delete_obsolete_files_period_micros: 21600000000
2022/06/12-10:59:20.096190 7f07773f9700                   Options.stats_dump_period_sec: 600
2022/06/12-10:59:20.096191 7f07773f9700                          Options.max_open_files: -1
2022/06/12-10:59:20.096191 7f07773f9700                          Options.bytes_per_sync: 0
2022/06/12-10:59:20.096191 7f07773f9700                      Options.wal_bytes_per_sync: 0
2022/06/12-10:59:20.096192 7f07773f9700       Options.compaction_readahead_size: 0
2022/06/12-10:59:20.096192 7f07773f9700 Compression algorithms supported:
2022/06/12-10:59:20.096193 7f07773f9700 	kZSTDNotFinalCompression supported: 1
2022/06/12-10:59:20.096194 7f07773f9700 	kZSTD supported: 1
2022/06/12-10:59:20.096194 7f07773f9700 	kXpressCompression supported: 0
2022/06/12-10:59:20.096195 7f07773f9700 	kLZ4HCCompression supported: 1
2022/06/12-10:59:20.096195 7f07773f9700 	kLZ4Compression supported: 1
2022/06/12-10:59:20.096196 7f07773f9700 	kBZip2Compression supported: 1
2022/06/12-10:59:20.096196 7f07773f9700 	kZlibCompression supported: 1
2022/06/12-10:59:20.096200 7f07773f9700 	kSnappyCompression supported: 1
2022/06/12-10:59:20.096201 7f07773f9700 Fast CRC32 supported: Not supported on x86
2022/06/12-10:59:20.096263 7f07773f9700               Options.comparator: leveldb.BytewiseComparator
2022/06/12-10:59:20.096264 7f07773f9700           Options.merge_operator: None
2022/06/12-10:59:20.096264 7f07773f9700        Options.compaction_filter: None
2022/06/12-10:59:20.096264 7f07773f9700        Options.compaction_filter_factory: None
2022/06/12-10:59:20.096265 7f07773f9700         Options.memtable_factory: SkipListFactory
2022/06/12-10:59:20.096265 7f07773f9700            Options.table_factory: BlockBasedTable
2022/06/12-10:59:20.096278 7f07773f9700            table_factory options:   flush_block_policy_factory: FlushBlockBySizePolicyFactory (0x7f076455f990)
  cache_index_and_filter_blocks: 0
  cache_index_and_filter_blocks_with_high_priority: 0
  pin_l0_filter_and_index_blocks_in_cache: 0
  pin_top_level_index_and_filter: 1
  index_type: 0
  hash_index_allow_collision: 1
  checksum: 1
  no_block_cache: 0
  block_cache: 0x7f07645081e0
  block_cache_name: LRUCache
  block_cache_options:
    capacity : 52428800
    num_shard_bits : 6
    strict_capacity_limit : 0
    memory_allocator : None
    high_pri_pool_ratio: 0.000
  block_cache_compressed: (nil)
  persistent_cache: (nil)
  block_size: 4096
  block_size_deviation: 10
  block_restart_interval: 16
  index_block_restart_interval: 1
  metadata_block_size: 4096
  partition_filters: 0
  use_delta_encoding: 1
  filter_policy: rocksdb.BuiltinBloomFilter
  whole_key_filtering: 1
  verify_compression: 0
  read_amp_bytes_per_bit: 0
  format_version: 0
  enable_index_compression: 1
  block_align: 0
2022/06/12-10:59:20.096282 7f07773f9700        Options.write_buffer_size: 16777216
2022/06/12-10:59:20.096282 7f07773f9700  Options.max_write_buffer_number: 3
2022/06/12-10:59:20.096283 7f07773f9700          Options.compression: NoCompression
2022/06/12-10:59:20.096283 7f07773f9700                  Options.bottommost_compression: Disabled
2022/06/12-10:59:20.096284 7f07773f9700       Options.prefix_extractor: nullptr
2022/06/12-10:59:20.096284 7f07773f9700   Options.memtable_insert_with_hint_prefix_extractor: nullptr
2022/06/12-10:59:20.096284 7f07773f9700             Options.num_levels: 7
2022/06/12-10:59:20.096285 7f07773f9700        Options.min_write_buffer_number_to_merge: 1
2022/06/12-10:59:20.096285 7f07773f9700     Options.max_write_buffer_number_to_maintain: 0
2022/06/12-10:59:20.096286 7f07773f9700            Options.bottommost_compression_opts.window_bits: -14
2022/06/12-10:59:20.096286 7f07773f9700                  Options.bottommost_compression_opts.level: 32767
2022/06/12-10:59:20.096287 7f07773f9700               Options.bottommost_compression_opts.strategy: 0
2022/06/12-10:59:20.096287 7f07773f9700         Options.bottommost_compression_opts.max_dict_bytes: 0
2022/06/12-10:59:20.096288 7f07773f9700         Options.bottommost_compression_opts.zstd_max_train_bytes: 0
2022/06/12-10:59:20.096288 7f07773f9700                  Options.bottommost_compression_opts.enabled: false
2022/06/12-10:59:20.096288 7f07773f9700            Options.compression_opts.window_bits: -14
2022/06/12-10:59:20.096289 7f07773f9700                  Options.compression_opts.level: 32767
2022/06/12-10:59:20.096289 7f07773f9700               Options.compression_opts.strategy: 0
2022/06/12-10:59:20.096290 7f07773f9700         Options.compression_opts.max_dict_bytes: 0
2022/06/12-10:59:20.096290 7f07773f9700         Options.compression_opts.zstd_max_train_bytes: 0
2022/06/12-10:59:20.096291 7f07773f9700                  Options.compression_opts.enabled: false
2022/06/12-10:59:20.096291 7f07773f9700      Options.level0_file_num_compaction_trigger: 4
2022/06/12-10:59:20.096291 7f07773f9700          Options.level0_slowdown_writes_trigger: 20
2022/06/12-10:59:20.096292 7f07773f9700              Options.level0_stop_writes_trigger: 36
2022/06/12-10:59:20.096292 7f07773f9700                   Options.target_file_size_base: 67108864
2022/06/12-10:59:20.096293 7f07773f9700             Options.target_file_size_multiplier: 1
2022/06/12-10:59:20.096293 7f07773f9700                Options.max_bytes_for_level_base: 268435456
2022/06/12-10:59:20.096294 7f07773f9700 Options.level_compaction_dynamic_level_bytes: 0
2022/06/12-10:59:20.096294 7f07773f9700          Options.max_bytes_for_level_multiplier: 10.000000
2022/06/12-10:59:20.096295 7f07773f9700 Options.max_bytes_for_level_multiplier_addtl[0]: 1
2022/06/12-10:59:20.096296 7f07773f9700 Options.max_bytes_for_level_multiplier_addtl[1]: 1
2022/06/12-10:59:20.096296 7f07773f9700 Options.max_bytes_for_level_multiplier_addtl[2]: 1
2022/06/12-10:59:20.096296 7f07773f9700 Options.max_bytes_for_level_multiplier_addtl[3]: 1
2022/06/12-10:59:20.096297 7f07773f9700 Options.max_bytes_for_level_multiplier_addtl[4]: 1
2022/06/12-10:59:20.096299 7f07773f9700 Options.max_bytes_for_level_multiplier_addtl[5]: 1
2022/06/12-10:59:20.096300 7f07773f9700 Options.max_bytes_for_level_multiplier_addtl[6]: 1
2022/06/12-10:59:20.096300 7f07773f9700       Options.max_sequential_skip_in_iterations: 8
2022/06/12-10:59:20.096301 7f07773f9700                    Options.max_compaction_bytes: 1677721600
2022/06/12-10:59:20.096301 7f07773f9700                        Options.arena_block_size: 2097152
2022/06/12-10:59:20.096302 7f07773f9700   Options.soft_pending_compaction_bytes_limit: 68719476736
2022/06/12-10:59:20.096302 7f07773f9700   Options.hard_pending_compaction_bytes_limit: 274877906944
2022/06/12-10:59:20.096302 7f07773f9700       Options.rate_limit_delay_max_milliseconds: 100
2022/06/12-10:59:20.096303 7f07773f9700                Options.disable_auto_compactions: 0
2022/06/12-10:59:20.096303 7f07773f9700                        Options.compaction_style: kCompactionStyleUniversal
2022/06/12-10:59:20.096304 7f07773f9700                          Options.compaction_pri: kByCompensatedSize
2022/06/12-10:59:20.096304 7f07773f9700 Options.compaction_options_universal.size_ratio: 1
2022/06/12-10:59:20.096305 7f07773f9700 Options.compaction_options_universal.min_merge_width: 2
2022/06/12-10:59:20.096305 7f07773f9700 Options.compaction_options_universal.max_merge_width: 4294967295
2022/06/12-10:59:20.096306 7f07773f9700 Options.compaction_options_universal.max_size_amplification_percent: 200
2022/06/12-10:59:20.096306 7f07773f9700 Options.compaction_options_universal.compression_size_percent: -1
2022/06/12-10:59:20.096307 7f07773f9700 Options.compaction_options_universal.stop_style: kCompactionStopStyleTotalSize
2022/06/12-10:59:20.096307 7f07773f9700 Options.compaction_options_fifo.max_table_files_size: 1073741824
2022/06/12-10:59:20.096307 7f07773f9700 Options.compaction_options_fifo.allow_compaction: 0
2022/06/12-10:59:20.096308 7f07773f9700 Options.compaction_options_fifo.ttl: 0
2022/06/12-10:59:20.096308 7f07773f9700                   Options.table_properties_collectors: 
2022/06/12-10:59:20.096309 7f07773f9700                   Options.inplace_update_support: 0
2022/06/12-10:59:20.096309 7f07773f9700                 Options.inplace_update_num_locks: 10000
2022/06/12-10:59:20.096310 7f07773f9700               Options.memtable_prefix_bloom_size_ratio: 0.000000
2022/06/12-10:59:20.096310 7f07773f9700   Options.memtable_huge_page_size: 0
2022/06/12-10:59:20.096311 7f07773f9700                           Options.bloom_locality: 0
2022/06/12-10:59:20.096311 7f07773f9700                    Options.max_successive_merges: 0
2022/06/12-10:59:20.096311 7f07773f9700                Options.optimize_filters_for_hits: 0
2022/06/12-10:59:20.096312 7f07773f9700                Options.paranoid_file_checks: 0
2022/06/12-10:59:20.096312 7f07773f9700                Options.force_consistency_checks: 0
2022/06/12-10:59:20.096313 7f07773f9700                Options.report_bg_io_stats: 0
2022/06/12-10:59:20.096313 7f07773f9700                               Options.ttl: 0
2022/06/12-10:59:20.105289 7f07773f9700               Options.comparator: leveldb.BytewiseComparator
2022/06/12-10:59:20.105291 7f07773f9700           Options.merge_operator: None
2022/06/12-10:59:20.105292 7f07773f9700        Options.compaction_filter: None
2022/06/12-10:59:20.105293 7f07773f9700        Options.compaction_filter_factory: None
2022/06/12-10:59:20.105294 7f07773f9700         Options.memtable_factory: SkipListFactory
2022/06/12-10:59:20.105294 7f07773f9700            Options.table_factory: BlockBasedTable
2022/06/12-10:59:20.105309 7f07773f9700            table_factory options:   flush_block_policy_factory: FlushBlockBySizePolicyFactory (0x7f076455f990)
  cache_index_and_filter_blocks: 0
  cache_index_and_filter_blocks_with_high_priority: 0
  pin_l0_filter_and_index_blocks_in_cache: 0
  pin_top_level_index_and_filter: 1
  index_type: 0
  hash_index_allow_collision: 1
  checksum: 1
  no_block_cache: 0
  block_cache: 0x7f07645081e0
  block_cache_name: LRUCache
  block_cache_options:
    capacity : 52428800
    num_shard_bits : 6
    strict_capacity_limit : 0
    memory_allocator : None
    high_pri_pool_ratio: 0.000
  block_cache_compressed: (nil)
  persistent_cache: (nil)
  block_size: 4096
  block_size_deviation: 10
  block_restart_interval: 16
  index_block_restart_interval: 1
  metadata_block_size: 4096
  partition_filters: 0
  use_delta_encoding: 1
  filter_policy: rocksdb.BuiltinBloomFilter
  whole_key_filtering: 1
  verify_compression: 0
  read_amp_bytes_per_bit: 0
  format_version: 0
  enable_index_compression: 1
  block_align: 0
2022/06/12-10:59:20.105310 7f07773f9700        Options.write_buffer_size: 16777216
2022/06/12-10:59:20.105311 7f07773f9700  Options.max_write_buffer_number: 3
2022/06/12-10:59:20.105311 7f07773f9700          Options.compression: NoCompression
2022/06/12-10:59:20.105312 7f07773f9700                  Options.bottommost_compression: Disabled
2022/06/12-10:59:20.105312 7f07773f9700       Options.prefix_extractor: nullptr
2022/06/12-10:59:20.105313 7f07773f9700   Options.memtable_insert_with_hint_prefix_extractor: nullptr
2022/06/12-10:59:20.105313 7f07773f9700             Options.num_levels: 7
2022/06/12-10:59:20.105314 7f07773f9700        Options.min_write_buffer_number_to_merge: 1
2022/06/12-10:59:20.105314 7f07773f9700     Options.max_write_buffer_number_to_maintain: 0
2022/06/12-10:59:20.105315 7f07773f9700            Options.bottommost_compression_opts.window_bits: -14
2022/06/12-10:59:20.105316 7f07773f9700                  Options.bottommost_compression_opts.level: 32767
2022/06/12-10:59:20.105316 7f07773f9700               Options.bottommost_compression_opts.strategy: 0
2022/06/12-10:59:20.105317 7f07773f9700         Options.bottommost_compression_opts.max_dict_bytes: 0
2022/06/12-10:59:20.105318 7f07773f9700         Options.bottommost_compression_opts.zstd_max_train_bytes: 0
2022/06/12-10:59:20.105318 7f07773f9700                  Options.bottommost_compression_opts.enabled: false
2022/06/12-10:59:20.105319 7f07773f9700            Options.compression_opts.window_bits: -14
2022/06/12-10:59:20.105320 7f07773f9700                  Options.compression_opts.level: 32767
2022/06/12-10:59:20.105320 7f07773f9700               Options.compression_opts.strategy: 0
2022/06/12-10:59:20.105321 7f07773f9700         Options.compression_opts.max_dict_bytes: 0
2022/06/12-10:59:20.105321 7f07773f9700         Options.compression_opts.zstd_max_train_bytes: 0
2022/06/12-10:59:20.105322 7f07773f9700                  Options.compression_opts.enabled: false
2022/06/12-10:59:20.105323 7f07773f9700      Options.level0_file_num_compaction_trigger: 4
2022/06/12-10:59:20.105323 7f07773f9700          Options.level0_slowdown_writes_trigger: 20
2022/06/12-10:59:20.105324 7f07773f9700              Options.level0_stop_writes_trigger: 36
2022/06/12-10:59:20.105325 7f07773f9700                   Options.target_file_size_base: 67108864
2022/06/12-10:59:20.105325 7f07773f9700             Options.target_file_size_multiplier: 1
2022/06/12-10:59:20.105326 7f07773f9700                Options.max_bytes_for_level_base: 268435456
2022/06/12-10:59:20.105333 7f07773f9700 Options.level_compaction_dynamic_level_bytes: 0
2022/06/12-10:59:20.105333 7f07773f9700          Options.max_bytes_for_level_multiplier: 10.000000
2022/06/12-10:59:20.105335 7f07773f9700 Options.max_bytes_for_level_multiplier_addtl[0]: 1
2022/06/12-10:59:20.105335 7f07773f9700 Options.max_bytes_for_level_multiplier_addtl[1]: 1
2022/06/12-10:59:20.105336 7f07773f9700 Options.max_bytes_for_level_multiplier_addtl[2]: 1
2022/06/12-10:59:20.105337 7f07773f9700 Options.max_bytes_for_level_multiplier_addtl[3]: 1
2022/06/12-10:59:20.105337 7f07773f9700 Options.max_bytes_for_level_multiplier_addtl[4]: 1
2022/06/12-10:59:20.105338 7f07773f9700 Options.max_bytes_for_level_multiplier_addtl[5]: 1
2022/06/12-10:59:20.105338 7f07773f9700 Options.max_bytes_for_level_multiplier_addtl[6]: 1
2022/06/12-10:59:20.105339 7f07773f9700       Options.max_sequential_skip_in_iterations: 8
2022/06/12-10:59:20.105339 7f07773f9700                    Options.max_compaction_bytes: 1677721600
2022/06/12-10:59:20.105340 7f07773f9700                        Options.arena_block_size: 2097152
2022/06/12-10:59:20.105341 7f07773f9700   Options.soft_pending_compaction_bytes_limit: 68719476736
2022/06/12-10:59:20.105342 7f07773f9700   Options.hard_pending_compaction_bytes_limit: 274877906944
2022/06/12-10:59:20.105343 7f07773f9700       Options.rate_limit_delay_max_milliseconds: 100
2022/06/12-10:59:20.105343 7f07773f9700                Options.disable_auto_compactions: 0
2022/06/12-10:59:20.105344 7f07773f9700                        Options.compaction_style: kCompactionStyleUniversal
2022/06/12-10:59:20.105345 7f07773f9700                          Options.compaction_pri: kByCompensatedSize
2022/06/12-10:59:20.105345 7f07773f9700 Options.compaction_options_universal.size_ratio: 1
2022/06/12-10:59:20.105346 7f07773f9700 Options.compaction_options_universal.min_merge_width: 2
2022/06/12-10:59:20.105347 7f07773f9700 Options.compaction_options_universal.max_merge_width: 4294967295
2022/06/12-10:59:20.105347 7f07773f9700 Options.compaction_options_universal.max_size_amplification_percent: 200
2022/06/12-10:59:20.105348 7f07773f9700 Options.compaction_options_universal.compression_size_percent: -1
2022/06/12-10:59:20.105349 7f07773f9700 Options.compaction_options_universal.stop_style: kCompactionStopStyleTotalSize
2022/06/12-10:59:20.105350 7f07773f9700 Options.compaction_options_fifo.max_table_files_size: 1073741824
2022/06/12-10:59:20.105350 7f07773f9700 Options.compaction_options_fifo.allow_compaction: 0
2022/06/12-10:59:20.105351 7f07773f9700 Options.compaction_options_fifo.ttl: 0
2022/06/12-10:59:20.105352 7f07773f9700                   Options.table_properties_collectors: 
2022/06/12-10:59:20.105352 7f07773f9700                   Options.inplace_update_support: 0
2022/06/12-10:59:20.105353 7f07773f9700                 Options.inplace_update_num_locks: 10000
2022/06/12-10:59:20.105354 7f07773f9700               Options.memtable_prefix_bloom_size_ratio: 0.000000
2022/06/12-10:59:20.105355 7f07773f9700   Options.memtable_huge_page_size: 0
2022/06/12-10:59:20.105356 7f07773f9700                           Options.bloom_locality: 0
2022/06/12-10:59:20.105356 7f07773f9700                    Options.max_successive_merges: 0
2022/06/12-10:59:20.105357 7f07773f9700                Options.optimize_filters_for_hits: 0
2022/06/12-10:59:20.105357 7f07773f9700                Options.paranoid_file_checks: 0
2022/06/12-10:59:20.105358 7f07773f9700                Options.force_consistency_checks: 0
2022/06/12-10:59:20.105359 7f07773f9700                Options.report_bg_io_stats: 0
2022/06/12-10:59:20.105360 7f07773f9700                               Options.ttl: 0
