2022/06/10-16:39:28.017523 7f9e4017b700 RocksDB version: 5.18.4
2022/06/10-16:39:28.017575 7f9e4017b700 Git sha rocksdb_build_git_sha:
2022/06/10-16:39:28.017577 7f9e4017b700 Compile date Mar 11 2020
2022/06/10-16:39:28.017579 7f9e4017b700 DB SUMMARY
2022/06/10-16:39:28.017600 7f9e4017b700 CURRENT file:  CURRENT
2022/06/10-16:39:28.017601 7f9e4017b700 IDENTITY file:  IDENTITY
2022/06/10-16:39:28.017605 7f9e4017b700 MANIFEST file:  MANIFEST-000001 size: 13 Bytes
2022/06/10-16:39:28.017609 7f9e4017b700 SST files in /home/ANT.AMAZON.COM/stefler/Documents/university/cloud-services/WikipediaStats/src/streams/./local-streams/kafka-streams-wiki/24_0/rocksdb/hour-per-language-countPagesModified dir, Total Num: 0, files: 
2022/06/10-16:39:28.017610 7f9e4017b700 Write Ahead Log file in /home/ANT.AMAZON.COM/stefler/Documents/university/cloud-services/WikipediaStats/src/streams/./local-streams/kafka-streams-wiki/24_0/rocksdb/hour-per-language-countPagesModified: 000003.log size: 0 ; 
2022/06/10-16:39:28.017613 7f9e4017b700                         Options.error_if_exists: 0
2022/06/10-16:39:28.017614 7f9e4017b700                       Options.create_if_missing: 1
2022/06/10-16:39:28.017615 7f9e4017b700                         Options.paranoid_checks: 1
2022/06/10-16:39:28.017616 7f9e4017b700                                     Options.env: 0x7f9de62e6fa0
2022/06/10-16:39:28.017618 7f9e4017b700                                Options.info_log: 0x7f9de192ec70
2022/06/10-16:39:28.017619 7f9e4017b700                Options.max_file_opening_threads: 16
2022/06/10-16:39:28.017620 7f9e4017b700                              Options.statistics: (nil)
2022/06/10-16:39:28.017622 7f9e4017b700                               Options.use_fsync: 0
2022/06/10-16:39:28.017623 7f9e4017b700                       Options.max_log_file_size: 0
2022/06/10-16:39:28.017625 7f9e4017b700                  Options.max_manifest_file_size: 1073741824
2022/06/10-16:39:28.017626 7f9e4017b700                   Options.log_file_time_to_roll: 0
2022/06/10-16:39:28.017627 7f9e4017b700                       Options.keep_log_file_num: 1000
2022/06/10-16:39:28.017629 7f9e4017b700                    Options.recycle_log_file_num: 0
2022/06/10-16:39:28.017630 7f9e4017b700                         Options.allow_fallocate: 1
2022/06/10-16:39:28.017631 7f9e4017b700                        Options.allow_mmap_reads: 0
2022/06/10-16:39:28.017632 7f9e4017b700                       Options.allow_mmap_writes: 0
2022/06/10-16:39:28.017633 7f9e4017b700                        Options.use_direct_reads: 0
2022/06/10-16:39:28.017635 7f9e4017b700                        Options.use_direct_io_for_flush_and_compaction: 0
2022/06/10-16:39:28.017636 7f9e4017b700          Options.create_missing_column_families: 0
2022/06/10-16:39:28.017637 7f9e4017b700                              Options.db_log_dir: 
2022/06/10-16:39:28.017638 7f9e4017b700                                 Options.wal_dir: /home/ANT.AMAZON.COM/stefler/Documents/university/cloud-services/WikipediaStats/src/streams/./local-streams/kafka-streams-wiki/24_0/rocksdb/hour-per-language-countPagesModified
2022/06/10-16:39:28.017640 7f9e4017b700                Options.table_cache_numshardbits: 6
2022/06/10-16:39:28.017641 7f9e4017b700                      Options.max_subcompactions: 1
2022/06/10-16:39:28.017642 7f9e4017b700                  Options.max_background_flushes: -1
2022/06/10-16:39:28.017643 7f9e4017b700                         Options.WAL_ttl_seconds: 0
2022/06/10-16:39:28.017645 7f9e4017b700                       Options.WAL_size_limit_MB: 0
2022/06/10-16:39:28.017646 7f9e4017b700             Options.manifest_preallocation_size: 4194304
2022/06/10-16:39:28.017647 7f9e4017b700                     Options.is_fd_close_on_exec: 1
2022/06/10-16:39:28.017648 7f9e4017b700                   Options.advise_random_on_open: 1
2022/06/10-16:39:28.017649 7f9e4017b700                    Options.db_write_buffer_size: 0
2022/06/10-16:39:28.017651 7f9e4017b700                    Options.write_buffer_manager: 0x7f9de18d59c0
2022/06/10-16:39:28.017652 7f9e4017b700         Options.access_hint_on_compaction_start: 1
2022/06/10-16:39:28.017653 7f9e4017b700  Options.new_table_reader_for_compaction_inputs: 0
2022/06/10-16:39:28.017662 7f9e4017b700           Options.random_access_max_buffer_size: 1048576
2022/06/10-16:39:28.017663 7f9e4017b700                      Options.use_adaptive_mutex: 0
2022/06/10-16:39:28.017664 7f9e4017b700                            Options.rate_limiter: (nil)
2022/06/10-16:39:28.017666 7f9e4017b700     Options.sst_file_manager.rate_bytes_per_sec: 0
2022/06/10-16:39:28.017667 7f9e4017b700                       Options.wal_recovery_mode: 2
2022/06/10-16:39:28.017668 7f9e4017b700                  Options.enable_thread_tracking: 0
2022/06/10-16:39:28.017669 7f9e4017b700                  Options.enable_pipelined_write: 0
2022/06/10-16:39:28.017670 7f9e4017b700         Options.allow_concurrent_memtable_write: 1
2022/06/10-16:39:28.017671 7f9e4017b700      Options.enable_write_thread_adaptive_yield: 1
2022/06/10-16:39:28.017673 7f9e4017b700             Options.write_thread_max_yield_usec: 100
2022/06/10-16:39:28.017674 7f9e4017b700            Options.write_thread_slow_yield_usec: 3
2022/06/10-16:39:28.017675 7f9e4017b700                               Options.row_cache: None
2022/06/10-16:39:28.017676 7f9e4017b700                              Options.wal_filter: None
2022/06/10-16:39:28.017677 7f9e4017b700             Options.avoid_flush_during_recovery: 0
2022/06/10-16:39:28.017678 7f9e4017b700             Options.allow_ingest_behind: 0
2022/06/10-16:39:28.017680 7f9e4017b700             Options.preserve_deletes: 0
2022/06/10-16:39:28.017681 7f9e4017b700             Options.two_write_queues: 0
2022/06/10-16:39:28.017682 7f9e4017b700             Options.manual_wal_flush: 0
2022/06/10-16:39:28.017683 7f9e4017b700             Options.max_background_jobs: 8
2022/06/10-16:39:28.017685 7f9e4017b700             Options.max_background_compactions: -1
2022/06/10-16:39:28.017686 7f9e4017b700             Options.avoid_flush_during_shutdown: 0
2022/06/10-16:39:28.017687 7f9e4017b700           Options.writable_file_max_buffer_size: 1048576
2022/06/10-16:39:28.017688 7f9e4017b700             Options.delayed_write_rate : 16777216
2022/06/10-16:39:28.017690 7f9e4017b700             Options.max_total_wal_size: 0
2022/06/10-16:39:28.017691 7f9e4017b700             Options.delete_obsolete_files_period_micros: 21600000000
2022/06/10-16:39:28.017692 7f9e4017b700                   Options.stats_dump_period_sec: 600
2022/06/10-16:39:28.017693 7f9e4017b700                          Options.max_open_files: -1
2022/06/10-16:39:28.017694 7f9e4017b700                          Options.bytes_per_sync: 0
2022/06/10-16:39:28.017696 7f9e4017b700                      Options.wal_bytes_per_sync: 0
2022/06/10-16:39:28.017697 7f9e4017b700       Options.compaction_readahead_size: 0
2022/06/10-16:39:28.017698 7f9e4017b700 Compression algorithms supported:
2022/06/10-16:39:28.017700 7f9e4017b700 	kZSTDNotFinalCompression supported: 1
2022/06/10-16:39:28.017702 7f9e4017b700 	kZSTD supported: 1
2022/06/10-16:39:28.017703 7f9e4017b700 	kXpressCompression supported: 0
2022/06/10-16:39:28.017705 7f9e4017b700 	kLZ4HCCompression supported: 1
2022/06/10-16:39:28.017706 7f9e4017b700 	kLZ4Compression supported: 1
2022/06/10-16:39:28.017708 7f9e4017b700 	kBZip2Compression supported: 1
2022/06/10-16:39:28.017709 7f9e4017b700 	kZlibCompression supported: 1
2022/06/10-16:39:28.017711 7f9e4017b700 	kSnappyCompression supported: 1
2022/06/10-16:39:28.017712 7f9e4017b700 Fast CRC32 supported: Not supported on x86
2022/06/10-16:39:28.017870 7f9e4017b700               Options.comparator: leveldb.BytewiseComparator
2022/06/10-16:39:28.017872 7f9e4017b700           Options.merge_operator: None
2022/06/10-16:39:28.017873 7f9e4017b700        Options.compaction_filter: None
2022/06/10-16:39:28.017875 7f9e4017b700        Options.compaction_filter_factory: None
2022/06/10-16:39:28.017876 7f9e4017b700         Options.memtable_factory: SkipListFactory
2022/06/10-16:39:28.017877 7f9e4017b700            Options.table_factory: BlockBasedTable
2022/06/10-16:39:28.017901 7f9e4017b700            table_factory options:   flush_block_policy_factory: FlushBlockBySizePolicyFactory (0x7f9de1922d00)
  cache_index_and_filter_blocks: 0
  cache_index_and_filter_blocks_with_high_priority: 0
  pin_l0_filter_and_index_blocks_in_cache: 0
  pin_top_level_index_and_filter: 1
  index_type: 0
  hash_index_allow_collision: 1
  checksum: 1
  no_block_cache: 0
  block_cache: 0x7f9de18d9e70
  block_cache_name: LRUCache
  block_cache_options:
    capacity : 52428800
    num_shard_bits : 6
    strict_capacity_limit : 0
    memory_allocator : None
    high_pri_pool_ratio: 0.000
  block_cache_compressed: (nil)
  persistent_cache: (nil)
  block_size: 4096
  block_size_deviation: 10
  block_restart_interval: 16
  index_block_restart_interval: 1
  metadata_block_size: 4096
  partition_filters: 0
  use_delta_encoding: 1
  filter_policy: rocksdb.BuiltinBloomFilter
  whole_key_filtering: 1
  verify_compression: 0
  read_amp_bytes_per_bit: 0
  format_version: 0
  enable_index_compression: 1
  block_align: 0
2022/06/10-16:39:28.017911 7f9e4017b700        Options.write_buffer_size: 16777216
2022/06/10-16:39:28.017912 7f9e4017b700  Options.max_write_buffer_number: 3
2022/06/10-16:39:28.017914 7f9e4017b700          Options.compression: NoCompression
2022/06/10-16:39:28.017915 7f9e4017b700                  Options.bottommost_compression: Disabled
2022/06/10-16:39:28.017917 7f9e4017b700       Options.prefix_extractor: nullptr
2022/06/10-16:39:28.017918 7f9e4017b700   Options.memtable_insert_with_hint_prefix_extractor: nullptr
2022/06/10-16:39:28.017919 7f9e4017b700             Options.num_levels: 7
2022/06/10-16:39:28.017920 7f9e4017b700        Options.min_write_buffer_number_to_merge: 1
2022/06/10-16:39:28.017922 7f9e4017b700     Options.max_write_buffer_number_to_maintain: 0
2022/06/10-16:39:28.017923 7f9e4017b700            Options.bottommost_compression_opts.window_bits: -14
2022/06/10-16:39:28.017924 7f9e4017b700                  Options.bottommost_compression_opts.level: 32767
2022/06/10-16:39:28.017926 7f9e4017b700               Options.bottommost_compression_opts.strategy: 0
2022/06/10-16:39:28.017927 7f9e4017b700         Options.bottommost_compression_opts.max_dict_bytes: 0
2022/06/10-16:39:28.017928 7f9e4017b700         Options.bottommost_compression_opts.zstd_max_train_bytes: 0
2022/06/10-16:39:28.017929 7f9e4017b700                  Options.bottommost_compression_opts.enabled: false
2022/06/10-16:39:28.017931 7f9e4017b700            Options.compression_opts.window_bits: -14
2022/06/10-16:39:28.017932 7f9e4017b700                  Options.compression_opts.level: 32767
2022/06/10-16:39:28.017933 7f9e4017b700               Options.compression_opts.strategy: 0
2022/06/10-16:39:28.017935 7f9e4017b700         Options.compression_opts.max_dict_bytes: 0
2022/06/10-16:39:28.017936 7f9e4017b700         Options.compression_opts.zstd_max_train_bytes: 0
2022/06/10-16:39:28.017937 7f9e4017b700                  Options.compression_opts.enabled: false
2022/06/10-16:39:28.017938 7f9e4017b700      Options.level0_file_num_compaction_trigger: 4
2022/06/10-16:39:28.017939 7f9e4017b700          Options.level0_slowdown_writes_trigger: 20
2022/06/10-16:39:28.017941 7f9e4017b700              Options.level0_stop_writes_trigger: 36
2022/06/10-16:39:28.017942 7f9e4017b700                   Options.target_file_size_base: 67108864
2022/06/10-16:39:28.017943 7f9e4017b700             Options.target_file_size_multiplier: 1
2022/06/10-16:39:28.017944 7f9e4017b700                Options.max_bytes_for_level_base: 268435456
2022/06/10-16:39:28.017946 7f9e4017b700 Options.level_compaction_dynamic_level_bytes: 0
2022/06/10-16:39:28.017947 7f9e4017b700          Options.max_bytes_for_level_multiplier: 10.000000
2022/06/10-16:39:28.017950 7f9e4017b700 Options.max_bytes_for_level_multiplier_addtl[0]: 1
2022/06/10-16:39:28.017951 7f9e4017b700 Options.max_bytes_for_level_multiplier_addtl[1]: 1
2022/06/10-16:39:28.017953 7f9e4017b700 Options.max_bytes_for_level_multiplier_addtl[2]: 1
2022/06/10-16:39:28.017954 7f9e4017b700 Options.max_bytes_for_level_multiplier_addtl[3]: 1
2022/06/10-16:39:28.017955 7f9e4017b700 Options.max_bytes_for_level_multiplier_addtl[4]: 1
2022/06/10-16:39:28.017962 7f9e4017b700 Options.max_bytes_for_level_multiplier_addtl[5]: 1
2022/06/10-16:39:28.017963 7f9e4017b700 Options.max_bytes_for_level_multiplier_addtl[6]: 1
2022/06/10-16:39:28.017965 7f9e4017b700       Options.max_sequential_skip_in_iterations: 8
2022/06/10-16:39:28.017966 7f9e4017b700                    Options.max_compaction_bytes: 1677721600
2022/06/10-16:39:28.017967 7f9e4017b700                        Options.arena_block_size: 2097152
2022/06/10-16:39:28.017968 7f9e4017b700   Options.soft_pending_compaction_bytes_limit: 68719476736
2022/06/10-16:39:28.017970 7f9e4017b700   Options.hard_pending_compaction_bytes_limit: 274877906944
2022/06/10-16:39:28.017971 7f9e4017b700       Options.rate_limit_delay_max_milliseconds: 100
2022/06/10-16:39:28.017972 7f9e4017b700                Options.disable_auto_compactions: 0
2022/06/10-16:39:28.017974 7f9e4017b700                        Options.compaction_style: kCompactionStyleUniversal
2022/06/10-16:39:28.017976 7f9e4017b700                          Options.compaction_pri: kByCompensatedSize
2022/06/10-16:39:28.017977 7f9e4017b700 Options.compaction_options_universal.size_ratio: 1
2022/06/10-16:39:28.017978 7f9e4017b700 Options.compaction_options_universal.min_merge_width: 2
2022/06/10-16:39:28.017979 7f9e4017b700 Options.compaction_options_universal.max_merge_width: 4294967295
2022/06/10-16:39:28.017980 7f9e4017b700 Options.compaction_options_universal.max_size_amplification_percent: 200
2022/06/10-16:39:28.017982 7f9e4017b700 Options.compaction_options_universal.compression_size_percent: -1
2022/06/10-16:39:28.017983 7f9e4017b700 Options.compaction_options_universal.stop_style: kCompactionStopStyleTotalSize
2022/06/10-16:39:28.017984 7f9e4017b700 Options.compaction_options_fifo.max_table_files_size: 1073741824
2022/06/10-16:39:28.017985 7f9e4017b700 Options.compaction_options_fifo.allow_compaction: 0
2022/06/10-16:39:28.017986 7f9e4017b700 Options.compaction_options_fifo.ttl: 0
2022/06/10-16:39:28.017987 7f9e4017b700                   Options.table_properties_collectors: 
2022/06/10-16:39:28.017989 7f9e4017b700                   Options.inplace_update_support: 0
2022/06/10-16:39:28.017990 7f9e4017b700                 Options.inplace_update_num_locks: 10000
2022/06/10-16:39:28.017991 7f9e4017b700               Options.memtable_prefix_bloom_size_ratio: 0.000000
2022/06/10-16:39:28.017992 7f9e4017b700   Options.memtable_huge_page_size: 0
2022/06/10-16:39:28.017994 7f9e4017b700                           Options.bloom_locality: 0
2022/06/10-16:39:28.017994 7f9e4017b700                    Options.max_successive_merges: 0
2022/06/10-16:39:28.017995 7f9e4017b700                Options.optimize_filters_for_hits: 0
2022/06/10-16:39:28.017996 7f9e4017b700                Options.paranoid_file_checks: 0
2022/06/10-16:39:28.017997 7f9e4017b700                Options.force_consistency_checks: 0
2022/06/10-16:39:28.017998 7f9e4017b700                Options.report_bg_io_stats: 0
2022/06/10-16:39:28.017999 7f9e4017b700                               Options.ttl: 0
2022/06/10-16:39:28.039225 7f9e4017b700               Options.comparator: leveldb.BytewiseComparator
2022/06/10-16:39:28.039233 7f9e4017b700           Options.merge_operator: None
2022/06/10-16:39:28.039235 7f9e4017b700        Options.compaction_filter: None
2022/06/10-16:39:28.039236 7f9e4017b700        Options.compaction_filter_factory: None
2022/06/10-16:39:28.039237 7f9e4017b700         Options.memtable_factory: SkipListFactory
2022/06/10-16:39:28.039239 7f9e4017b700            Options.table_factory: BlockBasedTable
2022/06/10-16:39:28.039273 7f9e4017b700            table_factory options:   flush_block_policy_factory: FlushBlockBySizePolicyFactory (0x7f9de1922d00)
  cache_index_and_filter_blocks: 0
  cache_index_and_filter_blocks_with_high_priority: 0
  pin_l0_filter_and_index_blocks_in_cache: 0
  pin_top_level_index_and_filter: 1
  index_type: 0
  hash_index_allow_collision: 1
  checksum: 1
  no_block_cache: 0
  block_cache: 0x7f9de18d9e70
  block_cache_name: LRUCache
  block_cache_options:
    capacity : 52428800
    num_shard_bits : 6
    strict_capacity_limit : 0
    memory_allocator : None
    high_pri_pool_ratio: 0.000
  block_cache_compressed: (nil)
  persistent_cache: (nil)
  block_size: 4096
  block_size_deviation: 10
  block_restart_interval: 16
  index_block_restart_interval: 1
  metadata_block_size: 4096
  partition_filters: 0
  use_delta_encoding: 1
  filter_policy: rocksdb.BuiltinBloomFilter
  whole_key_filtering: 1
  verify_compression: 0
  read_amp_bytes_per_bit: 0
  format_version: 0
  enable_index_compression: 1
  block_align: 0
2022/06/10-16:39:28.039276 7f9e4017b700        Options.write_buffer_size: 16777216
2022/06/10-16:39:28.039277 7f9e4017b700  Options.max_write_buffer_number: 3
2022/06/10-16:39:28.039279 7f9e4017b700          Options.compression: NoCompression
2022/06/10-16:39:28.039280 7f9e4017b700                  Options.bottommost_compression: Disabled
2022/06/10-16:39:28.039281 7f9e4017b700       Options.prefix_extractor: nullptr
2022/06/10-16:39:28.039283 7f9e4017b700   Options.memtable_insert_with_hint_prefix_extractor: nullptr
2022/06/10-16:39:28.039284 7f9e4017b700             Options.num_levels: 7
2022/06/10-16:39:28.039285 7f9e4017b700        Options.min_write_buffer_number_to_merge: 1
2022/06/10-16:39:28.039286 7f9e4017b700     Options.max_write_buffer_number_to_maintain: 0
2022/06/10-16:39:28.039287 7f9e4017b700            Options.bottommost_compression_opts.window_bits: -14
2022/06/10-16:39:28.039289 7f9e4017b700                  Options.bottommost_compression_opts.level: 32767
2022/06/10-16:39:28.039290 7f9e4017b700               Options.bottommost_compression_opts.strategy: 0
2022/06/10-16:39:28.039291 7f9e4017b700         Options.bottommost_compression_opts.max_dict_bytes: 0
2022/06/10-16:39:28.039292 7f9e4017b700         Options.bottommost_compression_opts.zstd_max_train_bytes: 0
2022/06/10-16:39:28.039293 7f9e4017b700                  Options.bottommost_compression_opts.enabled: false
2022/06/10-16:39:28.039295 7f9e4017b700            Options.compression_opts.window_bits: -14
2022/06/10-16:39:28.039296 7f9e4017b700                  Options.compression_opts.level: 32767
2022/06/10-16:39:28.039297 7f9e4017b700               Options.compression_opts.strategy: 0
2022/06/10-16:39:28.039298 7f9e4017b700         Options.compression_opts.max_dict_bytes: 0
2022/06/10-16:39:28.039299 7f9e4017b700         Options.compression_opts.zstd_max_train_bytes: 0
2022/06/10-16:39:28.039301 7f9e4017b700                  Options.compression_opts.enabled: false
2022/06/10-16:39:28.039302 7f9e4017b700      Options.level0_file_num_compaction_trigger: 4
2022/06/10-16:39:28.039303 7f9e4017b700          Options.level0_slowdown_writes_trigger: 20
2022/06/10-16:39:28.039304 7f9e4017b700              Options.level0_stop_writes_trigger: 36
2022/06/10-16:39:28.039305 7f9e4017b700                   Options.target_file_size_base: 67108864
2022/06/10-16:39:28.039307 7f9e4017b700             Options.target_file_size_multiplier: 1
2022/06/10-16:39:28.039308 7f9e4017b700                Options.max_bytes_for_level