2022/06/10-16:39:27.681396 7f9e4017b700 RocksDB version: 5.18.4
2022/06/10-16:39:27.681446 7f9e4017b700 Git sha rocksdb_build_git_sha:
2022/06/10-16:39:27.681447 7f9e4017b700 Compile date Mar 11 2020
2022/06/10-16:39:27.681449 7f9e4017b700 DB SUMMARY
2022/06/10-16:39:27.681474 7f9e4017b700 CURRENT file:  CURRENT
2022/06/10-16:39:27.681476 7f9e4017b700 IDENTITY file:  IDENTITY
2022/06/10-16:39:27.681480 7f9e4017b700 MANIFEST file:  MANIFEST-000001 size: 13 Bytes
2022/06/10-16:39:27.681481 7f9e4017b700 SST files in /home/ANT.AMAZON.COM/stefler/Documents/university/cloud-services/WikipediaStats/src/streams/./local-streams/kafka-streams-wiki/22_0/rocksdb/week-per-language-countPagesModified dir, Total Num: 0, files: 
2022/06/10-16:39:27.681483 7f9e4017b700 Write Ahead Log file in /home/ANT.AMAZON.COM/stefler/Documents/university/cloud-services/WikipediaStats/src/streams/./local-streams/kafka-streams-wiki/22_0/rocksdb/week-per-language-countPagesModified: 000003.log size: 0 ; 
2022/06/10-16:39:27.681485 7f9e4017b700                         Options.error_if_exists: 0
2022/06/10-16:39:27.681487 7f9e4017b700                       Options.create_if_missing: 1
2022/06/10-16:39:27.681488 7f9e4017b700                         Options.paranoid_checks: 1
2022/06/10-16:39:27.681489 7f9e4017b700                                     Options.env: 0x7f9de62e6fa0
2022/06/10-16:39:27.681490 7f9e4017b700                                Options.info_log: 0x7f9de16d6e90
2022/06/10-16:39:27.681491 7f9e4017b700                Options.max_file_opening_threads: 16
2022/06/10-16:39:27.681492 7f9e4017b700                              Options.statistics: (nil)
2022/06/10-16:39:27.681493 7f9e4017b700                               Options.use_fsync: 0
2022/06/10-16:39:27.681494 7f9e4017b700                       Options.max_log_file_size: 0
2022/06/10-16:39:27.681495 7f9e4017b700                  Options.max_manifest_file_size: 1073741824
2022/06/10-16:39:27.681496 7f9e4017b700                   Options.log_file_time_to_roll: 0
2022/06/10-16:39:27.681497 7f9e4017b700                       Options.keep_log_file_num: 1000
2022/06/10-16:39:27.681499 7f9e4017b700                    Options.recycle_log_file_num: 0
2022/06/10-16:39:27.681500 7f9e4017b700                         Options.allow_fallocate: 1
2022/06/10-16:39:27.681501 7f9e4017b700                        Options.allow_mmap_reads: 0
2022/06/10-16:39:27.681502 7f9e4017b700                       Options.allow_mmap_writes: 0
2022/06/10-16:39:27.681503 7f9e4017b700                        Options.use_direct_reads: 0
2022/06/10-16:39:27.681504 7f9e4017b700                        Options.use_direct_io_for_flush_and_compaction: 0
2022/06/10-16:39:27.681505 7f9e4017b700          Options.create_missing_column_families: 0
2022/06/10-16:39:27.681506 7f9e4017b700                              Options.db_log_dir: 
2022/06/10-16:39:27.681507 7f9e4017b700                                 Options.wal_dir: /home/ANT.AMAZON.COM/stefler/Documents/university/cloud-services/WikipediaStats/src/streams/./local-streams/kafka-streams-wiki/22_0/rocksdb/week-per-language-countPagesModified
2022/06/10-16:39:27.681508 7f9e4017b700                Options.table_cache_numshardbits: 6
2022/06/10-16:39:27.681509 7f9e4017b700                      Options.max_subcompactions: 1
2022/06/10-16:39:27.681510 7f9e4017b700                  Options.max_background_flushes: -1
2022/06/10-16:39:27.681511 7f9e4017b700                         Options.WAL_ttl_seconds: 0
2022/06/10-16:39:27.681512 7f9e4017b700                       Options.WAL_size_limit_MB: 0
2022/06/10-16:39:27.681513 7f9e4017b700             Options.manifest_preallocation_size: 4194304
2022/06/10-16:39:27.681514 7f9e4017b700                     Options.is_fd_close_on_exec: 1
2022/06/10-16:39:27.681515 7f9e4017b700                   Options.advise_random_on_open: 1
2022/06/10-16:39:27.681516 7f9e4017b700                    Options.db_write_buffer_size: 0
2022/06/10-16:39:27.681517 7f9e4017b700                    Options.write_buffer_manager: 0x7f9de1704c80
2022/06/10-16:39:27.681518 7f9e4017b700         Options.access_hint_on_compaction_start: 1
2022/06/10-16:39:27.681519 7f9e4017b700  Options.new_table_reader_for_compaction_inputs: 0
2022/06/10-16:39:27.681528 7f9e4017b700           Options.random_access_max_buffer_size: 1048576
2022/06/10-16:39:27.681529 7f9e4017b700                      Options.use_adaptive_mutex: 0
2022/06/10-16:39:27.681530 7f9e4017b700                            Options.rate_limiter: (nil)
2022/06/10-16:39:27.681532 7f9e4017b700     Options.sst_file_manager.rate_bytes_per_sec: 0
2022/06/10-16:39:27.681533 7f9e4017b700                       Options.wal_recovery_mode: 2
2022/06/10-16:39:27.681534 7f9e4017b700                  Options.enable_thread_tracking: 0
2022/06/10-16:39:27.681535 7f9e4017b700                  Options.enable_pipelined_write: 0
2022/06/10-16:39:27.681536 7f9e4017b700         Options.allow_concurrent_memtable_write: 1
2022/06/10-16:39:27.681536 7f9e4017b700      Options.enable_write_thread_adaptive_yield: 1
2022/06/10-16:39:27.681538 7f9e4017b700             Options.write_thread_max_yield_usec: 100
2022/06/10-16:39:27.681539 7f9e4017b700            Options.write_thread_slow_yield_usec: 3
2022/06/10-16:39:27.681540 7f9e4017b700                               Options.row_cache: None
2022/06/10-16:39:27.681541 7f9e4017b700                              Options.wal_filter: None
2022/06/10-16:39:27.681542 7f9e4017b700             Options.avoid_flush_during_recovery: 0
2022/06/10-16:39:27.681543 7f9e4017b700             Options.allow_ingest_behind: 0
2022/06/10-16:39:27.681544 7f9e4017b700             Options.preserve_deletes: 0
2022/06/10-16:39:27.681545 7f9e4017b700             Options.two_write_queues: 0
2022/06/10-16:39:27.681547 7f9e4017b700             Options.manual_wal_flush: 0
2022/06/10-16:39:27.681548 7f9e4017b700             Options.max_background_jobs: 8
2022/06/10-16:39:27.681549 7f9e4017b700             Options.max_background_compactions: -1
2022/06/10-16:39:27.681550 7f9e4017b700             Options.avoid_flush_during_shutdown: 0
2022/06/10-16:39:27.681551 7f9e4017b700           Options.writable_file_max_buffer_size: 1048576
2022/06/10-16:39:27.681552 7f9e4017b700             Options.delayed_write_rate : 16777216
2022/06/10-16:39:27.681553 7f9e4017b700             Options.max_total_wal_size: 0
2022/06/10-16:39:27.681554 7f9e4017b700             Options.delete_obsolete_files_period_micros: 21600000000
2022/06/10-16:39:27.681555 7f9e4017b700                   Options.stats_dump_period_sec: 600
2022/06/10-16:39:27.681556 7f9e4017b700                          Options.max_open_files: -1
2022/06/10-16:39:27.681557 7f9e4017b700                          Options.bytes_per_sync: 0
2022/06/10-16:39:27.681558 7f9e4017b700                      Options.wal_bytes_per_sync: 0
2022/06/10-16:39:27.681559 7f9e4017b700       Options.compaction_readahead_size: 0
2022/06/10-16:39:27.681561 7f9e4017b700 Compression algorithms supported:
2022/06/10-16:39:27.681562 7f9e4017b700 	kZSTDNotFinalCompression supported: 1
2022/06/10-16:39:27.681564 7f9e4017b700 	kZSTD supported: 1
2022/06/10-16:39:27.681565 7f9e4017b700 	kXpressCompression supported: 0
2022/06/10-16:39:27.681567 7f9e4017b700 	kLZ4HCCompression supported: 1
2022/06/10-16:39:27.681568 7f9e4017b700 	kLZ4Compression supported: 1
2022/06/10-16:39:27.681570 7f9e4017b700 	kBZip2Compression supported: 1
2022/06/10-16:39:27.681571 7f9e4017b700 	kZlibCompression supported: 1
2022/06/10-16:39:27.681572 7f9e4017b700 	kSnappyCompression supported: 1
2022/06/10-16:39:27.681574 7f9e4017b700 Fast CRC32 supported: Not supported on x86
2022/06/10-16:39:27.681847 7f9e4017b700               Options.comparator: leveldb.BytewiseComparator
2022/06/10-16:39:27.681850 7f9e4017b700           Options.merge_operator: None
2022/06/10-16:39:27.681851 7f9e4017b700        Options.compaction_filter: None
2022/06/10-16:39:27.681852 7f9e4017b700        Options.compaction_filter_factory: None
2022/06/10-16:39:27.681854 7f9e4017b700         Options.memtable_factory: SkipListFactory
2022/06/10-16:39:27.681856 7f9e4017b700            Options.table_factory: BlockBasedTable
2022/06/10-16:39:27.681903 7f9e4017b700            table_factory options:   flush_block_policy_factory: FlushBlockBySizePolicyFactory (0x7f9de1714f10)
  cache_index_and_filter_blocks: 0
  cache_index_and_filter_blocks_with_high_priority: 0
  pin_l0_filter_and_index_blocks_in_cache: 0
  pin_top_level_index_and_filter: 1
  index_type: 0
  hash_index_allow_collision: 1
  checksum: 1
  no_block_cache: 0
  block_cache: 0x7f9de16bfe40
  block_cache_name: LRUCache
  block_cache_options:
    capacity : 52428800
    num_shard_bits : 6
    strict_capacity_limit : 0
    memory_allocator : None
    high_pri_pool_ratio: 0.000
  block_cache_compressed: (nil)
  persistent_cache: (nil)
  block_size: 4096
  block_size_deviation: 10
  block_restart_interval: 16
  index_block_restart_interval: 1
  metadata_block_size: 4096
  partition_filters: 0
  use_delta_encoding: 1
  filter_policy: rocksdb.BuiltinBloomFilter
  whole_key_filtering: 1
  verify_compression: 0
  read_amp_bytes_per_bit: 0
  format_version: 0
  enable_index_compression: 1
  block_align: 0
2022/06/10-16:39:27.681918 7f9e4017b700        Options.write_buffer_size: 16777216
2022/06/10-16:39:27.681919 7f9e4017b700  Options.max_write_buffer_number: 3
2022/06/10-16:39:27.681920 7f9e4017b700          Options.compression: NoCompression
2022/06/10-16:39:27.681922 7f9e4017b700                  Options.bottommost_compression: Disabled
2022/06/10-16:39:27.681923 7f9e4017b700       Options.prefix_extractor: nullptr
2022/06/10-16:39:27.681924 7f9e4017b700   Options.memtable_insert_with_hint_prefix_extractor: nullptr
2022/06/10-16:39:27.681925 7f9e4017b700             Options.num_levels: 7
2022/06/10-16:39:27.681926 7f9e4017b700        Options.min_write_buffer_number_to_merge: 1
2022/06/10-16:39:27.681928 7f9e4017b700     Options.max_write_buffer_number_to_maintain: 0
2022/06/10-16:39:27.681929 7f9e4017b700            Options.bottommost_compression_opts.window_bits: -14
2022/06/10-16:39:27.681930 7f9e4017b700                  Options.bottommost_compression_opts.level: 32767
2022/06/10-16:39:27.681931 7f9e4017b700               Options.bottommost_compression_opts.strategy: 0
2022/06/10-16:39:27.681932 7f9e4017b700         Options.bottommost_compression_opts.max_dict_bytes: 0
2022/06/10-16:39:27.681932 7f9e4017b700         Options.bottommost_compression_opts.zstd_max_train_bytes: 0
2022/06/10-16:39:27.681933 7f9e4017b700                  Options.bottommost_compression_opts.enabled: false
2022/06/10-16:39:27.681935 7f9e4017b700            Options.compression_opts.window_bits: -14
2022/06/10-16:39:27.681936 7f9e4017b700                  Options.compression_opts.level: 32767
2022/06/10-16:39:27.681937 7f9e4017b700               Options.compression_opts.strategy: 0
2022/06/10-16:39:27.681938 7f9e4017b700         Options.compression_opts.max_dict_bytes: 0
2022/06/10-16:39:27.681939 7f9e4017b700         Options.compression_opts.zstd_max_train_bytes: 0
2022/06/10-16:39:27.681940 7f9e4017b700                  Options.compression_opts.enabled: false
2022/06/10-16:39:27.681941 7f9e4017b700      Options.level0_file_num_compaction_trigger: 4
2022/06/10-16:39:27.681941 7f9e4017b700          Options.level0_slowdown_writes_trigger: 20
2022/06/10-16:39:27.681942 7f9e4017b700              Options.level0_stop_writes_trigger: 36
2022/06/10-16:39:27.681943 7f9e4017b700                   Options.target_file_size_base: 67108864
2022/06/10-16:39:27.681944 7f9e4017b700             Options.target_file_size_multiplier: 1
2022/06/10-16:39:27.681945 7f9e4017b700                Options.max_bytes_for_level_base: 268435456
2022/06/10-16:39:27.681946 7f9e4017b700 Options.level_compaction_dynamic_level_bytes: 0
2022/06/10-16:39:27.681947 7f9e4017b700          Options.max_bytes_for_level_multiplier: 10.000000
2022/06/10-16:39:27.681951 7f9e4017b700 Options.max_bytes_for_level_multiplier_addtl[0]: 1
2022/06/10-16:39:27.681952 7f9e4017b700 Options.max_bytes_for_level_multiplier_addtl[1]: 1
2022/06/10-16:39:27.681953 7f9e4017b700 Options.max_bytes_for_level_multiplier_addtl[2]: 1
2022/06/10-16:39:27.681954 7f9e4017b700 Options.max_bytes_for_level_multiplier_addtl[3]: 1
2022/06/10-16:39:27.681955 7f9e4017b700 Options.max_bytes_for_level_multiplier_addtl[4]: 1
2022/06/10-16:39:27.681962 7f9e4017b700 Options.max_bytes_for_level_multiplier_addtl[5]: 1
2022/06/10-16:39:27.681963 7f9e4017b700 Options.max_bytes_for_level_multiplier_addtl[6]: 1
2022/06/10-16:39:27.681964 7f9e4017b700       Options.max_sequential_skip_in_iterations: 8
2022/06/10-16:39:27.681965 7f9e4017b700                    Options.max_compaction_bytes: 1677721600
2022/06/10-16:39:27.681966 7f9e4017b700                        Options.arena_block_size: 2097152
2022/06/10-16:39:27.681967 7f9e4017b700   Options.soft_pending_compaction_bytes_limit: 68719476736
2022/06/10-16:39:27.681969 7f9e4017b700   Options.hard_pending_compaction_bytes_limit: 274877906944
2022/06/10-16:39:27.681970 7f9e4017b700       Options.rate_limit_delay_max_milliseconds: 100
2022/06/10-16:39:27.681971 7f9e4017b700                Options.disable_auto_compactions: 0
2022/06/10-16:39:27.681973 7f9e4017b700                        Options.compaction_style: kCompactionStyleUniversal
2022/06/10-16:39:27.681975 7f9e4017b700                          Options.compaction_pri: kByCompensatedSize
2022/06/10-16:39:27.681976 7f9e4017b700 Options.compaction_options_universal.size_ratio: 1
2022/06/10-16:39:27.681978 7f9e4017b700 Options.compaction_options_universal.min_merge_width: 2
2022/06/10-16:39:27.681979 7f9e4017b700 Options.compaction_options_universal.max_merge_width: 4294967295
2022/06/10-16:39:27.681980 7f9e4017b700 Options.compaction_options_universal.max_size_amplification_percent: 200
2022/06/10-16:39:27.681981 7f9e4017b700 Options.compaction_options_universal.compression_size_percent: -1
2022/06/10-16:39:27.681983 7f9e4017b700 Options.compaction_options_universal.stop_style: kCompactionStopStyleTotalSize
2022/06/10-16:39:27.681983 7f9e4017b700 Options.compaction_options_fifo.max_table_files_size: 1073741824
2022/06/10-16:39:27.681984 7f9e4017b700 Options.compaction_options_fifo.allow_compaction: 0
2022/06/10-16:39:27.681985 7f9e4017b700 Options.compaction_options_fifo.ttl: 0
2022/06/10-16:39:27.681986 7f9e4017b700                   Options.table_properties_collectors: 
2022/06/10-16:39:27.681987 7f9e4017b700                   Options.inplace_update_support: 0
2022/06/10-16:39:27.681988 7f9e4017b700                 Options.inplace_update_num_locks: 10000
2022/06/10-16:39:27.681989 7f9e4017b700               Options.memtable_prefix_bloom_size_ratio: 0.000000
2022/06/10-16:39:27.681990 7f9e4017b700   Options.memtable_huge_page_size: 0
2022/06/10-16:39:27.681991 7f9e4017b700                           Options.bloom_locality: 0
2022/06/10-16:39:27.681992 7f9e4017b700                    Options.max_successive_merges: 0
2022/06/10-16:39:27.681993 7f9e4017b700                Options.optimize_filters_for_hits: 0
2022/06/10-16:39:27.681994 7f9e4017b700                Options.paranoid_file_checks: 0
2022/06/10-16:39:27.681995 7f9e4017b700                Options.force_consistency_checks: 0
2022/06/10-16:39:27.681996 7f9e4017b700                Options.report_bg_io_stats: 0
2022/06/10-16:39:27.681997 7f9e4017b700                               Options.ttl: 0
2022/06/10-16:39:27.703834 7f9e4017b700               Options.comparator: leveldb.BytewiseComparator
2022/06/10-16:39:27.703842 7f9e4017b700           Options.merge_operator: None
2022/06/10-16:39:27.703843 7f9e4017b700        Options.compaction_filter: None
2022/06/10-16:39:27.703844 7f9e4017b700        Options.compaction_filter_factory: None
2022/06/10-16:39:27.703846 7f9e4017b700         Options.memtable_factory: SkipListFactory
2022/06/10-16:39:27.703847 7f9e4017b700            Options.table_factory: BlockBasedTable
2022/06/10-16:39:27.703878 7f9e4017b700            table_factory options:   flush_block_policy_factory: FlushBlockBySizePolicyFactory (0x7f9de1714f10)
  cache_index_and_filter_blocks: 0
  cache_index_and_filter_blocks_with_high_priority: 0
  pin_l0_filter_and_index_blocks_in_cache: 0
  pin_top_level_index_and_filter: 1
  index_type: 0
  hash_index_allow_collision: 1
  checksum: 1
  no_block_cache: 0
  block_cache: 0x7f9de16bfe40
  block_cache_name: LRUCache
  block_cache_options:
    capacity : 52428800
    num_shard_bits : 6
    strict_capacity_limit : 0
    memory_allocator : None
    high_pri_pool_ratio: 0.000
  block_cache_compressed: (nil)
  persistent_cache: (nil)
  block_size: 4096
  block_size_deviation: 10
  block_restart_interval: 16
  index_block_restart_interval: 1
  metadata_block_size: 4096
  partition_filters: 0
  use_delta_encoding: 1
  filter_policy: rocksdb.BuiltinBloomFilter
  whole_key_filtering: 1
  verify_compression: 0
  read_amp_bytes_per_bit: 0
  format_version: 0
  enable_index_compression: 1
  block_align: 0
2022/06/10-16:39:27.703880 7f9e4017b700        Options.write_buffer_size: 16777216
2022/06/10-16:39:27.703882 7f9e4017b700  Options.max_write_buffer_number: 3
2022/06/10-16:39:27.703883 7f9e4017b700          Options.compression: NoCompression
2022/06/10-16:39:27.703885 7f9e4017b700                  Options.bottommost_compression: Disabled
2022/06/10-16:39:27.703886 7f9e4017b700       Options.prefix_extractor: nullptr
2022/06/10-16:39:27.703888 7f9e4017b700   Options.memtable_insert_with_hint_prefix_extractor: nullptr
2022/06/10-16:39:27.703889 7f9e4017b700             Options.num_levels: 7
2022/06/10-16:39:27.703890 7f9e4017b700        Options.min_write_buffer_number_to_merge: 1
2022/06/10-16:39:27.703891 7f9e4017b700     Options.max_write_buffer_number_to_maintain: 0
2022/06/10-16:39:27.703892 7f9e4017b700            Options.bottommost_compression_opts.window_bits: -14
2022/06/10-16:39:27.703894 7f9e4017b700                  Options.bottommost_compression_opts.level: 32767
2022/06/10-16:39:27.703895 7f9e4017b700               Options.bottommost_compression_opts.strategy: 0
2022/06/10-16:39:27.703896 7f9e4017b700         Options.bottommost_compression_opts.max_dict_bytes: 0
2022/06/10-16:39:27.703898 7f9e4017b700         Options.bottommost_compression_opts.zstd_max_train_bytes: 0
2022/06/10-16:39:27.703899 7f9e4017b700                  Options.bottommost_compression_opts.enabled: false
2022/06/10-16:39:27.703900 7f9e4017b700            Options.compression_opts.window_bits: -14
2022/06/10-16:39:27.703902 7f9e4017b700                  Options.compression_opts.level: 32767
2022/06/10-16:39:27.703903 7f9e4017b700               Options.compression_opts.strategy: 0
2022/06/10-16:39:27.703904 7f9e4017b700         Options.compression_opts.max_dict_bytes: 0
2022/06/10-16:39:27.703905 7f9e4017b700         Options.compression_opts.zstd_max_train_bytes: 0
2022/06/10-16:39:27.703906 7f9e4017b700                  Options.compression_opts.enabled: false
2022/06/10-16:39:27.703907 7f9e4017b700      Options.level0_file_num_compaction_trigger: 4
2022/06/10-16:39:27.703909 7f9e4017b700          Options.level0_slowdown_writes_trigger: 20
2022/06/10-16:39:27.703910 7f9e4017b700              Options.level0_stop_writes_trigger: 36
2022/06/10-16:39:27.703911 7f9e4017b700                   Options.target_file_size_base: 67108864
2022/06/10-16:39:27.703912 7f9e4017b700             Options.target_file_size_multiplier: 1
2022/06/10-16:39:27.703914 7f9e4017b700                Options.max_bytes_for_level