2022/06/10-16:39:28.349087 7f9e4017b700 RocksDB version: 5.18.4
2022/06/10-16:39:28.349131 7f9e4017b700 Git sha rocksdb_build_git_sha:
2022/06/10-16:39:28.349133 7f9e4017b700 Compile date Mar 11 2020
2022/06/10-16:39:28.349134 7f9e4017b700 DB SUMMARY
2022/06/10-16:39:28.349157 7f9e4017b700 CURRENT file:  CURRENT
2022/06/10-16:39:28.349158 7f9e4017b700 IDENTITY file:  IDENTITY
2022/06/10-16:39:28.349163 7f9e4017b700 MANIFEST file:  MANIFEST-000001 size: 13 Bytes
2022/06/10-16:39:28.349165 7f9e4017b700 SST files in /home/ANT.AMAZON.COM/stefler/Documents/university/cloud-services/WikipediaStats/src/streams/./local-streams/kafka-streams-wiki/26_0/rocksdb/week-per-language-active-users dir, Total Num: 0, files: 
2022/06/10-16:39:28.349166 7f9e4017b700 Write Ahead Log file in /home/ANT.AMAZON.COM/stefler/Documents/university/cloud-services/WikipediaStats/src/streams/./local-streams/kafka-streams-wiki/26_0/rocksdb/week-per-language-active-users: 000003.log size: 0 ; 
2022/06/10-16:39:28.349168 7f9e4017b700                         Options.error_if_exists: 0
2022/06/10-16:39:28.349170 7f9e4017b700                       Options.create_if_missing: 1
2022/06/10-16:39:28.349171 7f9e4017b700                         Options.paranoid_checks: 1
2022/06/10-16:39:28.349172 7f9e4017b700                                     Options.env: 0x7f9de62e6fa0
2022/06/10-16:39:28.349173 7f9e4017b700                                Options.info_log: 0x7f9de1b3f6c0
2022/06/10-16:39:28.349175 7f9e4017b700                Options.max_file_opening_threads: 16
2022/06/10-16:39:28.349176 7f9e4017b700                              Options.statistics: (nil)
2022/06/10-16:39:28.349177 7f9e4017b700                               Options.use_fsync: 0
2022/06/10-16:39:28.349178 7f9e4017b700                       Options.max_log_file_size: 0
2022/06/10-16:39:28.349180 7f9e4017b700                  Options.max_manifest_file_size: 1073741824
2022/06/10-16:39:28.349181 7f9e4017b700                   Options.log_file_time_to_roll: 0
2022/06/10-16:39:28.349182 7f9e4017b700                       Options.keep_log_file_num: 1000
2022/06/10-16:39:28.349183 7f9e4017b700                    Options.recycle_log_file_num: 0
2022/06/10-16:39:28.349184 7f9e4017b700                         Options.allow_fallocate: 1
2022/06/10-16:39:28.349185 7f9e4017b700                        Options.allow_mmap_reads: 0
2022/06/10-16:39:28.349187 7f9e4017b700                       Options.allow_mmap_writes: 0
2022/06/10-16:39:28.349188 7f9e4017b700                        Options.use_direct_reads: 0
2022/06/10-16:39:28.349189 7f9e4017b700                        Options.use_direct_io_for_flush_and_compaction: 0
2022/06/10-16:39:28.349190 7f9e4017b700          Options.create_missing_column_families: 0
2022/06/10-16:39:28.349191 7f9e4017b700                              Options.db_log_dir: 
2022/06/10-16:39:28.349193 7f9e4017b700                                 Options.wal_dir: /home/ANT.AMAZON.COM/stefler/Documents/university/cloud-services/WikipediaStats/src/streams/./local-streams/kafka-streams-wiki/26_0/rocksdb/week-per-language-active-users
2022/06/10-16:39:28.349194 7f9e4017b700                Options.table_cache_numshardbits: 6
2022/06/10-16:39:28.349195 7f9e4017b700                      Options.max_subcompactions: 1
2022/06/10-16:39:28.349196 7f9e4017b700                  Options.max_background_flushes: -1
2022/06/10-16:39:28.349197 7f9e4017b700                         Options.WAL_ttl_seconds: 0
2022/06/10-16:39:28.349199 7f9e4017b700                       Options.WAL_size_limit_MB: 0
2022/06/10-16:39:28.349200 7f9e4017b700             Options.manifest_preallocation_size: 4194304
2022/06/10-16:39:28.349201 7f9e4017b700                     Options.is_fd_close_on_exec: 1
2022/06/10-16:39:28.349202 7f9e4017b700                   Options.advise_random_on_open: 1
2022/06/10-16:39:28.349203 7f9e4017b700                    Options.db_write_buffer_size: 0
2022/06/10-16:39:28.349204 7f9e4017b700                    Options.write_buffer_manager: 0x7f9de1b02770
2022/06/10-16:39:28.349205 7f9e4017b700         Options.access_hint_on_compaction_start: 1
2022/06/10-16:39:28.349206 7f9e4017b700  Options.new_table_reader_for_compaction_inputs: 0
2022/06/10-16:39:28.349214 7f9e4017b700           Options.random_access_max_buffer_size: 1048576
2022/06/10-16:39:28.349215 7f9e4017b700                      Options.use_adaptive_mutex: 0
2022/06/10-16:39:28.349216 7f9e4017b700                            Options.rate_limiter: (nil)
2022/06/10-16:39:28.349218 7f9e4017b700     Options.sst_file_manager.rate_bytes_per_sec: 0
2022/06/10-16:39:28.349219 7f9e4017b700                       Options.wal_recovery_mode: 2
2022/06/10-16:39:28.349220 7f9e4017b700                  Options.enable_thread_tracking: 0
2022/06/10-16:39:28.349221 7f9e4017b700                  Options.enable_pipelined_write: 0
2022/06/10-16:39:28.349222 7f9e4017b700         Options.allow_concurrent_memtable_write: 1
2022/06/10-16:39:28.349223 7f9e4017b700      Options.enable_write_thread_adaptive_yield: 1
2022/06/10-16:39:28.349224 7f9e4017b700             Options.write_thread_max_yield_usec: 100
2022/06/10-16:39:28.349226 7f9e4017b700            Options.write_thread_slow_yield_usec: 3
2022/06/10-16:39:28.349227 7f9e4017b700                               Options.row_cache: None
2022/06/10-16:39:28.349228 7f9e4017b700                              Options.wal_filter: None
2022/06/10-16:39:28.349229 7f9e4017b700             Options.avoid_flush_during_recovery: 0
2022/06/10-16:39:28.349230 7f9e4017b700             Options.allow_ingest_behind: 0
2022/06/10-16:39:28.349231 7f9e4017b700             Options.preserve_deletes: 0
2022/06/10-16:39:28.349233 7f9e4017b700             Options.two_write_queues: 0
2022/06/10-16:39:28.349234 7f9e4017b700             Options.manual_wal_flush: 0
2022/06/10-16:39:28.349235 7f9e4017b700             Options.max_background_jobs: 8
2022/06/10-16:39:28.349236 7f9e4017b700             Options.max_background_compactions: -1
2022/06/10-16:39:28.349237 7f9e4017b700             Options.avoid_flush_during_shutdown: 0
2022/06/10-16:39:28.349238 7f9e4017b700           Options.writable_file_max_buffer_size: 1048576
2022/06/10-16:39:28.349239 7f9e4017b700             Options.delayed_write_rate : 16777216
2022/06/10-16:39:28.349240 7f9e4017b700             Options.max_total_wal_size: 0
2022/06/10-16:39:28.349242 7f9e4017b700             Options.delete_obsolete_files_period_micros: 21600000000
2022/06/10-16:39:28.349243 7f9e4017b700                   Options.stats_dump_period_sec: 600
2022/06/10-16:39:28.349244 7f9e4017b700                          Options.max_open_files: -1
2022/06/10-16:39:28.349245 7f9e4017b700                          Options.bytes_per_sync: 0
2022/06/10-16:39:28.349246 7f9e4017b700                      Options.wal_bytes_per_sync: 0
2022/06/10-16:39:28.349247 7f9e4017b700       Options.compaction_readahead_size: 0
2022/06/10-16:39:28.349248 7f9e4017b700 Compression algorithms supported:
2022/06/10-16:39:28.349250 7f9e4017b700 	kZSTDNotFinalCompression supported: 1
2022/06/10-16:39:28.349252 7f9e4017b700 	kZSTD supported: 1
2022/06/10-16:39:28.349253 7f9e4017b700 	kXpressCompression supported: 0
2022/06/10-16:39:28.349254 7f9e4017b700 	kLZ4HCCompression supported: 1
2022/06/10-16:39:28.349256 7f9e4017b700 	kLZ4Compression supported: 1
2022/06/10-16:39:28.349257 7f9e4017b700 	kBZip2Compression supported: 1
2022/06/10-16:39:28.349258 7f9e4017b700 	kZlibCompression supported: 1
2022/06/10-16:39:28.349259 7f9e4017b700 	kSnappyCompression supported: 1
2022/06/10-16:39:28.349261 7f9e4017b700 Fast CRC32 supported: Not supported on x86
2022/06/10-16:39:28.349413 7f9e4017b700               Options.comparator: leveldb.BytewiseComparator
2022/06/10-16:39:28.349415 7f9e4017b700           Options.merge_operator: None
2022/06/10-16:39:28.349416 7f9e4017b700        Options.compaction_filter: None
2022/06/10-16:39:28.349417 7f9e4017b700        Options.compaction_filter_factory: None
2022/06/10-16:39:28.349418 7f9e4017b700         Options.memtable_factory: SkipListFactory
2022/06/10-16:39:28.349420 7f9e4017b700            Options.table_factory: BlockBasedTable
2022/06/10-16:39:28.349438 7f9e4017b700            table_factory options:   flush_block_policy_factory: FlushBlockBySizePolicyFactory (0x7f9de1b3f790)
  cache_index_and_filter_blocks: 0
  cache_index_and_filter_blocks_with_high_priority: 0
  pin_l0_filter_and_index_blocks_in_cache: 0
  pin_top_level_index_and_filter: 1
  index_type: 0
  hash_index_allow_collision: 1
  checksum: 1
  no_block_cache: 0
  block_cache: 0x7f9de1b03710
  block_cache_name: LRUCache
  block_cache_options:
    capacity : 52428800
    num_shard_bits : 6
    strict_capacity_limit : 0
    memory_allocator : None
    high_pri_pool_ratio: 0.000
  block_cache_compressed: (nil)
  persistent_cache: (nil)
  block_size: 4096
  block_size_deviation: 10
  block_restart_interval: 16
  index_block_restart_interval: 1
  metadata_block_size: 4096
  partition_filters: 0
  use_delta_encoding: 1
  filter_policy: rocksdb.BuiltinBloomFilter
  whole_key_filtering: 1
  verify_compression: 0
  read_amp_bytes_per_bit: 0
  format_version: 0
  enable_index_compression: 1
  block_align: 0
2022/06/10-16:39:28.349446 7f9e4017b700        Options.write_buffer_size: 16777216
2022/06/10-16:39:28.349447 7f9e4017b700  Options.max_write_buffer_number: 3
2022/06/10-16:39:28.349449 7f9e4017b700          Options.compression: NoCompression
2022/06/10-16:39:28.349450 7f9e4017b700                  Options.bottommost_compression: Disabled
2022/06/10-16:39:28.349451 7f9e4017b700       Options.prefix_extractor: nullptr
2022/06/10-16:39:28.349452 7f9e4017b700   Options.memtable_insert_with_hint_prefix_extractor: nullptr
2022/06/10-16:39:28.349453 7f9e4017b700             Options.num_levels: 7
2022/06/10-16:39:28.349454 7f9e4017b700        Options.min_write_buffer_number_to_merge: 1
2022/06/10-16:39:28.349455 7f9e4017b700     Options.max_write_buffer_number_to_maintain: 0
2022/06/10-16:39:28.349456 7f9e4017b700            Options.bottommost_compression_opts.window_bits: -14
2022/06/10-16:39:28.349457 7f9e4017b700                  Options.bottommost_compression_opts.level: 32767
2022/06/10-16:39:28.349458 7f9e4017b700               Options.bottommost_compression_opts.strategy: 0
2022/06/10-16:39:28.349459 7f9e4017b700         Options.bottommost_compression_opts.max_dict_bytes: 0
2022/06/10-16:39:28.349460 7f9e4017b700         Options.bottommost_compression_opts.zstd_max_train_bytes: 0
2022/06/10-16:39:28.349461 7f9e4017b700                  Options.bottommost_compression_opts.enabled: false
2022/06/10-16:39:28.349462 7f9e4017b700            Options.compression_opts.window_bits: -14
2022/06/10-16:39:28.349464 7f9e4017b700                  Options.compression_opts.level: 32767
2022/06/10-16:39:28.349465 7f9e4017b700               Options.compression_opts.strategy: 0
2022/06/10-16:39:28.349466 7f9e4017b700         Options.compression_opts.max_dict_bytes: 0
2022/06/10-16:39:28.349467 7f9e4017b700         Options.compression_opts.zstd_max_train_bytes: 0
2022/06/10-16:39:28.349468 7f9e4017b700                  Options.compression_opts.enabled: false
2022/06/10-16:39:28.349469 7f9e4017b700      Options.level0_file_num_compaction_trigger: 4
2022/06/10-16:39:28.349470 7f9e4017b700          Options.level0_slowdown_writes_trigger: 20
2022/06/10-16:39:28.349471 7f9e4017b700              Options.level0_stop_writes_trigger: 36
2022/06/10-16:39:28.349472 7f9e4017b700                   Options.target_file_size_base: 67108864
2022/06/10-16:39:28.349473 7f9e4017b700             Options.target_file_size_multiplier: 1
2022/06/10-16:39:28.349474 7f9e4017b700                Options.max_bytes_for_level_base: 268435456
2022/06/10-16:39:28.349475 7f9e4017b700 Options.level_compaction_dynamic_level_bytes: 0
2022/06/10-16:39:28.349476 7f9e4017b700          Options.max_bytes_for_level_multiplier: 10.000000
2022/06/10-16:39:28.349479 7f9e4017b700 Options.max_bytes_for_level_multiplier_addtl[0]: 1
2022/06/10-16:39:28.349480 7f9e4017b700 Options.max_bytes_for_level_multiplier_addtl[1]: 1
2022/06/10-16:39:28.349481 7f9e4017b700 Options.max_bytes_for_level_multiplier_addtl[2]: 1
2022/06/10-16:39:28.349482 7f9e4017b700 Options.max_bytes_for_level_multiplier_addtl[3]: 1
2022/06/10-16:39:28.349483 7f9e4017b700 Options.max_bytes_for_level_multiplier_addtl[4]: 1
2022/06/10-16:39:28.349489 7f9e4017b700 Options.max_bytes_for_level_multiplier_addtl[5]: 1
2022/06/10-16:39:28.349490 7f9e4017b700 Options.max_bytes_for_level_multiplier_addtl[6]: 1
2022/06/10-16:39:28.349491 7f9e4017b700       Options.max_sequential_skip_in_iterations: 8
2022/06/10-16:39:28.349492 7f9e4017b700                    Options.max_compaction_bytes: 1677721600
2022/06/10-16:39:28.349493 7f9e4017b700                        Options.arena_block_size: 2097152
2022/06/10-16:39:28.349494 7f9e4017b700   Options.soft_pending_compaction_bytes_limit: 68719476736
2022/06/10-16:39:28.349495 7f9e4017b700   Options.hard_pending_compaction_bytes_limit: 274877906944
2022/06/10-16:39:28.349496 7f9e4017b700       Options.rate_limit_delay_max_milliseconds: 100
2022/06/10-16:39:28.349498 7f9e4017b700                Options.disable_auto_compactions: 0
2022/06/10-16:39:28.349499 7f9e4017b700                        Options.compaction_style: kCompactionStyleUniversal
2022/06/10-16:39:28.349501 7f9e4017b700                          Options.compaction_pri: kByCompensatedSize
2022/06/10-16:39:28.349502 7f9e4017b700 Options.compaction_options_universal.size_ratio: 1
2022/06/10-16:39:28.349503 7f9e4017b700 Options.compaction_options_universal.min_merge_width: 2
2022/06/10-16:39:28.349504 7f9e4017b700 Options.compaction_options_universal.max_merge_width: 4294967295
2022/06/10-16:39:28.349506 7f9e4017b700 Options.compaction_options_universal.max_size_amplification_percent: 200
2022/06/10-16:39:28.349507 7f9e4017b700 Options.compaction_options_universal.compression_size_percent: -1
2022/06/10-16:39:28.349509 7f9e4017b700 Options.compaction_options_universal.stop_style: kCompactionStopStyleTotalSize
2022/06/10-16:39:28.349510 7f9e4017b700 Options.compaction_options_fifo.max_table_files_size: 1073741824
2022/06/10-16:39:28.349511 7f9e4017b700 Options.compaction_options_fifo.allow_compaction: 0
2022/06/10-16:39:28.349512 7f9e4017b700 Options.compaction_options_fifo.ttl: 0
2022/06/10-16:39:28.349514 7f9e4017b700                   Options.table_properties_collectors: 
2022/06/10-16:39:28.349515 7f9e4017b700                   Options.inplace_update_support: 0
2022/06/10-16:39:28.349516 7f9e4017b700                 Options.inplace_update_num_locks: 10000
2022/06/10-16:39:28.349518 7f9e4017b700               Options.memtable_prefix_bloom_size_ratio: 0.000000
2022/06/10-16:39:28.349519 7f9e4017b700   Options.memtable_huge_page_size: 0
2022/06/10-16:39:28.349521 7f9e4017b700                           Options.bloom_locality: 0
2022/06/10-16:39:28.349522 7f9e4017b700                    Options.max_successive_merges: 0
2022/06/10-16:39:28.349523 7f9e4017b700                Options.optimize_filters_for_hits: 0
2022/06/10-16:39:28.349524 7f9e4017b700                Options.paranoid_file_checks: 0
2022/06/10-16:39:28.349525 7f9e4017b700                Options.force_consistency_checks: 0
2022/06/10-16:39:28.349527 7f9e4017b700                Options.report_bg_io_stats: 0
2022/06/10-16:39:28.349528 7f9e4017b700                               Options.ttl: 0
2022/06/10-16:39:28.361477 7f9e4017b700               Options.comparator: leveldb.BytewiseComparator
2022/06/10-16:39:28.361488 7f9e4017b700           Options.merge_operator: None
2022/06/10-16:39:28.361491 7f9e4017b700        Options.compaction_filter: None
2022/06/10-16:39:28.361494 7f9e4017b700        Options.compaction_filter_factory: None
2022/06/10-16:39:28.361497 7f9e4017b700         Options.memtable_factory: SkipListFactory
2022/06/10-16:39:28.361499 7f9e4017b700            Options.table_factory: BlockBasedTable
2022/06/10-16:39:28.361554 7f9e4017b700            table_factory options:   flush_block_policy_factory: FlushBlockBySizePolicyFactory (0x7f9de1b3f790)
  cache_index_and_filter_blocks: 0
  cache_index_and_filter_blocks_with_high_priority: 0
  pin_l0_filter_and_index_blocks_in_cache: 0
  pin_top_level_index_and_filter: 1
  index_type: 0
  hash_index_allow_collision: 1
  checksum: 1
  no_block_cache: 0
  block_cache: 0x7f9de1b03710
  block_cache_name: LRUCache
  block_cache_options:
    capacity : 52428800
    num_shard_bits : 6
    strict_capacity_limit : 0
    memory_allocator : None
    high_pri_pool_ratio: 0.000
  block_cache_compressed: (nil)
  persistent_cache: (nil)
  block_size: 4096
  block_size_deviation: 10
  block_restart_interval: 16
  index_block_restart_interval: 1
  metadata_block_size: 4096
  partition_filters: 0
  use_delta_encoding: 1
  filter_policy: rocksdb.BuiltinBloomFilter
  whole_key_filtering: 1
  verify_compression: 0
  read_amp_bytes_per_bit: 0
  format_version: 0
  enable_index_compression: 1
  block_align: 0
2022/06/10-16:39:28.361557 7f9e4017b700        Options.write_buffer_size: 16777216
2022/06/10-16:39:28.361558 7f9e4017b700  Options.max_write_buffer_number: 3
2022/06/10-16:39:28.361560 7f9e4017b700          Options.compression: NoCompression
2022/06/10-16:39:28.361561 7f9e4017b700                  Options.bottommost_compression: Disabled
2022/06/10-16:39:28.361562 7f9e4017b700       Options.prefix_extractor: nullptr
2022/06/10-16:39:28.361564 7f9e4017b700   Options.memtable_insert_with_hint_prefix_extractor: nullptr
2022/06/10-16:39:28.361565 7f9e4017b700             Options.num_levels: 7
2022/06/10-16:39:28.361566 7f9e4017b700        Options.min_write_buffer_number_to_merge: 1
2022/06/10-16:39:28.361567 7f9e4017b700     Options.max_write_buffer_number_to_maintain: 0
2022/06/10-16:39:28.361568 7f9e4017b700            Options.bottommost_compression_opts.window_bits: -14
2022/06/10-16:39:28.361569 7f9e4017b700                  Options.bottommost_compression_opts.level: 32767
2022/06/10-16:39:28.361570 7f9e4017b700               Options.bottommost_compression_opts.strategy: 0
2022/06/10-16:39:28.361571 7f9e4017b700         Options.bottommost_compression_opts.max_dict_bytes: 0
2022/06/10-16:39:28.361573 7f9e4017b700         Options.bottommost_compression_opts.zstd_max_train_bytes: 0
2022/06/10-16:39:28.361574 7f9e4017b700                  Options.bottommost_compression_opts.enabled: false
2022/06/10-16:39:28.361575 7f9e4017b700            Options.compression_opts.window_bits: -14
2022/06/10-16:39:28.361576 7f9e4017b700                  Options.compression_opts.level: 32767
2022/06/10-16:39:28.361577 7f9e4017b700               Options.compression_opts.strategy: 0
2022/06/10-16:39:28.361578 7f9e4017b700         Options.compression_opts.max_dict_bytes: 0
2022/06/10-16:39:28.361579 7f9e4017b700         Options.compression_opts.zstd_max_train_bytes: 0
2022/06/10-16:39:28.361580 7f9e4017b700                  Options.compression_opts.enabled: false
2022/06/10-16:39:28.361581 7f9e4017b700      Options.level0_file_num_compaction_trigger: 4
2022/06/10-16:39:28.361582 7f9e4017b700          Options.level0_slowdown_writes_trigger: 20
2022/06/10-16:39:28.361583 7f9e4017b700              Options.level0_stop_writes_trigger: 36
2022/06/10-16:39:28.361584 7f9e4017b700                   Options.target_file_size_base: 67108864
2022/06/10-16:39:28.361585 7f9e4017b700             Options.target_file_size_multiplier: 1
2022/06/10-16:39:28.361586 7f9e4017b700                Options.max_bytes_for_level