2022/06/10-16:39:27.718590 7f9e4017b700 RocksDB version: 5.18.4
2022/06/10-16:39:27.718629 7f9e4017b700 Git sha rocksdb_build_git_sha:
2022/06/10-16:39:27.718631 7f9e4017b700 Compile date Mar 11 2020
2022/06/10-16:39:27.718632 7f9e4017b700 DB SUMMARY
2022/06/10-16:39:27.718655 7f9e4017b700 CURRENT file:  CURRENT
2022/06/10-16:39:27.718657 7f9e4017b700 IDENTITY file:  IDENTITY
2022/06/10-16:39:27.718661 7f9e4017b700 MANIFEST file:  MANIFEST-000001 size: 13 Bytes
2022/06/10-16:39:27.718663 7f9e4017b700 SST files in /home/ANT.AMAZON.COM/stefler/Documents/university/cloud-services/WikipediaStats/src/streams/./local-streams/kafka-streams-wiki/22_1/rocksdb/week-per-language-countPagesModified dir, Total Num: 0, files: 
2022/06/10-16:39:27.718665 7f9e4017b700 Write Ahead Log file in /home/ANT.AMAZON.COM/stefler/Documents/university/cloud-services/WikipediaStats/src/streams/./local-streams/kafka-streams-wiki/22_1/rocksdb/week-per-language-countPagesModified: 000003.log size: 0 ; 
2022/06/10-16:39:27.718667 7f9e4017b700                         Options.error_if_exists: 0
2022/06/10-16:39:27.718668 7f9e4017b700                       Options.create_if_missing: 1
2022/06/10-16:39:27.718669 7f9e4017b700                         Options.paranoid_checks: 1
2022/06/10-16:39:27.718671 7f9e4017b700                                     Options.env: 0x7f9de62e6fa0
2022/06/10-16:39:27.718672 7f9e4017b700                                Options.info_log: 0x7f9de1759c40
2022/06/10-16:39:27.718673 7f9e4017b700                Options.max_file_opening_threads: 16
2022/06/10-16:39:27.718674 7f9e4017b700                              Options.statistics: (nil)
2022/06/10-16:39:27.718676 7f9e4017b700                               Options.use_fsync: 0
2022/06/10-16:39:27.718677 7f9e4017b700                       Options.max_log_file_size: 0
2022/06/10-16:39:27.718678 7f9e4017b700                  Options.max_manifest_file_size: 1073741824
2022/06/10-16:39:27.718679 7f9e4017b700                   Options.log_file_time_to_roll: 0
2022/06/10-16:39:27.718681 7f9e4017b700                       Options.keep_log_file_num: 1000
2022/06/10-16:39:27.718682 7f9e4017b700                    Options.recycle_log_file_num: 0
2022/06/10-16:39:27.718683 7f9e4017b700                         Options.allow_fallocate: 1
2022/06/10-16:39:27.718685 7f9e4017b700                        Options.allow_mmap_reads: 0
2022/06/10-16:39:27.718686 7f9e4017b700                       Options.allow_mmap_writes: 0
2022/06/10-16:39:27.718687 7f9e4017b700                        Options.use_direct_reads: 0
2022/06/10-16:39:27.718688 7f9e4017b700                        Options.use_direct_io_for_flush_and_compaction: 0
2022/06/10-16:39:27.718689 7f9e4017b700          Options.create_missing_column_families: 0
2022/06/10-16:39:27.718691 7f9e4017b700                              Options.db_log_dir: 
2022/06/10-16:39:27.718692 7f9e4017b700                                 Options.wal_dir: /home/ANT.AMAZON.COM/stefler/Documents/university/cloud-services/WikipediaStats/src/streams/./local-streams/kafka-streams-wiki/22_1/rocksdb/week-per-language-countPagesModified
2022/06/10-16:39:27.718693 7f9e4017b700                Options.table_cache_numshardbits: 6
2022/06/10-16:39:27.718695 7f9e4017b700                      Options.max_subcompactions: 1
2022/06/10-16:39:27.718696 7f9e4017b700                  Options.max_background_flushes: -1
2022/06/10-16:39:27.718697 7f9e4017b700                         Options.WAL_ttl_seconds: 0
2022/06/10-16:39:27.718698 7f9e4017b700                       Options.WAL_size_limit_MB: 0
2022/06/10-16:39:27.718699 7f9e4017b700             Options.manifest_preallocation_size: 4194304
2022/06/10-16:39:27.718701 7f9e4017b700                     Options.is_fd_close_on_exec: 1
2022/06/10-16:39:27.718702 7f9e4017b700                   Options.advise_random_on_open: 1
2022/06/10-16:39:27.718703 7f9e4017b700                    Options.db_write_buffer_size: 0
2022/06/10-16:39:27.718704 7f9e4017b700                    Options.write_buffer_manager: 0x7f9de1708ef0
2022/06/10-16:39:27.718706 7f9e4017b700         Options.access_hint_on_compaction_start: 1
2022/06/10-16:39:27.718707 7f9e4017b700  Options.new_table_reader_for_compaction_inputs: 0
2022/06/10-16:39:27.718716 7f9e4017b700           Options.random_access_max_buffer_size: 1048576
2022/06/10-16:39:27.718717 7f9e4017b700                      Options.use_adaptive_mutex: 0
2022/06/10-16:39:27.718718 7f9e4017b700                            Options.rate_limiter: (nil)
2022/06/10-16:39:27.718720 7f9e4017b700     Options.sst_file_manager.rate_bytes_per_sec: 0
2022/06/10-16:39:27.718721 7f9e4017b700                       Options.wal_recovery_mode: 2
2022/06/10-16:39:27.718722 7f9e4017b700                  Options.enable_thread_tracking: 0
2022/06/10-16:39:27.718724 7f9e4017b700                  Options.enable_pipelined_write: 0
2022/06/10-16:39:27.718725 7f9e4017b700         Options.allow_concurrent_memtable_write: 1
2022/06/10-16:39:27.718726 7f9e4017b700      Options.enable_write_thread_adaptive_yield: 1
2022/06/10-16:39:27.718727 7f9e4017b700             Options.write_thread_max_yield_usec: 100
2022/06/10-16:39:27.718728 7f9e4017b700            Options.write_thread_slow_yield_usec: 3
2022/06/10-16:39:27.718730 7f9e4017b700                               Options.row_cache: None
2022/06/10-16:39:27.718731 7f9e4017b700                              Options.wal_filter: None
2022/06/10-16:39:27.718732 7f9e4017b700             Options.avoid_flush_during_recovery: 0
2022/06/10-16:39:27.718733 7f9e4017b700             Options.allow_ingest_behind: 0
2022/06/10-16:39:27.718734 7f9e4017b700             Options.preserve_deletes: 0
2022/06/10-16:39:27.718736 7f9e4017b700             Options.two_write_queues: 0
2022/06/10-16:39:27.718737 7f9e4017b700             Options.manual_wal_flush: 0
2022/06/10-16:39:27.718738 7f9e4017b700             Options.max_background_jobs: 8
2022/06/10-16:39:27.718739 7f9e4017b700             Options.max_background_compactions: -1
2022/06/10-16:39:27.718741 7f9e4017b700             Options.avoid_flush_during_shutdown: 0
2022/06/10-16:39:27.718742 7f9e4017b700           Options.writable_file_max_buffer_size: 1048576
2022/06/10-16:39:27.718743 7f9e4017b700             Options.delayed_write_rate : 16777216
2022/06/10-16:39:27.718744 7f9e4017b700             Options.max_total_wal_size: 0
2022/06/10-16:39:27.718745 7f9e4017b700             Options.delete_obsolete_files_period_micros: 21600000000
2022/06/10-16:39:27.718746 7f9e4017b700                   Options.stats_dump_period_sec: 600
2022/06/10-16:39:27.718748 7f9e4017b700                          Options.max_open_files: -1
2022/06/10-16:39:27.718749 7f9e4017b700                          Options.bytes_per_sync: 0
2022/06/10-16:39:27.718750 7f9e4017b700                      Options.wal_bytes_per_sync: 0
2022/06/10-16:39:27.718752 7f9e4017b700       Options.compaction_readahead_size: 0
2022/06/10-16:39:27.718753 7f9e4017b700 Compression algorithms supported:
2022/06/10-16:39:27.718754 7f9e4017b700 	kZSTDNotFinalCompression supported: 1
2022/06/10-16:39:27.718756 7f9e4017b700 	kZSTD supported: 1
2022/06/10-16:39:27.718758 7f9e4017b700 	kXpressCompression supported: 0
2022/06/10-16:39:27.718759 7f9e4017b700 	kLZ4HCCompression supported: 1
2022/06/10-16:39:27.718760 7f9e4017b700 	kLZ4Compression supported: 1
2022/06/10-16:39:27.718762 7f9e4017b700 	kBZip2Compression supported: 1
2022/06/10-16:39:27.718763 7f9e4017b700 	kZlibCompression supported: 1
2022/06/10-16:39:27.718764 7f9e4017b700 	kSnappyCompression supported: 1
2022/06/10-16:39:27.718766 7f9e4017b700 Fast CRC32 supported: Not supported on x86
2022/06/10-16:39:27.718906 7f9e4017b700               Options.comparator: leveldb.BytewiseComparator
2022/06/10-16:39:27.718908 7f9e4017b700           Options.merge_operator: None
2022/06/10-16:39:27.718909 7f9e4017b700        Options.compaction_filter: None
2022/06/10-16:39:27.718910 7f9e4017b700        Options.compaction_filter_factory: None
2022/06/10-16:39:27.718912 7f9e4017b700         Options.memtable_factory: SkipListFactory
2022/06/10-16:39:27.718913 7f9e4017b700            Options.table_factory: BlockBasedTable
2022/06/10-16:39:27.718940 7f9e4017b700            table_factory options:   flush_block_policy_factory: FlushBlockBySizePolicyFactory (0x7f9de16ce6b0)
  cache_index_and_filter_blocks: 0
  cache_index_and_filter_blocks_with_high_priority: 0
  pin_l0_filter_and_index_blocks_in_cache: 0
  pin_top_level_index_and_filter: 1
  index_type: 0
  hash_index_allow_collision: 1
  checksum: 1
  no_block_cache: 0
  block_cache: 0x7f9de167b040
  block_cache_name: LRUCache
  block_cache_options:
    capacity : 52428800
    num_shard_bits : 6
    strict_capacity_limit : 0
    memory_allocator : None
    high_pri_pool_ratio: 0.000
  block_cache_compressed: (nil)
  persistent_cache: (nil)
  block_size: 4096
  block_size_deviation: 10
  block_restart_interval: 16
  index_block_restart_interval: 1
  metadata_block_size: 4096
  partition_filters: 0
  use_delta_encoding: 1
  filter_policy: rocksdb.BuiltinBloomFilter
  whole_key_filtering: 1
  verify_compression: 0
  read_amp_bytes_per_bit: 0
  format_version: 0
  enable_index_compression: 1
  block_align: 0
2022/06/10-16:39:27.718950 7f9e4017b700        Options.write_buffer_size: 16777216
2022/06/10-16:39:27.718951 7f9e4017b700  Options.max_write_buffer_number: 3
2022/06/10-16:39:27.718952 7f9e4017b700          Options.compression: NoCompression
2022/06/10-16:39:27.718953 7f9e4017b700                  Options.bottommost_compression: Disabled
2022/06/10-16:39:27.718955 7f9e4017b700       Options.prefix_extractor: nullptr
2022/06/10-16:39:27.718956 7f9e4017b700   Options.memtable_insert_with_hint_prefix_extractor: nullptr
2022/06/10-16:39:27.718957 7f9e4017b700             Options.num_levels: 7
2022/06/10-16:39:27.718958 7f9e4017b700        Options.min_write_buffer_number_to_merge: 1
2022/06/10-16:39:27.718960 7f9e4017b700     Options.max_write_buffer_number_to_maintain: 0
2022/06/10-16:39:27.718961 7f9e4017b700            Options.bottommost_compression_opts.window_bits: -14
2022/06/10-16:39:27.718962 7f9e4017b700                  Options.bottommost_compression_opts.level: 32767
2022/06/10-16:39:27.718963 7f9e4017b700               Options.bottommost_compression_opts.strategy: 0
2022/06/10-16:39:27.718965 7f9e4017b700         Options.bottommost_compression_opts.max_dict_bytes: 0
2022/06/10-16:39:27.718966 7f9e4017b700         Options.bottommost_compression_opts.zstd_max_train_bytes: 0
2022/06/10-16:39:27.718967 7f9e4017b700                  Options.bottommost_compression_opts.enabled: false
2022/06/10-16:39:27.718968 7f9e4017b700            Options.compression_opts.window_bits: -14
2022/06/10-16:39:27.718970 7f9e4017b700                  Options.compression_opts.level: 32767
2022/06/10-16:39:27.718971 7f9e4017b700               Options.compression_opts.strategy: 0
2022/06/10-16:39:27.718972 7f9e4017b700         Options.compression_opts.max_dict_bytes: 0
2022/06/10-16:39:27.718973 7f9e4017b700         Options.compression_opts.zstd_max_train_bytes: 0
2022/06/10-16:39:27.718974 7f9e4017b700                  Options.compression_opts.enabled: false
2022/06/10-16:39:27.718975 7f9e4017b700      Options.level0_file_num_compaction_trigger: 4
2022/06/10-16:39:27.718977 7f9e4017b700          Options.level0_slowdown_writes_trigger: 20
2022/06/10-16:39:27.718978 7f9e4017b700              Options.level0_stop_writes_trigger: 36
2022/06/10-16:39:27.718979 7f9e4017b700                   Options.target_file_size_base: 67108864
2022/06/10-16:39:27.718980 7f9e4017b700             Options.target_file_size_multiplier: 1
2022/06/10-16:39:27.718982 7f9e4017b700                Options.max_bytes_for_level_base: 268435456
2022/06/10-16:39:27.718983 7f9e4017b700 Options.level_compaction_dynamic_level_bytes: 0
2022/06/10-16:39:27.718984 7f9e4017b700          Options.max_bytes_for_level_multiplier: 10.000000
2022/06/10-16:39:27.718987 7f9e4017b700 Options.max_bytes_for_level_multiplier_addtl[0]: 1
2022/06/10-16:39:27.718988 7f9e4017b700 Options.max_bytes_for_level_multiplier_addtl[1]: 1
2022/06/10-16:39:27.718989 7f9e4017b700 Options.max_bytes_for_level_multiplier_addtl[2]: 1
2022/06/10-16:39:27.718991 7f9e4017b700 Options.max_bytes_for_level_multiplier_addtl[3]: 1
2022/06/10-16:39:27.718992 7f9e4017b700 Options.max_bytes_for_level_multiplier_addtl[4]: 1
2022/06/10-16:39:27.718998 7f9e4017b700 Options.max_bytes_for_level_multiplier_addtl[5]: 1
2022/06/10-16:39:27.718999 7f9e4017b700 Options.max_bytes_for_level_multiplier_addtl[6]: 1
2022/06/10-16:39:27.719000 7f9e4017b700       Options.max_sequential_skip_in_iterations: 8
2022/06/10-16:39:27.719002 7f9e4017b700                    Options.max_compaction_bytes: 1677721600
2022/06/10-16:39:27.719003 7f9e4017b700                        Options.arena_block_size: 2097152
2022/06/10-16:39:27.719004 7f9e4017b700   Options.soft_pending_compaction_bytes_limit: 68719476736
2022/06/10-16:39:27.719005 7f9e4017b700   Options.hard_pending_compaction_bytes_limit: 274877906944
2022/06/10-16:39:27.719007 7f9e4017b700       Options.rate_limit_delay_max_milliseconds: 100
2022/06/10-16:39:27.719008 7f9e4017b700                Options.disable_auto_compactions: 0
2022/06/10-16:39:27.719009 7f9e4017b700                        Options.compaction_style: kCompactionStyleUniversal
2022/06/10-16:39:27.719011 7f9e4017b700                          Options.compaction_pri: kByCompensatedSize
2022/06/10-16:39:27.719012 7f9e4017b700 Options.compaction_options_universal.size_ratio: 1
2022/06/10-16:39:27.719013 7f9e4017b700 Options.compaction_options_universal.min_merge_width: 2
2022/06/10-16:39:27.719014 7f9e4017b700 Options.compaction_options_universal.max_merge_width: 4294967295
2022/06/10-16:39:27.719016 7f9e4017b700 Options.compaction_options_universal.max_size_amplification_percent: 200
2022/06/10-16:39:27.719017 7f9e4017b700 Options.compaction_options_universal.compression_size_percent: -1
2022/06/10-16:39:27.719018 7f9e4017b700 Options.compaction_options_universal.stop_style: kCompactionStopStyleTotalSize
2022/06/10-16:39:27.719019 7f9e4017b700 Options.compaction_options_fifo.max_table_files_size: 1073741824
2022/06/10-16:39:27.719021 7f9e4017b700 Options.compaction_options_fifo.allow_compaction: 0
2022/06/10-16:39:27.719022 7f9e4017b700 Options.compaction_options_fifo.ttl: 0
2022/06/10-16:39:27.719023 7f9e4017b700                   Options.table_properties_collectors: 
2022/06/10-16:39:27.719024 7f9e4017b700                   Options.inplace_update_support: 0
2022/06/10-16:39:27.719026 7f9e4017b700                 Options.inplace_update_num_locks: 10000
2022/06/10-16:39:27.719027 7f9e4017b700               Options.memtable_prefix_bloom_size_ratio: 0.000000
2022/06/10-16:39:27.719029 7f9e4017b700   Options.memtable_huge_page_size: 0
2022/06/10-16:39:27.719030 7f9e4017b700                           Options.bloom_locality: 0
2022/06/10-16:39:27.719031 7f9e4017b700                    Options.max_successive_merges: 0
2022/06/10-16:39:27.719032 7f9e4017b700                Options.optimize_filters_for_hits: 0
2022/06/10-16:39:27.719033 7f9e4017b700                Options.paranoid_file_checks: 0
2022/06/10-16:39:27.719034 7f9e4017b700                Options.force_consistency_checks: 0
2022/06/10-16:39:27.719036 7f9e4017b700                Options.report_bg_io_stats: 0
2022/06/10-16:39:27.719037 7f9e4017b700                               Options.ttl: 0
2022/06/10-16:39:27.729147 7f9e4017b700               Options.comparator: leveldb.BytewiseComparator
2022/06/10-16:39:27.729154 7f9e4017b700           Options.merge_operator: None
2022/06/10-16:39:27.729155 7f9e4017b700        Options.compaction_filter: None
2022/06/10-16:39:27.729157 7f9e4017b700        Options.compaction_filter_factory: None
2022/06/10-16:39:27.729158 7f9e4017b700         Options.memtable_factory: SkipListFactory
2022/06/10-16:39:27.729159 7f9e4017b700            Options.table_factory: BlockBasedTable
2022/06/10-16:39:27.729185 7f9e4017b700            table_factory options:   flush_block_policy_factory: FlushBlockBySizePolicyFactory (0x7f9de16ce6b0)
  cache_index_and_filter_blocks: 0
  cache_index_and_filter_blocks_with_high_priority: 0
  pin_l0_filter_and_index_blocks_in_cache: 0
  pin_top_level_index_and_filter: 1
  index_type: 0
  hash_index_allow_collision: 1
  checksum: 1
  no_block_cache: 0
  block_cache: 0x7f9de167b040
  block_cache_name: LRUCache
  block_cache_options:
    capacity : 52428800
    num_shard_bits : 6
    strict_capacity_limit : 0
    memory_allocator : None
    high_pri_pool_ratio: 0.000
  block_cache_compressed: (nil)
  persistent_cache: (nil)
  block_size: 4096
  block_size_deviation: 10
  block_restart_interval: 16
  index_block_restart_interval: 1
  metadata_block_size: 4096
  partition_filters: 0
  use_delta_encoding: 1
  filter_policy: rocksdb.BuiltinBloomFilter
  whole_key_filtering: 1
  verify_compression: 0
  read_amp_bytes_per_bit: 0
  format_version: 0
  enable_index_compression: 1
  block_align: 0
2022/06/10-16:39:27.729187 7f9e4017b700        Options.write_buffer_size: 16777216
2022/06/10-16:39:27.729189 7f9e4017b700  Options.max_write_buffer_number: 3
2022/06/10-16:39:27.729190 7f9e4017b700          Options.compression: NoCompression
2022/06/10-16:39:27.729192 7f9e4017b700                  Options.bottommost_compression: Disabled
2022/06/10-16:39:27.729193 7f9e4017b700       Options.prefix_extractor: nullptr
2022/06/10-16:39:27.729194 7f9e4017b700   Options.memtable_insert_with_hint_prefix_extractor: nullptr
2022/06/10-16:39:27.729196 7f9e4017b700             Options.num_levels: 7
2022/06/10-16:39:27.729197 7f9e4017b700        Options.min_write_buffer_number_to_merge: 1
2022/06/10-16:39:27.729198 7f9e4017b700     Options.max_write_buffer_number_to_maintain: 0
2022/06/10-16:39:27.729199 7f9e4017b700            Options.bottommost_compression_opts.window_bits: -14
2022/06/10-16:39:27.729201 7f9e4017b700                  Options.bottommost_compression_opts.level: 32767
2022/06/10-16:39:27.729202 7f9e4017b700               Options.bottommost_compression_opts.strategy: 0
2022/06/10-16:39:27.729203 7f9e4017b700         Options.bottommost_compression_opts.max_dict_bytes: 0
2022/06/10-16:39:27.729205 7f9e4017b700         Options.bottommost_compression_opts.zstd_max_train_bytes: 0
2022/06/10-16:39:27.729206 7f9e4017b700                  Options.bottommost_compression_opts.enabled: false
2022/06/10-16:39:27.729207 7f9e4017b700            Options.compression_opts.window_bits: -14
2022/06/10-16:39:27.729208 7f9e4017b700                  Options.compression_opts.level: 32767
2022/06/10-16:39:27.729210 7f9e4017b700               Options.compression_opts.strategy: 0
2022/06/10-16:39:27.729211 7f9e4017b700         Options.compression_opts.max_dict_bytes: 0
2022/06/10-16:39:27.729212 7f9e4017b700         Options.compression_opts.zstd_max_train_bytes: 0
2022/06/10-16:39:27.729213 7f9e4017b700                  Options.compression_opts.enabled: false
2022/06/10-16:39:27.729214 7f9e4017b700      Options.level0_file_num_compaction_trigger: 4
2022/06/10-16:39:27.729215 7f9e4017b700          Options.level0_slowdown_writes_trigger: 20
2022/06/10-16:39:27.729217 7f9e4017b700              Options.level0_stop_writes_trigger: 36
2022/06/10-16:39:27.729218 7f9e4017b700                   Options.target_file_size_base: 67108864
2022/06/10-16:39:27.729219 7f9e4017b700             Options.target_file_size_multiplier: 1
2022/06/10-16:39:27.729220 7f9e4017b700                Options.max_bytes_for_level