2022/06/10-16:39:28.461450 7f9e4017b700 RocksDB version: 5.18.4
2022/06/10-16:39:28.461485 7f9e4017b700 Git sha rocksdb_build_git_sha:
2022/06/10-16:39:28.461487 7f9e4017b700 Compile date Mar 11 2020
2022/06/10-16:39:28.461488 7f9e4017b700 DB SUMMARY
2022/06/10-16:39:28.461508 7f9e4017b700 CURRENT file:  CURRENT
2022/06/10-16:39:28.461509 7f9e4017b700 IDENTITY file:  IDENTITY
2022/06/10-16:39:28.461514 7f9e4017b700 MANIFEST file:  MANIFEST-000001 size: 13 Bytes
2022/06/10-16:39:28.461515 7f9e4017b700 SST files in /home/ANT.AMAZON.COM/stefler/Documents/university/cloud-services/WikipediaStats/src/streams/./local-streams/kafka-streams-wiki/27_0/rocksdb/day-per-language-active-users dir, Total Num: 0, files: 
2022/06/10-16:39:28.461517 7f9e4017b700 Write Ahead Log file in /home/ANT.AMAZON.COM/stefler/Documents/university/cloud-services/WikipediaStats/src/streams/./local-streams/kafka-streams-wiki/27_0/rocksdb/day-per-language-active-users: 000003.log size: 0 ; 
2022/06/10-16:39:28.461519 7f9e4017b700                         Options.error_if_exists: 0
2022/06/10-16:39:28.461520 7f9e4017b700                       Options.create_if_missing: 1
2022/06/10-16:39:28.461521 7f9e4017b700                         Options.paranoid_checks: 1
2022/06/10-16:39:28.461522 7f9e4017b700                                     Options.env: 0x7f9de62e6fa0
2022/06/10-16:39:28.461524 7f9e4017b700                                Options.info_log: 0x7f9de1c45990
2022/06/10-16:39:28.461525 7f9e4017b700                Options.max_file_opening_threads: 16
2022/06/10-16:39:28.461526 7f9e4017b700                              Options.statistics: (nil)
2022/06/10-16:39:28.461527 7f9e4017b700                               Options.use_fsync: 0
2022/06/10-16:39:28.461528 7f9e4017b700                       Options.max_log_file_size: 0
2022/06/10-16:39:28.461529 7f9e4017b700                  Options.max_manifest_file_size: 1073741824
2022/06/10-16:39:28.461530 7f9e4017b700                   Options.log_file_time_to_roll: 0
2022/06/10-16:39:28.461531 7f9e4017b700                       Options.keep_log_file_num: 1000
2022/06/10-16:39:28.461532 7f9e4017b700                    Options.recycle_log_file_num: 0
2022/06/10-16:39:28.461533 7f9e4017b700                         Options.allow_fallocate: 1
2022/06/10-16:39:28.461534 7f9e4017b700                        Options.allow_mmap_reads: 0
2022/06/10-16:39:28.461535 7f9e4017b700                       Options.allow_mmap_writes: 0
2022/06/10-16:39:28.461537 7f9e4017b700                        Options.use_direct_reads: 0
2022/06/10-16:39:28.461538 7f9e4017b700                        Options.use_direct_io_for_flush_and_compaction: 0
2022/06/10-16:39:28.461539 7f9e4017b700          Options.create_missing_column_families: 0
2022/06/10-16:39:28.461540 7f9e4017b700                              Options.db_log_dir: 
2022/06/10-16:39:28.461541 7f9e4017b700                                 Options.wal_dir: /home/ANT.AMAZON.COM/stefler/Documents/university/cloud-services/WikipediaStats/src/streams/./local-streams/kafka-streams-wiki/27_0/rocksdb/day-per-language-active-users
2022/06/10-16:39:28.461542 7f9e4017b700                Options.table_cache_numshardbits: 6
2022/06/10-16:39:28.461543 7f9e4017b700                      Options.max_subcompactions: 1
2022/06/10-16:39:28.461544 7f9e4017b700                  Options.max_background_flushes: -1
2022/06/10-16:39:28.461545 7f9e4017b700                         Options.WAL_ttl_seconds: 0
2022/06/10-16:39:28.461546 7f9e4017b700                       Options.WAL_size_limit_MB: 0
2022/06/10-16:39:28.461547 7f9e4017b700             Options.manifest_preallocation_size: 4194304
2022/06/10-16:39:28.461548 7f9e4017b700                     Options.is_fd_close_on_exec: 1
2022/06/10-16:39:28.461549 7f9e4017b700                   Options.advise_random_on_open: 1
2022/06/10-16:39:28.461550 7f9e4017b700                    Options.db_write_buffer_size: 0
2022/06/10-16:39:28.461551 7f9e4017b700                    Options.write_buffer_manager: 0x7f9de1c3e970
2022/06/10-16:39:28.461552 7f9e4017b700         Options.access_hint_on_compaction_start: 1
2022/06/10-16:39:28.461553 7f9e4017b700  Options.new_table_reader_for_compaction_inputs: 0
2022/06/10-16:39:28.461560 7f9e4017b700           Options.random_access_max_buffer_size: 1048576
2022/06/10-16:39:28.461561 7f9e4017b700                      Options.use_adaptive_mutex: 0
2022/06/10-16:39:28.461562 7f9e4017b700                            Options.rate_limiter: (nil)
2022/06/10-16:39:28.461563 7f9e4017b700     Options.sst_file_manager.rate_bytes_per_sec: 0
2022/06/10-16:39:28.461564 7f9e4017b700                       Options.wal_recovery_mode: 2
2022/06/10-16:39:28.461565 7f9e4017b700                  Options.enable_thread_tracking: 0
2022/06/10-16:39:28.461566 7f9e4017b700                  Options.enable_pipelined_write: 0
2022/06/10-16:39:28.461567 7f9e4017b700         Options.allow_concurrent_memtable_write: 1
2022/06/10-16:39:28.461568 7f9e4017b700      Options.enable_write_thread_adaptive_yield: 1
2022/06/10-16:39:28.461569 7f9e4017b700             Options.write_thread_max_yield_usec: 100
2022/06/10-16:39:28.461570 7f9e4017b700            Options.write_thread_slow_yield_usec: 3
2022/06/10-16:39:28.461571 7f9e4017b700                               Options.row_cache: None
2022/06/10-16:39:28.461572 7f9e4017b700                              Options.wal_filter: None
2022/06/10-16:39:28.461573 7f9e4017b700             Options.avoid_flush_during_recovery: 0
2022/06/10-16:39:28.461574 7f9e4017b700             Options.allow_ingest_behind: 0
2022/06/10-16:39:28.461575 7f9e4017b700             Options.preserve_deletes: 0
2022/06/10-16:39:28.461575 7f9e4017b700             Options.two_write_queues: 0
2022/06/10-16:39:28.461576 7f9e4017b700             Options.manual_wal_flush: 0
2022/06/10-16:39:28.461578 7f9e4017b700             Options.max_background_jobs: 8
2022/06/10-16:39:28.461578 7f9e4017b700             Options.max_background_compactions: -1
2022/06/10-16:39:28.461579 7f9e4017b700             Options.avoid_flush_during_shutdown: 0
2022/06/10-16:39:28.461580 7f9e4017b700           Options.writable_file_max_buffer_size: 1048576
2022/06/10-16:39:28.461582 7f9e4017b700             Options.delayed_write_rate : 16777216
2022/06/10-16:39:28.461583 7f9e4017b700             Options.max_total_wal_size: 0
2022/06/10-16:39:28.461584 7f9e4017b700             Options.delete_obsolete_files_period_micros: 21600000000
2022/06/10-16:39:28.461585 7f9e4017b700                   Options.stats_dump_period_sec: 600
2022/06/10-16:39:28.461586 7f9e4017b700                          Options.max_open_files: -1
2022/06/10-16:39:28.461587 7f9e4017b700                          Options.bytes_per_sync: 0
2022/06/10-16:39:28.461587 7f9e4017b700                      Options.wal_bytes_per_sync: 0
2022/06/10-16:39:28.461588 7f9e4017b700       Options.compaction_readahead_size: 0
2022/06/10-16:39:28.461589 7f9e4017b700 Compression algorithms supported:
2022/06/10-16:39:28.461591 7f9e4017b700 	kZSTDNotFinalCompression supported: 1
2022/06/10-16:39:28.461593 7f9e4017b700 	kZSTD supported: 1
2022/06/10-16:39:28.461594 7f9e4017b700 	kXpressCompression supported: 0
2022/06/10-16:39:28.461595 7f9e4017b700 	kLZ4HCCompression supported: 1
2022/06/10-16:39:28.461596 7f9e4017b700 	kLZ4Compression supported: 1
2022/06/10-16:39:28.461597 7f9e4017b700 	kBZip2Compression supported: 1
2022/06/10-16:39:28.461598 7f9e4017b700 	kZlibCompression supported: 1
2022/06/10-16:39:28.461599 7f9e4017b700 	kSnappyCompression supported: 1
2022/06/10-16:39:28.461601 7f9e4017b700 Fast CRC32 supported: Not supported on x86
2022/06/10-16:39:28.461729 7f9e4017b700               Options.comparator: leveldb.BytewiseComparator
2022/06/10-16:39:28.461731 7f9e4017b700           Options.merge_operator: None
2022/06/10-16:39:28.461732 7f9e4017b700        Options.compaction_filter: None
2022/06/10-16:39:28.461733 7f9e4017b700        Options.compaction_filter_factory: None
2022/06/10-16:39:28.461734 7f9e4017b700         Options.memtable_factory: SkipListFactory
2022/06/10-16:39:28.461735 7f9e4017b700            Options.table_factory: BlockBasedTable
2022/06/10-16:39:28.461765 7f9e4017b700            table_factory options:   flush_block_policy_factory: FlushBlockBySizePolicyFactory (0x7f9de1c0eee0)
  cache_index_and_filter_blocks: 0
  cache_index_and_filter_blocks_with_high_priority: 0
  pin_l0_filter_and_index_blocks_in_cache: 0
  pin_top_level_index_and_filter: 1
  index_type: 0
  hash_index_allow_collision: 1
  checksum: 1
  no_block_cache: 0
  block_cache: 0x7f9de1c474a0
  block_cache_name: LRUCache
  block_cache_options:
    capacity : 52428800
    num_shard_bits : 6
    strict_capacity_limit : 0
    memory_allocator : None
    high_pri_pool_ratio: 0.000
  block_cache_compressed: (nil)
  persistent_cache: (nil)
  block_size: 4096
  block_size_deviation: 10
  block_restart_interval: 16
  index_block_restart_interval: 1
  metadata_block_size: 4096
  partition_filters: 0
  use_delta_encoding: 1
  filter_policy: rocksdb.BuiltinBloomFilter
  whole_key_filtering: 1
  verify_compression: 0
  read_amp_bytes_per_bit: 0
  format_version: 0
  enable_index_compression: 1
  block_align: 0
2022/06/10-16:39:28.461772 7f9e4017b700        Options.write_buffer_size: 16777216
2022/06/10-16:39:28.461773 7f9e4017b700  Options.max_write_buffer_number: 3
2022/06/10-16:39:28.461775 7f9e4017b700          Options.compression: NoCompression
2022/06/10-16:39:28.461776 7f9e4017b700                  Options.bottommost_compression: Disabled
2022/06/10-16:39:28.461777 7f9e4017b700       Options.prefix_extractor: nullptr
2022/06/10-16:39:28.461778 7f9e4017b700   Options.memtable_insert_with_hint_prefix_extractor: nullptr
2022/06/10-16:39:28.461779 7f9e4017b700             Options.num_levels: 7
2022/06/10-16:39:28.461780 7f9e4017b700        Options.min_write_buffer_number_to_merge: 1
2022/06/10-16:39:28.461781 7f9e4017b700     Options.max_write_buffer_number_to_maintain: 0
2022/06/10-16:39:28.461782 7f9e4017b700            Options.bottommost_compression_opts.window_bits: -14
2022/06/10-16:39:28.461783 7f9e4017b700                  Options.bottommost_compression_opts.level: 32767
2022/06/10-16:39:28.461784 7f9e4017b700               Options.bottommost_compression_opts.strategy: 0
2022/06/10-16:39:28.461785 7f9e4017b700         Options.bottommost_compression_opts.max_dict_bytes: 0
2022/06/10-16:39:28.461786 7f9e4017b700         Options.bottommost_compression_opts.zstd_max_train_bytes: 0
2022/06/10-16:39:28.461788 7f9e4017b700                  Options.bottommost_compression_opts.enabled: false
2022/06/10-16:39:28.461789 7f9e4017b700            Options.compression_opts.window_bits: -14
2022/06/10-16:39:28.461790 7f9e4017b700                  Options.compression_opts.level: 32767
2022/06/10-16:39:28.461791 7f9e4017b700               Options.compression_opts.strategy: 0
2022/06/10-16:39:28.461792 7f9e4017b700         Options.compression_opts.max_dict_bytes: 0
2022/06/10-16:39:28.461793 7f9e4017b700         Options.compression_opts.zstd_max_train_bytes: 0
2022/06/10-16:39:28.461794 7f9e4017b700                  Options.compression_opts.enabled: false
2022/06/10-16:39:28.461795 7f9e4017b700      Options.level0_file_num_compaction_trigger: 4
2022/06/10-16:39:28.461796 7f9e4017b700          Options.level0_slowdown_writes_trigger: 20
2022/06/10-16:39:28.461797 7f9e4017b700              Options.level0_stop_writes_trigger: 36
2022/06/10-16:39:28.461798 7f9e4017b700                   Options.target_file_size_base: 67108864
2022/06/10-16:39:28.461799 7f9e4017b700             Options.target_file_size_multiplier: 1
2022/06/10-16:39:28.461800 7f9e4017b700                Options.max_bytes_for_level_base: 268435456
2022/06/10-16:39:28.461801 7f9e4017b700 Options.level_compaction_dynamic_level_bytes: 0
2022/06/10-16:39:28.461802 7f9e4017b700          Options.max_bytes_for_level_multiplier: 10.000000
2022/06/10-16:39:28.461805 7f9e4017b700 Options.max_bytes_for_level_multiplier_addtl[0]: 1
2022/06/10-16:39:28.461806 7f9e4017b700 Options.max_bytes_for_level_multiplier_addtl[1]: 1
2022/06/10-16:39:28.461807 7f9e4017b700 Options.max_bytes_for_level_multiplier_addtl[2]: 1
2022/06/10-16:39:28.461808 7f9e4017b700 Options.max_bytes_for_level_multiplier_addtl[3]: 1
2022/06/10-16:39:28.461809 7f9e4017b700 Options.max_bytes_for_level_multiplier_addtl[4]: 1
2022/06/10-16:39:28.461815 7f9e4017b700 Options.max_bytes_for_level_multiplier_addtl[5]: 1
2022/06/10-16:39:28.461816 7f9e4017b700 Options.max_bytes_for_level_multiplier_addtl[6]: 1
2022/06/10-16:39:28.461817 7f9e4017b700       Options.max_sequential_skip_in_iterations: 8
2022/06/10-16:39:28.461818 7f9e4017b700                    Options.max_compaction_bytes: 1677721600
2022/06/10-16:39:28.461819 7f9e4017b700                        Options.arena_block_size: 2097152
2022/06/10-16:39:28.461820 7f9e4017b700   Options.soft_pending_compaction_bytes_limit: 68719476736
2022/06/10-16:39:28.461821 7f9e4017b700   Options.hard_pending_compaction_bytes_limit: 274877906944
2022/06/10-16:39:28.461822 7f9e4017b700       Options.rate_limit_delay_max_milliseconds: 100
2022/06/10-16:39:28.461823 7f9e4017b700                Options.disable_auto_compactions: 0
2022/06/10-16:39:28.461825 7f9e4017b700                        Options.compaction_style: kCompactionStyleUniversal
2022/06/10-16:39:28.461826 7f9e4017b700                          Options.compaction_pri: kByCompensatedSize
2022/06/10-16:39:28.461827 7f9e4017b700 Options.compaction_options_universal.size_ratio: 1
2022/06/10-16:39:28.461828 7f9e4017b700 Options.compaction_options_universal.min_merge_width: 2
2022/06/10-16:39:28.461829 7f9e4017b700 Options.compaction_options_universal.max_merge_width: 4294967295
2022/06/10-16:39:28.461830 7f9e4017b700 Options.compaction_options_universal.max_size_amplification_percent: 200
2022/06/10-16:39:28.461831 7f9e4017b700 Options.compaction_options_universal.compression_size_percent: -1
2022/06/10-16:39:28.461833 7f9e4017b700 Options.compaction_options_universal.stop_style: kCompactionStopStyleTotalSize
2022/06/10-16:39:28.461834 7f9e4017b700 Options.compaction_options_fifo.max_table_files_size: 1073741824
2022/06/10-16:39:28.461835 7f9e4017b700 Options.compaction_options_fifo.allow_compaction: 0
2022/06/10-16:39:28.461836 7f9e4017b700 Options.compaction_options_fifo.ttl: 0
2022/06/10-16:39:28.461837 7f9e4017b700                   Options.table_properties_collectors: 
2022/06/10-16:39:28.461838 7f9e4017b700                   Options.inplace_update_support: 0
2022/06/10-16:39:28.461839 7f9e4017b700                 Options.inplace_update_num_locks: 10000
2022/06/10-16:39:28.461840 7f9e4017b700               Options.memtable_prefix_bloom_size_ratio: 0.000000
2022/06/10-16:39:28.461842 7f9e4017b700   Options.memtable_huge_page_size: 0
2022/06/10-16:39:28.461843 7f9e4017b700                           Options.bloom_locality: 0
2022/06/10-16:39:28.461844 7f9e4017b700                    Options.max_successive_merges: 0
2022/06/10-16:39:28.461845 7f9e4017b700                Options.optimize_filters_for_hits: 0
2022/06/10-16:39:28.461846 7f9e4017b700                Options.paranoid_file_checks: 0
2022/06/10-16:39:28.461847 7f9e4017b700                Options.force_consistency_checks: 0
2022/06/10-16:39:28.461848 7f9e4017b700                Options.report_bg_io_stats: 0
2022/06/10-16:39:28.461849 7f9e4017b700                               Options.ttl: 0
2022/06/10-16:39:28.472586 7f9e4017b700               Options.comparator: leveldb.BytewiseComparator
2022/06/10-16:39:28.472598 7f9e4017b700           Options.merge_operator: None
2022/06/10-16:39:28.472599 7f9e4017b700        Options.compaction_filter: None
2022/06/10-16:39:28.472600 7f9e4017b700        Options.compaction_filter_factory: None
2022/06/10-16:39:28.472601 7f9e4017b700         Options.memtable_factory: SkipListFactory
2022/06/10-16:39:28.472602 7f9e4017b700            Options.table_factory: BlockBasedTable
2022/06/10-16:39:28.472624 7f9e4017b700            table_factory options:   flush_block_policy_factory: FlushBlockBySizePolicyFactory (0x7f9de1c0eee0)
  cache_index_and_filter_blocks: 0
  cache_index_and_filter_blocks_with_high_priority: 0
  pin_l0_filter_and_index_blocks_in_cache: 0
  pin_top_level_index_and_filter: 1
  index_type: 0
  hash_index_allow_collision: 1
  checksum: 1
  no_block_cache: 0
  block_cache: 0x7f9de1c474a0
  block_cache_name: LRUCache
  block_cache_options:
    capacity : 52428800
    num_shard_bits : 6
    strict_capacity_limit : 0
    memory_allocator : None
    high_pri_pool_ratio: 0.000
  block_cache_compressed: (nil)
  persistent_cache: (nil)
  block_size: 4096
  block_size_deviation: 10
  block_restart_interval: 16
  index_block_restart_interval: 1
  metadata_block_size: 4096
  partition_filters: 0
  use_delta_encoding: 1
  filter_policy: rocksdb.BuiltinBloomFilter
  whole_key_filtering: 1
  verify_compression: 0
  read_amp_bytes_per_bit: 0
  format_version: 0
  enable_index_compression: 1
  block_align: 0
2022/06/10-16:39:28.472627 7f9e4017b700        Options.write_buffer_size: 16777216
2022/06/10-16:39:28.472627 7f9e4017b700  Options.max_write_buffer_number: 3
2022/06/10-16:39:28.472628 7f9e4017b700          Options.compression: NoCompression
2022/06/10-16:39:28.472629 7f9e4017b700                  Options.bottommost_compression: Disabled
2022/06/10-16:39:28.472630 7f9e4017b700       Options.prefix_extractor: nullptr
2022/06/10-16:39:28.472630 7f9e4017b700   Options.memtable_insert_with_hint_prefix_extractor: nullptr
2022/06/10-16:39:28.472631 7f9e4017b700             Options.num_levels: 7
2022/06/10-16:39:28.472632 7f9e4017b700        Options.min_write_buffer_number_to_merge: 1
2022/06/10-16:39:28.472632 7f9e4017b700     Options.max_write_buffer_number_to_maintain: 0
2022/06/10-16:39:28.472633 7f9e4017b700            Options.bottommost_compression_opts.window_bits: -14
2022/06/10-16:39:28.472633 7f9e4017b700                  Options.bottommost_compression_opts.level: 32767
2022/06/10-16:39:28.472634 7f9e4017b700               Options.bottommost_compression_opts.strategy: 0
2022/06/10-16:39:28.472635 7f9e4017b700         Options.bottommost_compression_opts.max_dict_bytes: 0
2022/06/10-16:39:28.472635 7f9e4017b700         Options.bottommost_compression_opts.zstd_max_train_bytes: 0
2022/06/10-16:39:28.472636 7f9e4017b700                  Options.bottommost_compression_opts.enabled: false
2022/06/10-16:39:28.472637 7f9e4017b700            Options.compression_opts.window_bits: -14
2022/06/10-16:39:28.472637 7f9e4017b700                  Options.compression_opts.level: 32767
2022/06/10-16:39:28.472638 7f9e4017b700               Options.compression_opts.strategy: 0
2022/06/10-16:39:28.472638 7f9e4017b700         Options.compression_opts.max_dict_bytes: 0
2022/06/10-16:39:28.472639 7f9e4017b700         Options.compression_opts.zstd_max_train_bytes: 0
2022/06/10-16:39:28.472639 7f9e4017b700                  Options.compression_opts.enabled: false
2022/06/10-16:39:28.472640 7f9e4017b700      Options.level0_file_num_compaction_trigger: 4
2022/06/10-16:39:28.472641 7f9e4017b700          Options.level0_slowdown_writes_trigger: 20
2022/06/10-16:39:28.472641 7f9e4017b700              Options.level0_stop_writes_trigger: 36
2022/06/10-16:39:28.472642 7f9e4017b700                   Options.target_file_size_base: 67108864
2022/06/10-16:39:28.472642 7f9e4017b700             Options.target_file_size_multiplier: 1
2022/06/10-16:39:28.472643 7f9e4017b700                Options.max_bytes_for_level