2022/06/08-16:32:36.709250 7efee9b7b700 RocksDB version: 5.18.4
2022/06/08-16:32:36.709280 7efee9b7b700 Git sha rocksdb_build_git_sha:
2022/06/08-16:32:36.709281 7efee9b7b700 Compile date Mar 11 2020
2022/06/08-16:32:36.709283 7efee9b7b700 DB SUMMARY
2022/06/08-16:32:36.709297 7efee9b7b700 CURRENT file:  CURRENT
2022/06/08-16:32:36.709298 7efee9b7b700 IDENTITY file:  IDENTITY
2022/06/08-16:32:36.709301 7efee9b7b700 MANIFEST file:  MANIFEST-000001 size: 13 Bytes
2022/06/08-16:32:36.709302 7efee9b7b700 SST files in /home/ANT.AMAZON.COM/stefler/Documents/university/cloud-services/WikipediaStats/src/streams/./local-streams/kafka-streams-wiki/44_0/rocksdb/hour-per-userType-active-users dir, Total Num: 0, files: 
2022/06/08-16:32:36.709304 7efee9b7b700 Write Ahead Log file in /home/ANT.AMAZON.COM/stefler/Documents/university/cloud-services/WikipediaStats/src/streams/./local-streams/kafka-streams-wiki/44_0/rocksdb/hour-per-userType-active-users: 000003.log size: 0 ; 
2022/06/08-16:32:36.709305 7efee9b7b700                         Options.error_if_exists: 0
2022/06/08-16:32:36.709306 7efee9b7b700                       Options.create_if_missing: 1
2022/06/08-16:32:36.709307 7efee9b7b700                         Options.paranoid_checks: 1
2022/06/08-16:32:36.709308 7efee9b7b700                                     Options.env: 0x7efe57ffbfa0
2022/06/08-16:32:36.709309 7efee9b7b700                                Options.info_log: 0x7efe9edc9750
2022/06/08-16:32:36.709309 7efee9b7b700                Options.max_file_opening_threads: 16
2022/06/08-16:32:36.709310 7efee9b7b700                              Options.statistics: (nil)
2022/06/08-16:32:36.709311 7efee9b7b700                               Options.use_fsync: 0
2022/06/08-16:32:36.709312 7efee9b7b700                       Options.max_log_file_size: 0
2022/06/08-16:32:36.709313 7efee9b7b700                  Options.max_manifest_file_size: 1073741824
2022/06/08-16:32:36.709314 7efee9b7b700                   Options.log_file_time_to_roll: 0
2022/06/08-16:32:36.709314 7efee9b7b700                       Options.keep_log_file_num: 1000
2022/06/08-16:32:36.709315 7efee9b7b700                    Options.recycle_log_file_num: 0
2022/06/08-16:32:36.709316 7efee9b7b700                         Options.allow_fallocate: 1
2022/06/08-16:32:36.709316 7efee9b7b700                        Options.allow_mmap_reads: 0
2022/06/08-16:32:36.709317 7efee9b7b700                       Options.allow_mmap_writes: 0
2022/06/08-16:32:36.709318 7efee9b7b700                        Options.use_direct_reads: 0
2022/06/08-16:32:36.709319 7efee9b7b700                        Options.use_direct_io_for_flush_and_compaction: 0
2022/06/08-16:32:36.709320 7efee9b7b700          Options.create_missing_column_families: 0
2022/06/08-16:32:36.709320 7efee9b7b700                              Options.db_log_dir: 
2022/06/08-16:32:36.709321 7efee9b7b700                                 Options.wal_dir: /home/ANT.AMAZON.COM/stefler/Documents/university/cloud-services/WikipediaStats/src/streams/./local-streams/kafka-streams-wiki/44_0/rocksdb/hour-per-userType-active-users
2022/06/08-16:32:36.709322 7efee9b7b700                Options.table_cache_numshardbits: 6
2022/06/08-16:32:36.709323 7efee9b7b700                      Options.max_subcompactions: 1
2022/06/08-16:32:36.709324 7efee9b7b700                  Options.max_background_flushes: -1
2022/06/08-16:32:36.709324 7efee9b7b700                         Options.WAL_ttl_seconds: 0
2022/06/08-16:32:36.709325 7efee9b7b700                       Options.WAL_size_limit_MB: 0
2022/06/08-16:32:36.709326 7efee9b7b700             Options.manifest_preallocation_size: 4194304
2022/06/08-16:32:36.709327 7efee9b7b700                     Options.is_fd_close_on_exec: 1
2022/06/08-16:32:36.709327 7efee9b7b700                   Options.advise_random_on_open: 1
2022/06/08-16:32:36.709328 7efee9b7b700                    Options.db_write_buffer_size: 0
2022/06/08-16:32:36.709329 7efee9b7b700                    Options.write_buffer_manager: 0x7efe9edcc5c0
2022/06/08-16:32:36.709330 7efee9b7b700         Options.access_hint_on_compaction_start: 1
2022/06/08-16:32:36.709330 7efee9b7b700  Options.new_table_reader_for_compaction_inputs: 0
2022/06/08-16:32:36.709336 7efee9b7b700           Options.random_access_max_buffer_size: 1048576
2022/06/08-16:32:36.709337 7efee9b7b700                      Options.use_adaptive_mutex: 0
2022/06/08-16:32:36.709337 7efee9b7b700                            Options.rate_limiter: (nil)
2022/06/08-16:32:36.709338 7efee9b7b700     Options.sst_file_manager.rate_bytes_per_sec: 0
2022/06/08-16:32:36.709339 7efee9b7b700                       Options.wal_recovery_mode: 2
2022/06/08-16:32:36.709340 7efee9b7b700                  Options.enable_thread_tracking: 0
2022/06/08-16:32:36.709341 7efee9b7b700                  Options.enable_pipelined_write: 0
2022/06/08-16:32:36.709341 7efee9b7b700         Options.allow_concurrent_memtable_write: 1
2022/06/08-16:32:36.709342 7efee9b7b700      Options.enable_write_thread_adaptive_yield: 1
2022/06/08-16:32:36.709343 7efee9b7b700             Options.write_thread_max_yield_usec: 100
2022/06/08-16:32:36.709344 7efee9b7b700            Options.write_thread_slow_yield_usec: 3
2022/06/08-16:32:36.709344 7efee9b7b700                               Options.row_cache: None
2022/06/08-16:32:36.709345 7efee9b7b700                              Options.wal_filter: None
2022/06/08-16:32:36.709346 7efee9b7b700             Options.avoid_flush_during_recovery: 0
2022/06/08-16:32:36.709347 7efee9b7b700             Options.allow_ingest_behind: 0
2022/06/08-16:32:36.709347 7efee9b7b700             Options.preserve_deletes: 0
2022/06/08-16:32:36.709348 7efee9b7b700             Options.two_write_queues: 0
2022/06/08-16:32:36.709349 7efee9b7b700             Options.manual_wal_flush: 0
2022/06/08-16:32:36.709350 7efee9b7b700             Options.max_background_jobs: 8
2022/06/08-16:32:36.709350 7efee9b7b700             Options.max_background_compactions: -1
2022/06/08-16:32:36.709351 7efee9b7b700             Options.avoid_flush_during_shutdown: 0
2022/06/08-16:32:36.709352 7efee9b7b700           Options.writable_file_max_buffer_size: 1048576
2022/06/08-16:32:36.709353 7efee9b7b700             Options.delayed_write_rate : 16777216
2022/06/08-16:32:36.709354 7efee9b7b700             Options.max_total_wal_size: 0
2022/06/08-16:32:36.709354 7efee9b7b700             Options.delete_obsolete_files_period_micros: 21600000000
2022/06/08-16:32:36.709355 7efee9b7b700                   Options.stats_dump_period_sec: 600
2022/06/08-16:32:36.709356 7efee9b7b700                          Options.max_open_files: -1
2022/06/08-16:32:36.709357 7efee9b7b700                          Options.bytes_per_sync: 0
2022/06/08-16:32:36.709358 7efee9b7b700                      Options.wal_bytes_per_sync: 0
2022/06/08-16:32:36.709358 7efee9b7b700       Options.compaction_readahead_size: 0
2022/06/08-16:32:36.709359 7efee9b7b700 Compression algorithms supported:
2022/06/08-16:32:36.709360 7efee9b7b700 	kZSTDNotFinalCompression supported: 1
2022/06/08-16:32:36.709362 7efee9b7b700 	kZSTD supported: 1
2022/06/08-16:32:36.709363 7efee9b7b700 	kXpressCompression supported: 0
2022/06/08-16:32:36.709364 7efee9b7b700 	kLZ4HCCompression supported: 1
2022/06/08-16:32:36.709365 7efee9b7b700 	kLZ4Compression supported: 1
2022/06/08-16:32:36.709366 7efee9b7b700 	kBZip2Compression supported: 1
2022/06/08-16:32:36.709367 7efee9b7b700 	kZlibCompression supported: 1
2022/06/08-16:32:36.709368 7efee9b7b700 	kSnappyCompression supported: 1
2022/06/08-16:32:36.709369 7efee9b7b700 Fast CRC32 supported: Not supported on x86
2022/06/08-16:32:36.709475 7efee9b7b700               Options.comparator: leveldb.BytewiseComparator
2022/06/08-16:32:36.709476 7efee9b7b700           Options.merge_operator: None
2022/06/08-16:32:36.709476 7efee9b7b700        Options.compaction_filter: None
2022/06/08-16:32:36.709477 7efee9b7b700        Options.compaction_filter_factory: None
2022/06/08-16:32:36.709478 7efee9b7b700         Options.memtable_factory: SkipListFactory
2022/06/08-16:32:36.709479 7efee9b7b700            Options.table_factory: BlockBasedTable
2022/06/08-16:32:36.709502 7efee9b7b700            table_factory options:   flush_block_policy_factory: FlushBlockBySizePolicyFactory (0x7efe9ee0bde0)
  cache_index_and_filter_blocks: 0
  cache_index_and_filter_blocks_with_high_priority: 0
  pin_l0_filter_and_index_blocks_in_cache: 0
  pin_top_level_index_and_filter: 1
  index_type: 0
  hash_index_allow_collision: 1
  checksum: 1
  no_block_cache: 0
  block_cache: 0x7efe9edbffd0
  block_cache_name: LRUCache
  block_cache_options:
    capacity : 52428800
    num_shard_bits : 6
    strict_capacity_limit : 0
    memory_allocator : None
    high_pri_pool_ratio: 0.000
  block_cache_compressed: (nil)
  persistent_cache: (nil)
  block_size: 4096
  block_size_deviation: 10
  block_restart_interval: 16
  index_block_restart_interval: 1
  metadata_block_size: 4096
  partition_filters: 0
  use_delta_encoding: 1
  filter_policy: rocksdb.BuiltinBloomFilter
  whole_key_filtering: 1
  verify_compression: 0
  read_amp_bytes_per_bit: 0
  format_version: 0
  enable_index_compression: 1
  block_align: 0
2022/06/08-16:32:36.709508 7efee9b7b700        Options.write_buffer_size: 16777216
2022/06/08-16:32:36.709509 7efee9b7b700  Options.max_write_buffer_number: 3
2022/06/08-16:32:36.709510 7efee9b7b700          Options.compression: NoCompression
2022/06/08-16:32:36.709511 7efee9b7b700                  Options.bottommost_compression: Disabled
2022/06/08-16:32:36.709512 7efee9b7b700       Options.prefix_extractor: nullptr
2022/06/08-16:32:36.709513 7efee9b7b700   Options.memtable_insert_with_hint_prefix_extractor: nullptr
2022/06/08-16:32:36.709513 7efee9b7b700             Options.num_levels: 7
2022/06/08-16:32:36.709514 7efee9b7b700        Options.min_write_buffer_number_to_merge: 1
2022/06/08-16:32:36.709515 7efee9b7b700     Options.max_write_buffer_number_to_maintain: 0
2022/06/08-16:32:36.709516 7efee9b7b700            Options.bottommost_compression_opts.window_bits: -14
2022/06/08-16:32:36.709517 7efee9b7b700                  Options.bottommost_compression_opts.level: 32767
2022/06/08-16:32:36.709517 7efee9b7b700               Options.bottommost_compression_opts.strategy: 0
2022/06/08-16:32:36.709518 7efee9b7b700         Options.bottommost_compression_opts.max_dict_bytes: 0
2022/06/08-16:32:36.709519 7efee9b7b700         Options.bottommost_compression_opts.zstd_max_train_bytes: 0
2022/06/08-16:32:36.709519 7efee9b7b700                  Options.bottommost_compression_opts.enabled: false
2022/06/08-16:32:36.709520 7efee9b7b700            Options.compression_opts.window_bits: -14
2022/06/08-16:32:36.709521 7efee9b7b700                  Options.compression_opts.level: 32767
2022/06/08-16:32:36.709522 7efee9b7b700               Options.compression_opts.strategy: 0
2022/06/08-16:32:36.709523 7efee9b7b700         Options.compression_opts.max_dict_bytes: 0
2022/06/08-16:32:36.709523 7efee9b7b700         Options.compression_opts.zstd_max_train_bytes: 0
2022/06/08-16:32:36.709524 7efee9b7b700                  Options.compression_opts.enabled: false
2022/06/08-16:32:36.709525 7efee9b7b700      Options.level0_file_num_compaction_trigger: 4
2022/06/08-16:32:36.709526 7efee9b7b700          Options.level0_slowdown_writes_trigger: 20
2022/06/08-16:32:36.709527 7efee9b7b700              Options.level0_stop_writes_trigger: 36
2022/06/08-16:32:36.709527 7efee9b7b700                   Options.target_file_size_base: 67108864
2022/06/08-16:32:36.709528 7efee9b7b700             Options.target_file_size_multiplier: 1
2022/06/08-16:32:36.709529 7efee9b7b700                Options.max_bytes_for_level_base: 268435456
2022/06/08-16:32:36.709530 7efee9b7b700 Options.level_compaction_dynamic_level_bytes: 0
2022/06/08-16:32:36.709531 7efee9b7b700          Options.max_bytes_for_level_multiplier: 10.000000
2022/06/08-16:32:36.709532 7efee9b7b700 Options.max_bytes_for_level_multiplier_addtl[0]: 1
2022/06/08-16:32:36.709533 7efee9b7b700 Options.max_bytes_for_level_multiplier_addtl[1]: 1
2022/06/08-16:32:36.709534 7efee9b7b700 Options.max_bytes_for_level_multiplier_addtl[2]: 1
2022/06/08-16:32:36.709535 7efee9b7b700 Options.max_bytes_for_level_multiplier_addtl[3]: 1
2022/06/08-16:32:36.709536 7efee9b7b700 Options.max_bytes_for_level_multiplier_addtl[4]: 1
2022/06/08-16:32:36.709540 7efee9b7b700 Options.max_bytes_for_level_multiplier_addtl[5]: 1
2022/06/08-16:32:36.709540 7efee9b7b700 Options.max_bytes_for_level_multiplier_addtl[6]: 1
2022/06/08-16:32:36.709541 7efee9b7b700       Options.max_sequential_skip_in_iterations: 8
2022/06/08-16:32:36.709542 7efee9b7b700                    Options.max_compaction_bytes: 1677721600
2022/06/08-16:32:36.709543 7efee9b7b700                        Options.arena_block_size: 2097152
2022/06/08-16:32:36.709543 7efee9b7b700   Options.soft_pending_compaction_bytes_limit: 68719476736
2022/06/08-16:32:36.709544 7efee9b7b700   Options.hard_pending_compaction_bytes_limit: 274877906944
2022/06/08-16:32:36.709545 7efee9b7b700       Options.rate_limit_delay_max_milliseconds: 100
2022/06/08-16:32:36.709546 7efee9b7b700                Options.disable_auto_compactions: 0
2022/06/08-16:32:36.709547 7efee9b7b700                        Options.compaction_style: kCompactionStyleUniversal
2022/06/08-16:32:36.709548 7efee9b7b700                          Options.compaction_pri: kByCompensatedSize
2022/06/08-16:32:36.709549 7efee9b7b700 Options.compaction_options_universal.size_ratio: 1
2022/06/08-16:32:36.709550 7efee9b7b700 Options.compaction_options_universal.min_merge_width: 2
2022/06/08-16:32:36.709551 7efee9b7b700 Options.compaction_options_universal.max_merge_width: 4294967295
2022/06/08-16:32:36.709552 7efee9b7b700 Options.compaction_options_universal.max_size_amplification_percent: 200
2022/06/08-16:32:36.709552 7efee9b7b700 Options.compaction_options_universal.compression_size_percent: -1
2022/06/08-16:32:36.709553 7efee9b7b700 Options.compaction_options_universal.stop_style: kCompactionStopStyleTotalSize
2022/06/08-16:32:36.709554 7efee9b7b700 Options.compaction_options_fifo.max_table_files_size: 1073741824
2022/06/08-16:32:36.709555 7efee9b7b700 Options.compaction_options_fifo.allow_compaction: 0
2022/06/08-16:32:36.709556 7efee9b7b700 Options.compaction_options_fifo.ttl: 0
2022/06/08-16:32:36.709556 7efee9b7b700                   Options.table_properties_collectors: 
2022/06/08-16:32:36.709557 7efee9b7b700                   Options.inplace_update_support: 0
2022/06/08-16:32:36.709558 7efee9b7b700                 Options.inplace_update_num_locks: 10000
2022/06/08-16:32:36.709559 7efee9b7b700               Options.memtable_prefix_bloom_size_ratio: 0.000000
2022/06/08-16:32:36.709560 7efee9b7b700   Options.memtable_huge_page_size: 0
2022/06/08-16:32:36.709560 7efee9b7b700                           Options.bloom_locality: 0
2022/06/08-16:32:36.709561 7efee9b7b700                    Options.max_successive_merges: 0
2022/06/08-16:32:36.709562 7efee9b7b700                Options.optimize_filters_for_hits: 0
2022/06/08-16:32:36.709563 7efee9b7b700                Options.paranoid_file_checks: 0
2022/06/08-16:32:36.709563 7efee9b7b700                Options.force_consistency_checks: 0
2022/06/08-16:32:36.709564 7efee9b7b700                Options.report_bg_io_stats: 0
2022/06/08-16:32:36.709565 7efee9b7b700                               Options.ttl: 0
2022/06/08-16:32:36.719794 7efee9b7b700               Options.comparator: leveldb.BytewiseComparator
2022/06/08-16:32:36.719801 7efee9b7b700           Options.merge_operator: None
2022/06/08-16:32:36.719802 7efee9b7b700        Options.compaction_filter: None
2022/06/08-16:32:36.719803 7efee9b7b700        Options.compaction_filter_factory: None
2022/06/08-16:32:36.719803 7efee9b7b700         Options.memtable_factory: SkipListFactory
2022/06/08-16:32:36.719804 7efee9b7b700            Options.table_factory: BlockBasedTable
2022/06/08-16:32:36.719830 7efee9b7b700            table_factory options:   flush_block_policy_factory: FlushBlockBySizePolicyFactory (0x7efe9ee0bde0)
  cache_index_and_filter_blocks: 0
  cache_index_and_filter_blocks_with_high_priority: 0
  pin_l0_filter_and_index_blocks_in_cache: 0
  pin_top_level_index_and_filter: 1
  index_type: 0
  hash_index_allow_collision: 1
  checksum: 1
  no_block_cache: 0
  block_cache: 0x7efe9edbffd0
  block_cache_name: LRUCache
  block_cache_options:
    capacity : 52428800
    num_shard_bits : 6
    strict_capacity_limit : 0
    memory_allocator : None
    high_pri_pool_ratio: 0.000
  block_cache_compressed: (nil)
  persistent_cache: (nil)
  block_size: 4096
  block_size_deviation: 10
  block_restart_interval: 16
  index_block_restart_interval: 1
  metadata_block_size: 4096
  partition_filters: 0
  use_delta_encoding: 1
  filter_policy: rocksdb.BuiltinBloomFilter
  whole_key_filtering: 1
  verify_compression: 0
  read_amp_bytes_per_bit: 0
  format_version: 0
  enable_index_compression: 1
  block_align: 0
2022/06/08-16:32:36.719832 7efee9b7b700        Options.write_buffer_size: 16777216
2022/06/08-16:32:36.719833 7efee9b7b700  Options.max_write_buffer_number: 3
2022/06/08-16:32:36.719834 7efee9b7b700          Options.compression: NoCompression
2022/06/08-16:32:36.719835 7efee9b7b700                  Options.bottommost_compression: Disabled
2022/06/08-16:32:36.719836 7efee9b7b700       Options.prefix_extractor: nullptr
2022/06/08-16:32:36.719837 7efee9b7b700   Options.memtable_insert_with_hint_prefix_extractor: nullptr
2022/06/08-16:32:36.719838 7efee9b7b700             Options.num_levels: 7
2022/06/08-16:32:36.719838 7efee9b7b700        Options.min_write_buffer_number_to_merge: 1
2022/06/08-16:32:36.719839 7efee9b7b700     Options.max_write_buffer_number_to_maintain: 0
2022/06/08-16:32:36.719840 7efee9b7b700            Options.bottommost_compression_opts.window_bits: -14
2022/06/08-16:32:36.719841 7efee9b7b700                  Options.bottommost_compression_opts.level: 32767
2022/06/08-16:32:36.719841 7efee9b7b700               Options.bottommost_compression_opts.strategy: 0
2022/06/08-16:32:36.719842 7efee9b7b700         Options.bottommost_compression_opts.max_dict_bytes: 0
2022/06/08-16:32:36.719843 7efee9b7b700         Options.bottommost_compression_opts.zstd_max_train_bytes: 0
2022/06/08-16:32:36.719844 7efee9b7b700                  Options.bottommost_compression_opts.enabled: false
2022/06/08-16:32:36.719845 7efee9b7b700            Options.compression_opts.window_bits: -14
2022/06/08-16:32:36.719846 7efee9b7b700                  Options.compression_opts.level: 32767
2022/06/08-16:32:36.719847 7efee9b7b700               Options.compression_opts.strategy: 0
2022/06/08-16:32:36.719847 7efee9b7b700         Options.compression_opts.max_dict_bytes: 0
2022/06/08-16:32:36.719848 7efee9b7b700         Options.compression_opts.zstd_max_train_bytes: 0
2022/06/08-16:32:36.719849 7efee9b7b700                  Options.compression_opts.enabled: false
2022/06/08-16:32:36.719849 7efee9b7b700      Options.level0_file_num_compaction_trigger: 4
2022/06/08-16:32:36.719850 7efee9b7b700          Options.level0_slowdown_writes_trigger: 20
2022/06/08-16:32:36.719851 7efee9b7b700              Options.level0_stop_writes_trigger: 36
2022/06/08-16:32:36.719852 7efee9b7b700                   Options.target_file_size_base: 67108864
2022/06/08-16:32:36.719853 7efee9b7b700             Options.target_file_size_multiplier: 1
2022/06/08-16:32:36.719853 7efee9b7b700                Options.max_bytes_for_level_base: 268435456
2022/06/08-16:32:36.719870 7efee9b7b700 Options.level_compaction_dynamic_level_bytes: 0
2022/06/08-16:32:36.719870 7efee9b7b700          Options.max_bytes_for_level_multiplier: 10.000000
2022/06/08-16:32:36.719872 7efee9b7b700 Options.max_bytes_for_level_multiplier_addtl[0]: 1
2022/06/08-16:32:36.719873 7efee9b7b700 Options.max_bytes_for_level_multiplier_addtl[1]: 1
2022/06/08-16:32:36.719874 7efee9b7b700 Options.max_bytes_for_level_multiplier_addtl[2]: 1
2022/06/08-16:32:36.719875 7efee9b7b700 Options.max_bytes_for_level_multiplier_addtl[3]: 1
2022/06/08-16:32:36.719875 7efee9b7b700 Options.max_bytes_for_level_multiplier_addtl[4]: 1
2022/06/08-16:32:36.719876 7efee9b7b700 Options.max_bytes_for_level_multiplier_addtl[5]: 1
2022/06/08-16:32:36.719877 7efee9b7b700 Options.max_bytes_for_level_multiplier_addtl[6]: 1
2022/06/08-16:32:36.719878 7efee9b7b700       Options.max_sequential_skip_in_iterations: 8
2022/06/08-16:32:36.719879 7efee9b7b700                    Options.max_compaction_bytes: 1677721600
2022/06/08-16:32:36.719879 7efee9b7b700                        Options.arena_block_size: 2097152
2022/06/08-16:32:36.719880 7efee9b7b700   Options.soft_pending_compaction_bytes_limit: 68719476736
2022/06/08-16:32:36.719881 7efee9b7b700   Options.hard_pending_compaction_bytes_limit: 274877906944
2022/06/08-16:32:36.719882 7efee9b7b700       Options.rate_limit_delay_max_milliseconds: 100
2022/06/08-16:32:36.719883 7efee9b7b700                Options.disable_auto_compactions: 0
2022/06/08-16:32:36.719884 7efee9b7b700                        Options.compaction_style: kCompactionStyleUniversal
2022/06/08-16:32:36.719885 7efee9b7b700                          Options.compaction_pri: kByCompensatedSize
2022/06/08-16:32:36.719886 7efee9b7b700 Options.compaction_options_universal.size_ratio: 1
2022/06/08-16:32:36.719886 7efee9b7b700 Options.compaction_options_universal.min_merge_width: 2
2022/06/08-16:32:36.719887 7efee9b7b700 Options.compaction_options_universal.max_merge_width: 4294967295
2022/06/08-16:32:36.719888 7efee9b7b700 Options.compaction_options_universal.max_size_amplification_percent: 200
2022/06/08-16:32:36.719888 7efee9b7b700 Options.compaction_options_universal.compression_size_percent: -1
2022/06/08-16:32:36.719889 7efee9b7b700 Options.compaction_options_universal.stop_style: kCompactionStopStyleTotalSize
2022/06/08-16:32:36.719890 7efee9b7b700 Options.compaction_options_fifo.max_table_files_size: 1073741824
2022/06/08-16:32:36.719891 7efee9b7b700 Options.compaction_options_fifo.allow_compaction: 0
2022/06/08-16:32:36.719891 7efee9b7b700 Options.compaction_options_fifo.ttl: 0
2022/06/08-16:32:36.719892 7efee9b7b700                   Options.table_properties_collectors: 
2022/06/08-16:32:36.719893 7efee9b7b700                   Options.inplace_update_support: 0
2022/06/08-16:32:36.719894 7efee9b7b700                 Options.inplace_update_num_locks: 10000
2022/06/08-16:32:36.719895 7efee9b7b700               Options.memtable_prefix_bloom_size_ratio: 0.000000
2022/06/08-16:32:36.719896 7efee9b7b700   Options.memtable_huge_page_size: 0
2022/06/08-16:32:36.719896 7efee9b7b700                           Options.bloom_locality: 0
2022/06/08-16:32:36.719897 7efee9b7b700                    Options.max_successive_merges: 0
2022/06/08-16:32:36.719898 7efee9b7b700                Options.optimize_filters_for_hits: 0
2022/06/08-16:32:36.719899 7efee9b7b700                Options.paranoid_file_checks: 0
2022/06/08-16:32:36.719900 7efee9b7b700                Options.force_consistency_checks: 0
2022/06/08-16:32:36.719900 7efee9b7b700                Options.report_bg_io_stats: 0
2022/06/08-16:32:36.719901 7efee9b7b700                               Options.ttl: 0
