2022/06/12-10:59:20.456560 7f07773f9700 RocksDB version: 5.18.4
2022/06/12-10:59:20.456574 7f07773f9700 Git sha rocksdb_build_git_sha:
2022/06/12-10:59:20.456575 7f07773f9700 Compile date Mar 11 2020
2022/06/12-10:59:20.456575 7f07773f9700 DB SUMMARY
2022/06/12-10:59:20.456585 7f07773f9700 CURRENT file:  CURRENT
2022/06/12-10:59:20.456585 7f07773f9700 IDENTITY file:  IDENTITY
2022/06/12-10:59:20.456587 7f07773f9700 MANIFEST file:  MANIFEST-000001 size: 13 Bytes
2022/06/12-10:59:20.456588 7f07773f9700 SST files in /home/ANT.AMAZON.COM/stefler/Documents/university/cloud-services/WikipediaStats/src/streams/./local-streams/kafka-streams-wiki/8_3/rocksdb/hour-all-countPagesModified dir, Total Num: 0, files: 
2022/06/12-10:59:20.456588 7f07773f9700 Write Ahead Log file in /home/ANT.AMAZON.COM/stefler/Documents/university/cloud-services/WikipediaStats/src/streams/./local-streams/kafka-streams-wiki/8_3/rocksdb/hour-all-countPagesModified: 000003.log size: 0 ; 
2022/06/12-10:59:20.456589 7f07773f9700                         Options.error_if_exists: 0
2022/06/12-10:59:20.456590 7f07773f9700                       Options.create_if_missing: 1
2022/06/12-10:59:20.456590 7f07773f9700                         Options.paranoid_checks: 1
2022/06/12-10:59:20.456590 7f07773f9700                                     Options.env: 0x7f0775d39fa0
2022/06/12-10:59:20.456591 7f07773f9700                                Options.info_log: 0x7f07648fe7a0
2022/06/12-10:59:20.456591 7f07773f9700                Options.max_file_opening_threads: 16
2022/06/12-10:59:20.456592 7f07773f9700                              Options.statistics: (nil)
2022/06/12-10:59:20.456592 7f07773f9700                               Options.use_fsync: 0
2022/06/12-10:59:20.456593 7f07773f9700                       Options.max_log_file_size: 0
2022/06/12-10:59:20.456593 7f07773f9700                  Options.max_manifest_file_size: 1073741824
2022/06/12-10:59:20.456594 7f07773f9700                   Options.log_file_time_to_roll: 0
2022/06/12-10:59:20.456594 7f07773f9700                       Options.keep_log_file_num: 1000
2022/06/12-10:59:20.456594 7f07773f9700                    Options.recycle_log_file_num: 0
2022/06/12-10:59:20.456595 7f07773f9700                         Options.allow_fallocate: 1
2022/06/12-10:59:20.456595 7f07773f9700                        Options.allow_mmap_reads: 0
2022/06/12-10:59:20.456596 7f07773f9700                       Options.allow_mmap_writes: 0
2022/06/12-10:59:20.456596 7f07773f9700                        Options.use_direct_reads: 0
2022/06/12-10:59:20.456596 7f07773f9700                        Options.use_direct_io_for_flush_and_compaction: 0
2022/06/12-10:59:20.456597 7f07773f9700          Options.create_missing_column_families: 0
2022/06/12-10:59:20.456597 7f07773f9700                              Options.db_log_dir: 
2022/06/12-10:59:20.456598 7f07773f9700                                 Options.wal_dir: /home/ANT.AMAZON.COM/stefler/Documents/university/cloud-services/WikipediaStats/src/streams/./local-streams/kafka-streams-wiki/8_3/rocksdb/hour-all-countPagesModified
2022/06/12-10:59:20.456598 7f07773f9700                Options.table_cache_numshardbits: 6
2022/06/12-10:59:20.456599 7f07773f9700                      Options.max_subcompactions: 1
2022/06/12-10:59:20.456599 7f07773f9700                  Options.max_background_flushes: -1
2022/06/12-10:59:20.456599 7f07773f9700                         Options.WAL_ttl_seconds: 0
2022/06/12-10:59:20.456600 7f07773f9700                       Options.WAL_size_limit_MB: 0
2022/06/12-10:59:20.456600 7f07773f9700             Options.manifest_preallocation_size: 4194304
2022/06/12-10:59:20.456601 7f07773f9700                     Options.is_fd_close_on_exec: 1
2022/06/12-10:59:20.456601 7f07773f9700                   Options.advise_random_on_open: 1
2022/06/12-10:59:20.456602 7f07773f9700                    Options.db_write_buffer_size: 0
2022/06/12-10:59:20.456602 7f07773f9700                    Options.write_buffer_manager: 0x7f076498e440
2022/06/12-10:59:20.456602 7f07773f9700         Options.access_hint_on_compaction_start: 1
2022/06/12-10:59:20.456603 7f07773f9700  Options.new_table_reader_for_compaction_inputs: 0
2022/06/12-10:59:20.456606 7f07773f9700           Options.random_access_max_buffer_size: 1048576
2022/06/12-10:59:20.456607 7f07773f9700                      Options.use_adaptive_mutex: 0
2022/06/12-10:59:20.456607 7f07773f9700                            Options.rate_limiter: (nil)
2022/06/12-10:59:20.456608 7f07773f9700     Options.sst_file_manager.rate_bytes_per_sec: 0
2022/06/12-10:59:20.456608 7f07773f9700                       Options.wal_recovery_mode: 2
2022/06/12-10:59:20.456608 7f07773f9700                  Options.enable_thread_tracking: 0
2022/06/12-10:59:20.456609 7f07773f9700                  Options.enable_pipelined_write: 0
2022/06/12-10:59:20.456609 7f07773f9700         Options.allow_concurrent_memtable_write: 1
2022/06/12-10:59:20.456610 7f07773f9700      Options.enable_write_thread_adaptive_yield: 1
2022/06/12-10:59:20.456610 7f07773f9700             Options.write_thread_max_yield_usec: 100
2022/06/12-10:59:20.456611 7f07773f9700            Options.write_thread_slow_yield_usec: 3
2022/06/12-10:59:20.456611 7f07773f9700                               Options.row_cache: None
2022/06/12-10:59:20.456611 7f07773f9700                              Options.wal_filter: None
2022/06/12-10:59:20.456612 7f07773f9700             Options.avoid_flush_during_recovery: 0
2022/06/12-10:59:20.456612 7f07773f9700             Options.allow_ingest_behind: 0
2022/06/12-10:59:20.456613 7f07773f9700             Options.preserve_deletes: 0
2022/06/12-10:59:20.456613 7f07773f9700             Options.two_write_queues: 0
2022/06/12-10:59:20.456613 7f07773f9700             Options.manual_wal_flush: 0
2022/06/12-10:59:20.456614 7f07773f9700             Options.max_background_jobs: 8
2022/06/12-10:59:20.456614 7f07773f9700             Options.max_background_compactions: -1
2022/06/12-10:59:20.456615 7f07773f9700             Options.avoid_flush_during_shutdown: 0
2022/06/12-10:59:20.456615 7f07773f9700           Options.writable_file_max_buffer_size: 1048576
2022/06/12-10:59:20.456615 7f07773f9700             Options.delayed_write_rate : 16777216
2022/06/12-10:59:20.456616 7f07773f9700             Options.max_total_wal_size: 0
2022/06/12-10:59:20.456616 7f07773f9700             Options.delete_obsolete_files_period_micros: 21600000000
2022/06/12-10:59:20.456617 7f07773f9700                   Options.stats_dump_period_sec: 600
2022/06/12-10:59:20.456617 7f07773f9700                          Options.max_open_files: -1
2022/06/12-10:59:20.456618 7f07773f9700                          Options.bytes_per_sync: 0
2022/06/12-10:59:20.456618 7f07773f9700                      Options.wal_bytes_per_sync: 0
2022/06/12-10:59:20.456618 7f07773f9700       Options.compaction_readahead_size: 0
2022/06/12-10:59:20.456619 7f07773f9700 Compression algorithms supported:
2022/06/12-10:59:20.456619 7f07773f9700 	kZSTDNotFinalCompression supported: 1
2022/06/12-10:59:20.456620 7f07773f9700 	kZSTD supported: 1
2022/06/12-10:59:20.456621 7f07773f9700 	kXpressCompression supported: 0
2022/06/12-10:59:20.456621 7f07773f9700 	kLZ4HCCompression supported: 1
2022/06/12-10:59:20.456621 7f07773f9700 	kLZ4Compression supported: 1
2022/06/12-10:59:20.456622 7f07773f9700 	kBZip2Compression supported: 1
2022/06/12-10:59:20.456622 7f07773f9700 	kZlibCompression supported: 1
2022/06/12-10:59:20.456623 7f07773f9700 	kSnappyCompression supported: 1
2022/06/12-10:59:20.456624 7f07773f9700 Fast CRC32 supported: Not supported on x86
2022/06/12-10:59:20.456679 7f07773f9700               Options.comparator: leveldb.BytewiseComparator
2022/06/12-10:59:20.456680 7f07773f9700           Options.merge_operator: None
2022/06/12-10:59:20.456680 7f07773f9700        Options.compaction_filter: None
2022/06/12-10:59:20.456681 7f07773f9700        Options.compaction_filter_factory: None
2022/06/12-10:59:20.456681 7f07773f9700         Options.memtable_factory: SkipListFactory
2022/06/12-10:59:20.456682 7f07773f9700            Options.table_factory: BlockBasedTable
2022/06/12-10:59:20.456693 7f07773f9700            table_factory options:   flush_block_policy_factory: FlushBlockBySizePolicyFactory (0x7f0764985d30)
  cache_index_and_filter_blocks: 0
  cache_index_and_filter_blocks_with_high_priority: 0
  pin_l0_filter_and_index_blocks_in_cache: 0
  pin_top_level_index_and_filter: 1
  index_type: 0
  hash_index_allow_collision: 1
  checksum: 1
  no_block_cache: 0
  block_cache: 0x7f0764940af0
  block_cache_name: LRUCache
  block_cache_options:
    capacity : 52428800
    num_shard_bits : 6
    strict_capacity_limit : 0
    memory_allocator : None
    high_pri_pool_ratio: 0.000
  block_cache_compressed: (nil)
  persistent_cache: (nil)
  block_size: 4096
  block_size_deviation: 10
  block_restart_interval: 16
  index_block_restart_interval: 1
  metadata_block_size: 4096
  partition_filters: 0
  use_delta_encoding: 1
  filter_policy: rocksdb.BuiltinBloomFilter
  whole_key_filtering: 1
  verify_compression: 0
  read_amp_bytes_per_bit: 0
  format_version: 0
  enable_index_compression: 1
  block_align: 0
2022/06/12-10:59:20.456697 7f07773f9700        Options.write_buffer_size: 16777216
2022/06/12-10:59:20.456697 7f07773f9700  Options.max_write_buffer_number: 3
2022/06/12-10:59:20.456698 7f07773f9700          Options.compression: NoCompression
2022/06/12-10:59:20.456698 7f07773f9700                  Options.bottommost_compression: Disabled
2022/06/12-10:59:20.456699 7f07773f9700       Options.prefix_extractor: nullptr
2022/06/12-10:59:20.456699 7f07773f9700   Options.memtable_insert_with_hint_prefix_extractor: nullptr
2022/06/12-10:59:20.456700 7f07773f9700             Options.num_levels: 7
2022/06/12-10:59:20.456700 7f07773f9700        Options.min_write_buffer_number_to_merge: 1
2022/06/12-10:59:20.456701 7f07773f9700     Options.max_write_buffer_number_to_maintain: 0
2022/06/12-10:59:20.456701 7f07773f9700            Options.bottommost_compression_opts.window_bits: -14
2022/06/12-10:59:20.456701 7f07773f9700                  Options.bottommost_compression_opts.level: 32767
2022/06/12-10:59:20.456702 7f07773f9700               Options.bottommost_compression_opts.strategy: 0
2022/06/12-10:59:20.456702 7f07773f9700         Options.bottommost_compression_opts.max_dict_bytes: 0
2022/06/12-10:59:20.456703 7f07773f9700         Options.bottommost_compression_opts.zstd_max_train_bytes: 0
2022/06/12-10:59:20.456703 7f07773f9700                  Options.bottommost_compression_opts.enabled: false
2022/06/12-10:59:20.456704 7f07773f9700            Options.compression_opts.window_bits: -14
2022/06/12-10:59:20.456704 7f07773f9700                  Options.compression_opts.level: 32767
2022/06/12-10:59:20.456704 7f07773f9700               Options.compression_opts.strategy: 0
2022/06/12-10:59:20.456705 7f07773f9700         Options.compression_opts.max_dict_bytes: 0
2022/06/12-10:59:20.456705 7f07773f9700         Options.compression_opts.zstd_max_train_bytes: 0
2022/06/12-10:59:20.456706 7f07773f9700                  Options.compression_opts.enabled: false
2022/06/12-10:59:20.456706 7f07773f9700      Options.level0_file_num_compaction_trigger: 4
2022/06/12-10:59:20.456706 7f07773f9700          Options.level0_slowdown_writes_trigger: 20
2022/06/12-10:59:20.456707 7f07773f9700              Options.level0_stop_writes_trigger: 36
2022/06/12-10:59:20.456707 7f07773f9700                   Options.target_file_size_base: 67108864
2022/06/12-10:59:20.456708 7f07773f9700             Options.target_file_size_multiplier: 1
2022/06/12-10:59:20.456708 7f07773f9700                Options.max_bytes_for_level_base: 268435456
2022/06/12-10:59:20.456709 7f07773f9700 Options.level_compaction_dynamic_level_bytes: 0
2022/06/12-10:59:20.456709 7f07773f9700          Options.max_bytes_for_level_multiplier: 10.000000
2022/06/12-10:59:20.456710 7f07773f9700 Options.max_bytes_for_level_multiplier_addtl[0]: 1
2022/06/12-10:59:20.456711 7f07773f9700 Options.max_bytes_for_level_multiplier_addtl[1]: 1
2022/06/12-10:59:20.456711 7f07773f9700 Options.max_bytes_for_level_multiplier_addtl[2]: 1
2022/06/12-10:59:20.456711 7f07773f9700 Options.max_bytes_for_level_multiplier_addtl[3]: 1
2022/06/12-10:59:20.456712 7f07773f9700 Options.max_bytes_for_level_multiplier_addtl[4]: 1
2022/06/12-10:59:20.456714 7f07773f9700 Options.max_bytes_for_level_multiplier_addtl[5]: 1
2022/06/12-10:59:20.456715 7f07773f9700 Options.max_bytes_for_level_multiplier_addtl[6]: 1
2022/06/12-10:59:20.456715 7f07773f9700       Options.max_sequential_skip_in_iterations: 8
2022/06/12-10:59:20.456716 7f07773f9700                    Options.max_compaction_bytes: 1677721600
2022/06/12-10:59:20.456716 7f07773f9700                        Options.arena_block_size: 2097152
2022/06/12-10:59:20.456716 7f07773f9700   Options.soft_pending_compaction_bytes_limit: 68719476736
2022/06/12-10:59:20.456717 7f07773f9700   Options.hard_pending_compaction_bytes_limit: 274877906944
2022/06/12-10:59:20.456717 7f07773f9700       Options.rate_limit_delay_max_milliseconds: 100
2022/06/12-10:59:20.456718 7f07773f9700                Options.disable_auto_compactions: 0
2022/06/12-10:59:20.456718 7f07773f9700                        Options.compaction_style: kCompactionStyleUniversal
2022/06/12-10:59:20.456719 7f07773f9700                          Options.compaction_pri: kByCompensatedSize
2022/06/12-10:59:20.456719 7f07773f9700 Options.compaction_options_universal.size_ratio: 1
2022/06/12-10:59:20.456720 7f07773f9700 Options.compaction_options_universal.min_merge_width: 2
2022/06/12-10:59:20.456720 7f07773f9700 Options.compaction_options_universal.max_merge_width: 4294967295
2022/06/12-10:59:20.456721 7f07773f9700 Options.compaction_options_universal.max_size_amplification_percent: 200
2022/06/12-10:59:20.456721 7f07773f9700 Options.compaction_options_universal.compression_size_percent: -1
2022/06/12-10:59:20.456722 7f07773f9700 Options.compaction_options_universal.stop_style: kCompactionStopStyleTotalSize
2022/06/12-10:59:20.456722 7f07773f9700 Options.compaction_options_fifo.max_table_files_size: 1073741824
2022/06/12-10:59:20.456722 7f07773f9700 Options.compaction_options_fifo.allow_compaction: 0
2022/06/12-10:59:20.456723 7f07773f9700 Options.compaction_options_fifo.ttl: 0
2022/06/12-10:59:20.456723 7f07773f9700                   Options.table_properties_collectors: 
2022/06/12-10:59:20.456724 7f07773f9700                   Options.inplace_update_support: 0
2022/06/12-10:59:20.456724 7f07773f9700                 Options.inplace_update_num_locks: 10000
2022/06/12-10:59:20.456724 7f07773f9700               Options.memtable_prefix_bloom_size_ratio: 0.000000
2022/06/12-10:59:20.456725 7f07773f9700   Options.memtable_huge_page_size: 0
2022/06/12-10:59:20.456725 7f07773f9700                           Options.bloom_locality: 0
2022/06/12-10:59:20.456726 7f07773f9700                    Options.max_successive_merges: 0
2022/06/12-10:59:20.456726 7f07773f9700                Options.optimize_filters_for_hits: 0
2022/06/12-10:59:20.456727 7f07773f9700                Options.paranoid_file_checks: 0
2022/06/12-10:59:20.456727 7f07773f9700                Options.force_consistency_checks: 0
2022/06/12-10:59:20.456727 7f07773f9700                Options.report_bg_io_stats: 0
2022/06/12-10:59:20.456728 7f07773f9700                               Options.ttl: 0
2022/06/12-10:59:20.464789 7f07773f9700               Options.comparator: leveldb.BytewiseComparator
2022/06/12-10:59:20.464793 7f07773f9700           Options.merge_operator: None
2022/06/12-10:59:20.464794 7f07773f9700        Options.compaction_filter: None
2022/06/12-10:59:20.464795 7f07773f9700        Options.compaction_filter_factory: None
2022/06/12-10:59:20.464796 7f07773f9700         Options.memtable_factory: SkipListFactory
2022/06/12-10:59:20.464796 7f07773f9700            Options.table_factory: BlockBasedTable
2022/06/12-10:59:20.464813 7f07773f9700            table_factory options:   flush_block_policy_factory: FlushBlockBySizePolicyFactory (0x7f0764985d30)
  cache_index_and_filter_blocks: 0
  cache_index_and_filter_blocks_with_high_priority: 0
  pin_l0_filter_and_index_blocks_in_cache: 0
  pin_top_level_index_and_filter: 1
  index_type: 0
  hash_index_allow_collision: 1
  checksum: 1
  no_block_cache: 0
  block_cache: 0x7f0764940af0
  block_cache_name: LRUCache
  block_cache_options:
    capacity : 52428800
    num_shard_bits : 6
    strict_capacity_limit : 0
    memory_allocator : None
    high_pri_pool_ratio: 0.000
  block_cache_compressed: (nil)
  persistent_cache: (nil)
  block_size: 4096
  block_size_deviation: 10
  block_restart_interval: 16
  index_block_restart_interval: 1
  metadata_block_size: 4096
  partition_filters: 0
  use_delta_encoding: 1
  filter_policy: rocksdb.BuiltinBloomFilter
  whole_key_filtering: 1
  verify_compression: 0
  read_amp_bytes_per_bit: 0
  format_version: 0
  enable_index_compression: 1
  block_align: 0
2022/06/12-10:59:20.464815 7f07773f9700        Options.write_buffer_size: 16777216
2022/06/12-10:59:20.464815 7f07773f9700  Options.max_write_buffer_number: 3
2022/06/12-10:59:20.464816 7f07773f9700          Options.compression: NoCompression
2022/06/12-10:59:20.464817 7f07773f9700                  Options.bottommost_compression: Disabled
2022/06/12-10:59:20.464818 7f07773f9700       Options.prefix_extractor: nullptr
2022/06/12-10:59:20.464819 7f07773f9700   Options.memtable_insert_with_hint_prefix_extractor: nullptr
2022/06/12-10:59:20.464819 7f07773f9700             Options.num_levels: 7
2022/06/12-10:59:20.464820 7f07773f9700        Options.min_write_buffer_number_to_merge: 1
2022/06/12-10:59:20.464821 7f07773f9700     Options.max_write_buffer_number_to_maintain: 0
2022/06/12-10:59:20.464821 7f07773f9700            Options.bottommost_compression_opts.window_bits: -14
2022/06/12-10:59:20.464822 7f07773f9700                  Options.bottommost_compression_opts.level: 32767
2022/06/12-10:59:20.464823 7f07773f9700               Options.bottommost_compression_opts.strategy: 0
2022/06/12-10:59:20.464824 7f07773f9700         Options.bottommost_compression_opts.max_dict_bytes: 0
2022/06/12-10:59:20.464824 7f07773f9700         Options.bottommost_compression_opts.zstd_max_train_bytes: 0
2022/06/12-10:59:20.464825 7f07773f9700                  Options.bottommost_compression_opts.enabled: false
2022/06/12-10:59:20.464826 7f07773f9700            Options.compression_opts.window_bits: -14
2022/06/12-10:59:20.464827 7f07773f9700                  Options.compression_opts.level: 32767
2022/06/12-10:59:20.464827 7f07773f9700               Options.compression_opts.strategy: 0
2022/06/12-10:59:20.464828 7f07773f9700         Options.compression_opts.max_dict_bytes: 0
2022/06/12-10:59:20.464829 7f07773f9700         Options.compression_opts.zstd_max_train_bytes: 0
2022/06/12-10:59:20.464830 7f07773f9700                  Options.compression_opts.enabled: false
2022/06/12-10:59:20.464831 7f07773f9700      Options.level0_file_num_compaction_trigger: 4
2022/06/12-10:59:20.464831 7f07773f9700          Options.level0_slowdown_writes_trigger: 20
2022/06/12-10:59:20.464832 7f07773f9700              Options.level0_stop_writes_trigger: 36
2022/06/12-10:59:20.464833 7f07773f9700                   Options.target_file_size_base: 67108864
2022/06/12-10:59:20.464833 7f07773f9700             Options.target_file_size_multiplier: 1
2022/06/12-10:59:20.464834 7f07773f9700                Options.max_bytes_for_level_base: 268435456
2022/06/12-10:59:20.464843 7f07773f9700 Options.level_compaction_dynamic_level_bytes: 0
2022/06/12-10:59:20.464844 7f07773f9700          Options.max_bytes_for_level_multiplier: 10.000000
2022/06/12-10:59:20.464845 7f07773f9700 Options.max_bytes_for_level_multiplier_addtl[0]: 1
2022/06/12-10:59:20.464846 7f07773f9700 Options.max_bytes_for_level_multiplier_addtl[1]: 1
2022/06/12-10:59:20.464846 7f07773f9700 Options.max_bytes_for_level_multiplier_addtl[2]: 1
2022/06/12-10:59:20.464847 7f07773f9700 Options.max_bytes_for_level_multiplier_addtl[3]: 1
2022/06/12-10:59:20.464847 7f07773f9700 Options.max_bytes_for_level_multiplier_addtl[4]: 1
2022/06/12-10:59:20.464847 7f07773f9700 Options.max_bytes_for_level_multiplier_addtl[5]: 1
2022/06/12-10:59:20.464848 7f07773f9700 Options.max_bytes_for_level_multiplier_addtl[6]: 1
2022/06/12-10:59:20.464848 7f07773f9700       Options.max_sequential_skip_in_iterations: 8
2022/06/12-10:59:20.464849 7f07773f9700                    Options.max_compaction_bytes: 1677721600
2022/06/12-10:59:20.464849 7f07773f9700                        Options.arena_block_size: 2097152
2022/06/12-10:59:20.464850 7f07773f9700   Options.soft_pending_compaction_bytes_limit: 68719476736
2022/06/12-10:59:20.464850 7f07773f9700   Options.hard_pending_compaction_bytes_limit: 274877906944
2022/06/12-10:59:20.464851 7f07773f9700       Options.rate_limit_delay_max_milliseconds: 100
2022/06/12-10:59:20.464851 7f07773f9700                Options.disable_auto_compactions: 0
2022/06/12-10:59:20.464852 7f07773f9700                        Options.compaction_style: kCompactionStyleUniversal
2022/06/12-10:59:20.464853 7f07773f9700                          Options.compaction_pri: kByCompensatedSize
2022/06/12-10:59:20.464853 7f07773f9700 Options.compaction_options_universal.size_ratio: 1
2022/06/12-10:59:20.464854 7f07773f9700 Options.compaction_options_universal.min_merge_width: 2
2022/06/12-10:59:20.464854 7f07773f9700 Options.compaction_options_universal.max_merge_width: 4294967295
2022/06/12-10:59:20.464855 7f07773f9700 Options.compaction_options_universal.max_size_amplification_percent: 200
2022/06/12-10:59:20.464855 7f07773f9700 Options.compaction_options_universal.compression_size_percent: -1
2022/06/12-10:59:20.464856 7f07773f9700 Options.compaction_options_universal.stop_style: kCompactionStopStyleTotalSize
2022/06/12-10:59:20.464856 7f07773f9700 Options.compaction_options_fifo.max_table_files_size: 1073741824
2022/06/12-10:59:20.464856 7f07773f9700 Options.compaction_options_fifo.allow_compaction: 0
2022/06/12-10:59:20.464857 7f07773f9700 Options.compaction_options_fifo.ttl: 0
2022/06/12-10:59:20.464857 7f07773f9700                   Options.table_properties_collectors: 
2022/06/12-10:59:20.464858 7f07773f9700                   Options.inplace_update_support: 0
2022/06/12-10:59:20.464858 7f07773f9700                 Options.inplace_update_num_locks: 10000
2022/06/12-10:59:20.464859 7f07773f9700               Options.memtable_prefix_bloom_size_ratio: 0.000000
2022/06/12-10:59:20.464859 7f07773f9700   Options.memtable_huge_page_size: 0
2022/06/12-10:59:20.464860 7f07773f9700                           Options.bloom_locality: 0
2022/06/12-10:59:20.464860 7f07773f9700                    Options.max_successive_merges: 0
2022/06/12-10:59:20.464861 7f07773f9700                Options.optimize_filters_for_hits: 0
2022/06/12-10:59:20.464861 7f07773f9700                Options.paranoid_file_checks: 0
2022/06/12-10:59:20.464862 7f07773f9700                Options.force_consistency_checks: 0
2022/06/12-10:59:20.464862 7f07773f9700                Options.report_bg_io_stats: 0
2022/06/12-10:59:20.464862 7f07773f9700                               Options.ttl: 0
