2022/06/08-16:32:36.891438 7efee9b7b700 RocksDB version: 5.18.4
2022/06/08-16:32:36.891467 7efee9b7b700 Git sha rocksdb_build_git_sha:
2022/06/08-16:32:36.891468 7efee9b7b700 Compile date Mar 11 2020
2022/06/08-16:32:36.891469 7efee9b7b700 DB SUMMARY
2022/06/08-16:32:36.891485 7efee9b7b700 CURRENT file:  CURRENT
2022/06/08-16:32:36.891486 7efee9b7b700 IDENTITY file:  IDENTITY
2022/06/08-16:32:36.891489 7efee9b7b700 MANIFEST file:  MANIFEST-000001 size: 13 Bytes
2022/06/08-16:32:36.891490 7efee9b7b700 SST files in /home/ANT.AMAZON.COM/stefler/Documents/university/cloud-services/WikipediaStats/src/streams/./local-streams/kafka-streams-wiki/45_2/rocksdb/month-per-userType-active-pages dir, Total Num: 0, files: 
2022/06/08-16:32:36.891491 7efee9b7b700 Write Ahead Log file in /home/ANT.AMAZON.COM/stefler/Documents/university/cloud-services/WikipediaStats/src/streams/./local-streams/kafka-streams-wiki/45_2/rocksdb/month-per-userType-active-pages: 000003.log size: 0 ; 
2022/06/08-16:32:36.891493 7efee9b7b700                         Options.error_if_exists: 0
2022/06/08-16:32:36.891494 7efee9b7b700                       Options.create_if_missing: 1
2022/06/08-16:32:36.891495 7efee9b7b700                         Options.paranoid_checks: 1
2022/06/08-16:32:36.891496 7efee9b7b700                                     Options.env: 0x7efe57ffbfa0
2022/06/08-16:32:36.891496 7efee9b7b700                                Options.info_log: 0x7efe9ef60970
2022/06/08-16:32:36.891497 7efee9b7b700                Options.max_file_opening_threads: 16
2022/06/08-16:32:36.891498 7efee9b7b700                              Options.statistics: (nil)
2022/06/08-16:32:36.891499 7efee9b7b700                               Options.use_fsync: 0
2022/06/08-16:32:36.891500 7efee9b7b700                       Options.max_log_file_size: 0
2022/06/08-16:32:36.891500 7efee9b7b700                  Options.max_manifest_file_size: 1073741824
2022/06/08-16:32:36.891501 7efee9b7b700                   Options.log_file_time_to_roll: 0
2022/06/08-16:32:36.891502 7efee9b7b700                       Options.keep_log_file_num: 1000
2022/06/08-16:32:36.891503 7efee9b7b700                    Options.recycle_log_file_num: 0
2022/06/08-16:32:36.891504 7efee9b7b700                         Options.allow_fallocate: 1
2022/06/08-16:32:36.891504 7efee9b7b700                        Options.allow_mmap_reads: 0
2022/06/08-16:32:36.891505 7efee9b7b700                       Options.allow_mmap_writes: 0
2022/06/08-16:32:36.891506 7efee9b7b700                        Options.use_direct_reads: 0
2022/06/08-16:32:36.891507 7efee9b7b700                        Options.use_direct_io_for_flush_and_compaction: 0
2022/06/08-16:32:36.891508 7efee9b7b700          Options.create_missing_column_families: 0
2022/06/08-16:32:36.891508 7efee9b7b700                              Options.db_log_dir: 
2022/06/08-16:32:36.891509 7efee9b7b700                                 Options.wal_dir: /home/ANT.AMAZON.COM/stefler/Documents/university/cloud-services/WikipediaStats/src/streams/./local-streams/kafka-streams-wiki/45_2/rocksdb/month-per-userType-active-pages
2022/06/08-16:32:36.891510 7efee9b7b700                Options.table_cache_numshardbits: 6
2022/06/08-16:32:36.891511 7efee9b7b700                      Options.max_subcompactions: 1
2022/06/08-16:32:36.891511 7efee9b7b700                  Options.max_background_flushes: -1
2022/06/08-16:32:36.891512 7efee9b7b700                         Options.WAL_ttl_seconds: 0
2022/06/08-16:32:36.891513 7efee9b7b700                       Options.WAL_size_limit_MB: 0
2022/06/08-16:32:36.891514 7efee9b7b700             Options.manifest_preallocation_size: 4194304
2022/06/08-16:32:36.891515 7efee9b7b700                     Options.is_fd_close_on_exec: 1
2022/06/08-16:32:36.891515 7efee9b7b700                   Options.advise_random_on_open: 1
2022/06/08-16:32:36.891516 7efee9b7b700                    Options.db_write_buffer_size: 0
2022/06/08-16:32:36.891517 7efee9b7b700                    Options.write_buffer_manager: 0x7efe9efa0730
2022/06/08-16:32:36.891518 7efee9b7b700         Options.access_hint_on_compaction_start: 1
2022/06/08-16:32:36.891519 7efee9b7b700  Options.new_table_reader_for_compaction_inputs: 0
2022/06/08-16:32:36.891524 7efee9b7b700           Options.random_access_max_buffer_size: 1048576
2022/06/08-16:32:36.891525 7efee9b7b700                      Options.use_adaptive_mutex: 0
2022/06/08-16:32:36.891526 7efee9b7b700                            Options.rate_limiter: (nil)
2022/06/08-16:32:36.891527 7efee9b7b700     Options.sst_file_manager.rate_bytes_per_sec: 0
2022/06/08-16:32:36.891528 7efee9b7b700                       Options.wal_recovery_mode: 2
2022/06/08-16:32:36.891528 7efee9b7b700                  Options.enable_thread_tracking: 0
2022/06/08-16:32:36.891529 7efee9b7b700                  Options.enable_pipelined_write: 0
2022/06/08-16:32:36.891530 7efee9b7b700         Options.allow_concurrent_memtable_write: 1
2022/06/08-16:32:36.891531 7efee9b7b700      Options.enable_write_thread_adaptive_yield: 1
2022/06/08-16:32:36.891531 7efee9b7b700             Options.write_thread_max_yield_usec: 100
2022/06/08-16:32:36.891532 7efee9b7b700            Options.write_thread_slow_yield_usec: 3
2022/06/08-16:32:36.891533 7efee9b7b700                               Options.row_cache: None
2022/06/08-16:32:36.891534 7efee9b7b700                              Options.wal_filter: None
2022/06/08-16:32:36.891535 7efee9b7b700             Options.avoid_flush_during_recovery: 0
2022/06/08-16:32:36.891535 7efee9b7b700             Options.allow_ingest_behind: 0
2022/06/08-16:32:36.891536 7efee9b7b700             Options.preserve_deletes: 0
2022/06/08-16:32:36.891537 7efee9b7b700             Options.two_write_queues: 0
2022/06/08-16:32:36.891538 7efee9b7b700             Options.manual_wal_flush: 0
2022/06/08-16:32:36.891539 7efee9b7b700             Options.max_background_jobs: 8
2022/06/08-16:32:36.891539 7efee9b7b700             Options.max_background_compactions: -1
2022/06/08-16:32:36.891540 7efee9b7b700             Options.avoid_flush_during_shutdown: 0
2022/06/08-16:32:36.891541 7efee9b7b700           Options.writable_file_max_buffer_size: 1048576
2022/06/08-16:32:36.891542 7efee9b7b700             Options.delayed_write_rate : 16777216
2022/06/08-16:32:36.891543 7efee9b7b700             Options.max_total_wal_size: 0
2022/06/08-16:32:36.891543 7efee9b7b700             Options.delete_obsolete_files_period_micros: 21600000000
2022/06/08-16:32:36.891544 7efee9b7b700                   Options.stats_dump_period_sec: 600
2022/06/08-16:32:36.891545 7efee9b7b700                          Options.max_open_files: -1
2022/06/08-16:32:36.891545 7efee9b7b700                          Options.bytes_per_sync: 0
2022/06/08-16:32:36.891546 7efee9b7b700                      Options.wal_bytes_per_sync: 0
2022/06/08-16:32:36.891547 7efee9b7b700       Options.compaction_readahead_size: 0
2022/06/08-16:32:36.891548 7efee9b7b700 Compression algorithms supported:
2022/06/08-16:32:36.891549 7efee9b7b700 	kZSTDNotFinalCompression supported: 1
2022/06/08-16:32:36.891551 7efee9b7b700 	kZSTD supported: 1
2022/06/08-16:32:36.891552 7efee9b7b700 	kXpressCompression supported: 0
2022/06/08-16:32:36.891553 7efee9b7b700 	kLZ4HCCompression supported: 1
2022/06/08-16:32:36.891554 7efee9b7b700 	kLZ4Compression supported: 1
2022/06/08-16:32:36.891554 7efee9b7b700 	kBZip2Compression supported: 1
2022/06/08-16:32:36.891555 7efee9b7b700 	kZlibCompression supported: 1
2022/06/08-16:32:36.891556 7efee9b7b700 	kSnappyCompression supported: 1
2022/06/08-16:32:36.891557 7efee9b7b700 Fast CRC32 supported: Not supported on x86
2022/06/08-16:32:36.891661 7efee9b7b700               Options.comparator: leveldb.BytewiseComparator
2022/06/08-16:32:36.891662 7efee9b7b700           Options.merge_operator: None
2022/06/08-16:32:36.891663 7efee9b7b700        Options.compaction_filter: None
2022/06/08-16:32:36.891664 7efee9b7b700        Options.compaction_filter_factory: None
2022/06/08-16:32:36.891665 7efee9b7b700         Options.memtable_factory: SkipListFactory
2022/06/08-16:32:36.891666 7efee9b7b700            Options.table_factory: BlockBasedTable
2022/06/08-16:32:36.891680 7efee9b7b700            table_factory options:   flush_block_policy_factory: FlushBlockBySizePolicyFactory (0x7efe9ef527d0)
  cache_index_and_filter_blocks: 0
  cache_index_and_filter_blocks_with_high_priority: 0
  pin_l0_filter_and_index_blocks_in_cache: 0
  pin_top_level_index_and_filter: 1
  index_type: 0
  hash_index_allow_collision: 1
  checksum: 1
  no_block_cache: 0
  block_cache: 0x7efe9ef516f0
  block_cache_name: LRUCache
  block_cache_options:
    capacity : 52428800
    num_shard_bits : 6
    strict_capacity_limit : 0
    memory_allocator : None
    high_pri_pool_ratio: 0.000
  block_cache_compressed: (nil)
  persistent_cache: (nil)
  block_size: 4096
  block_size_deviation: 10
  block_restart_interval: 16
  index_block_restart_interval: 1
  metadata_block_size: 4096
  partition_filters: 0
  use_delta_encoding: 1
  filter_policy: rocksdb.BuiltinBloomFilter
  whole_key_filtering: 1
  verify_compression: 0
  read_amp_bytes_per_bit: 0
  format_version: 0
  enable_index_compression: 1
  block_align: 0
2022/06/08-16:32:36.891684 7efee9b7b700        Options.write_buffer_size: 16777216
2022/06/08-16:32:36.891685 7efee9b7b700  Options.max_write_buffer_number: 3
2022/06/08-16:32:36.891686 7efee9b7b700          Options.compression: NoCompression
2022/06/08-16:32:36.891687 7efee9b7b700                  Options.bottommost_compression: Disabled
2022/06/08-16:32:36.891688 7efee9b7b700       Options.prefix_extractor: nullptr
2022/06/08-16:32:36.891689 7efee9b7b700   Options.memtable_insert_with_hint_prefix_extractor: nullptr
2022/06/08-16:32:36.891689 7efee9b7b700             Options.num_levels: 7
2022/06/08-16:32:36.891690 7efee9b7b700        Options.min_write_buffer_number_to_merge: 1
2022/06/08-16:32:36.891691 7efee9b7b700     Options.max_write_buffer_number_to_maintain: 0
2022/06/08-16:32:36.891692 7efee9b7b700            Options.bottommost_compression_opts.window_bits: -14
2022/06/08-16:32:36.891693 7efee9b7b700                  Options.bottommost_compression_opts.level: 32767
2022/06/08-16:32:36.891693 7efee9b7b700               Options.bottommost_compression_opts.strategy: 0
2022/06/08-16:32:36.891694 7efee9b7b700         Options.bottommost_compression_opts.max_dict_bytes: 0
2022/06/08-16:32:36.891695 7efee9b7b700         Options.bottommost_compression_opts.zstd_max_train_bytes: 0
2022/06/08-16:32:36.891696 7efee9b7b700                  Options.bottommost_compression_opts.enabled: false
2022/06/08-16:32:36.891697 7efee9b7b700            Options.compression_opts.window_bits: -14
2022/06/08-16:32:36.891697 7efee9b7b700                  Options.compression_opts.level: 32767
2022/06/08-16:32:36.891698 7efee9b7b700               Options.compression_opts.strategy: 0
2022/06/08-16:32:36.891699 7efee9b7b700         Options.compression_opts.max_dict_bytes: 0
2022/06/08-16:32:36.891700 7efee9b7b700         Options.compression_opts.zstd_max_train_bytes: 0
2022/06/08-16:32:36.891700 7efee9b7b700                  Options.compression_opts.enabled: false
2022/06/08-16:32:36.891701 7efee9b7b700      Options.level0_file_num_compaction_trigger: 4
2022/06/08-16:32:36.891702 7efee9b7b700          Options.level0_slowdown_writes_trigger: 20
2022/06/08-16:32:36.891703 7efee9b7b700              Options.level0_stop_writes_trigger: 36
2022/06/08-16:32:36.891704 7efee9b7b700                   Options.target_file_size_base: 67108864
2022/06/08-16:32:36.891704 7efee9b7b700             Options.target_file_size_multiplier: 1
2022/06/08-16:32:36.891705 7efee9b7b700                Options.max_bytes_for_level_base: 268435456
2022/06/08-16:32:36.891706 7efee9b7b700 Options.level_compaction_dynamic_level_bytes: 0
2022/06/08-16:32:36.891707 7efee9b7b700          Options.max_bytes_for_level_multiplier: 10.000000
2022/06/08-16:32:36.891708 7efee9b7b700 Options.max_bytes_for_level_multiplier_addtl[0]: 1
2022/06/08-16:32:36.891709 7efee9b7b700 Options.max_bytes_for_level_multiplier_addtl[1]: 1
2022/06/08-16:32:36.891710 7efee9b7b700 Options.max_bytes_for_level_multiplier_addtl[2]: 1
2022/06/08-16:32:36.891711 7efee9b7b700 Options.max_bytes_for_level_multiplier_addtl[3]: 1
2022/06/08-16:32:36.891712 7efee9b7b700 Options.max_bytes_for_level_multiplier_addtl[4]: 1
2022/06/08-16:32:36.891715 7efee9b7b700 Options.max_bytes_for_level_multiplier_addtl[5]: 1
2022/06/08-16:32:36.891716 7efee9b7b700 Options.max_bytes_for_level_multiplier_addtl[6]: 1
2022/06/08-16:32:36.891717 7efee9b7b700       Options.max_sequential_skip_in_iterations: 8
2022/06/08-16:32:36.891718 7efee9b7b700                    Options.max_compaction_bytes: 1677721600
2022/06/08-16:32:36.891719 7efee9b7b700                        Options.arena_block_size: 2097152
2022/06/08-16:32:36.891720 7efee9b7b700   Options.soft_pending_compaction_bytes_limit: 68719476736
2022/06/08-16:32:36.891720 7efee9b7b700   Options.hard_pending_compaction_bytes_limit: 274877906944
2022/06/08-16:32:36.891721 7efee9b7b700       Options.rate_limit_delay_max_milliseconds: 100
2022/06/08-16:32:36.891722 7efee9b7b700                Options.disable_auto_compactions: 0
2022/06/08-16:32:36.891723 7efee9b7b700                        Options.compaction_style: kCompactionStyleUniversal
2022/06/08-16:32:36.891724 7efee9b7b700                          Options.compaction_pri: kByCompensatedSize
2022/06/08-16:32:36.891725 7efee9b7b700 Options.compaction_options_universal.size_ratio: 1
2022/06/08-16:32:36.891726 7efee9b7b700 Options.compaction_options_universal.min_merge_width: 2
2022/06/08-16:32:36.891727 7efee9b7b700 Options.compaction_options_universal.max_merge_width: 4294967295
2022/06/08-16:32:36.891727 7efee9b7b700 Options.compaction_options_universal.max_size_amplification_percent: 200
2022/06/08-16:32:36.891728 7efee9b7b700 Options.compaction_options_universal.compression_size_percent: -1
2022/06/08-16:32:36.891729 7efee9b7b700 Options.compaction_options_universal.stop_style: kCompactionStopStyleTotalSize
2022/06/08-16:32:36.891730 7efee9b7b700 Options.compaction_options_fifo.max_table_files_size: 1073741824
2022/06/08-16:32:36.891731 7efee9b7b700 Options.compaction_options_fifo.allow_compaction: 0
2022/06/08-16:32:36.891732 7efee9b7b700 Options.compaction_options_fifo.ttl: 0
2022/06/08-16:32:36.891732 7efee9b7b700                   Options.table_properties_collectors: 
2022/06/08-16:32:36.891733 7efee9b7b700                   Options.inplace_update_support: 0
2022/06/08-16:32:36.891734 7efee9b7b700                 Options.inplace_update_num_locks: 10000
2022/06/08-16:32:36.891735 7efee9b7b700               Options.memtable_prefix_bloom_size_ratio: 0.000000
2022/06/08-16:32:36.891736 7efee9b7b700   Options.memtable_huge_page_size: 0
2022/06/08-16:32:36.891737 7efee9b7b700                           Options.bloom_locality: 0
2022/06/08-16:32:36.891737 7efee9b7b700                    Options.max_successive_merges: 0
2022/06/08-16:32:36.891738 7efee9b7b700                Options.optimize_filters_for_hits: 0
2022/06/08-16:32:36.891739 7efee9b7b700                Options.paranoid_file_checks: 0
2022/06/08-16:32:36.891740 7efee9b7b700                Options.force_consistency_checks: 0
2022/06/08-16:32:36.891740 7efee9b7b700                Options.report_bg_io_stats: 0
2022/06/08-16:32:36.891741 7efee9b7b700                               Options.ttl: 0
2022/06/08-16:32:36.902366 7efee9b7b700               Options.comparator: leveldb.BytewiseComparator
2022/06/08-16:32:36.902373 7efee9b7b700           Options.merge_operator: None
2022/06/08-16:32:36.902374 7efee9b7b700        Options.compaction_filter: None
2022/06/08-16:32:36.902375 7efee9b7b700        Options.compaction_filter_factory: None
2022/06/08-16:32:36.902376 7efee9b7b700         Options.memtable_factory: SkipListFactory
2022/06/08-16:32:36.902377 7efee9b7b700            Options.table_factory: BlockBasedTable
2022/06/08-16:32:36.902404 7efee9b7b700            table_factory options:   flush_block_policy_factory: FlushBlockBySizePolicyFactory (0x7efe9ef527d0)
  cache_index_and_filter_blocks: 0
  cache_index_and_filter_blocks_with_high_priority: 0
  pin_l0_filter_and_index_blocks_in_cache: 0
  pin_top_level_index_and_filter: 1
  index_type: 0
  hash_index_allow_collision: 1
  checksum: 1
  no_block_cache: 0
  block_cache: 0x7efe9ef516f0
  block_cache_name: LRUCache
  block_cache_options:
    capacity : 52428800
    num_shard_bits : 6
    strict_capacity_limit : 0
    memory_allocator : None
    high_pri_pool_ratio: 0.000
  block_cache_compressed: (nil)
  persistent_cache: (nil)
  block_size: 4096
  block_size_deviation: 10
  block_restart_interval: 16
  index_block_restart_interval: 1
  metadata_block_size: 4096
  partition_filters: 0
  use_delta_encoding: 1
  filter_policy: rocksdb.BuiltinBloomFilter
  whole_key_filtering: 1
  verify_compression: 0
  read_amp_bytes_per_bit: 0
  format_version: 0
  enable_index_compression: 1
  block_align: 0
2022/06/08-16:32:36.902406 7efee9b7b700        Options.write_buffer_size: 16777216
2022/06/08-16:32:36.902407 7efee9b7b700  Options.max_write_buffer_number: 3
2022/06/08-16:32:36.902408 7efee9b7b700          Options.compression: NoCompression
2022/06/08-16:32:36.902409 7efee9b7b700                  Options.bottommost_compression: Disabled
2022/06/08-16:32:36.902410 7efee9b7b700       Options.prefix_extractor: nullptr
2022/06/08-16:32:36.902411 7efee9b7b700   Options.memtable_insert_with_hint_prefix_extractor: nullptr
2022/06/08-16:32:36.902411 7efee9b7b700             Options.num_levels: 7
2022/06/08-16:32:36.902412 7efee9b7b700        Options.min_write_buffer_number_to_merge: 1
2022/06/08-16:32:36.902413 7efee9b7b700     Options.max_write_buffer_number_to_maintain: 0
2022/06/08-16:32:36.902414 7efee9b7b700            Options.bottommost_compression_opts.window_bits: -14
2022/06/08-16:32:36.902415 7efee9b7b700                  Options.bottommost_compression_opts.level: 32767
2022/06/08-16:32:36.902415 7efee9b7b700               Options.bottommost_compression_opts.strategy: 0
2022/06/08-16:32:36.902416 7efee9b7b700         Options.bottommost_compression_opts.max_dict_bytes: 0
2022/06/08-16:32:36.902417 7efee9b7b700         Options.bottommost_compression_opts.zstd_max_train_bytes: 0
2022/06/08-16:32:36.902418 7efee9b7b700                  Options.bottommost_compression_opts.enabled: false
2022/06/08-16:32:36.902419 7efee9b7b700            Options.compression_opts.window_bits: -14
2022/06/08-16:32:36.902419 7efee9b7b700                  Options.compression_opts.level: 32767
2022/06/08-16:32:36.902420 7efee9b7b700               Options.compression_opts.strategy: 0
2022/06/08-16:32:36.902421 7efee9b7b700         Options.compression_opts.max_dict_bytes: 0
2022/06/08-16:32:36.902422 7efee9b7b700         Options.compression_opts.zstd_max_train_bytes: 0
2022/06/08-16:32:36.902423 7efee9b7b700                  Options.compression_opts.enabled: false
2022/06/08-16:32:36.902423 7efee9b7b700      Options.level0_file_num_compaction_trigger: 4
2022/06/08-16:32:36.902424 7efee9b7b700          Options.level0_slowdown_writes_trigger: 20
2022/06/08-16:32:36.902425 7efee9b7b700              Options.level0_stop_writes_trigger: 36
2022/06/08-16:32:36.902426 7efee9b7b700                   Options.target_file_size_base: 67108864
2022/06/08-16:32:36.902427 7efee9b7b700             Options.target_file_size_multiplier: 1
2022/06/08-16:32:36.902427 7efee9b7b700                Options.max_bytes_for_level_base: 268435456
2022/06/08-16:32:36.902442 7efee9b7b700 Options.level_compaction_dynamic_level_bytes: 0
2022/06/08-16:32:36.902443 7efee9b7b700          Options.max_bytes_for_level_multiplier: 10.000000
2022/06/08-16:32:36.902445 7efee9b7b700 Options.max_bytes_for_level_multiplier_addtl[0]: 1
2022/06/08-16:32:36.902446 7efee9b7b700 Options.max_bytes_for_level_multiplier_addtl[1]: 1
2022/06/08-16:32:36.902447 7efee9b7b700 Options.max_bytes_for_level_multiplier_addtl[2]: 1
2022/06/08-16:32:36.902448 7efee9b7b700 Options.max_bytes_for_level_multiplier_addtl[3]: 1
2022/06/08-16:32:36.902449 7efee9b7b700 Options.max_bytes_for_level_multiplier_addtl[4]: 1
2022/06/08-16:32:36.902450 7efee9b7b700 Options.max_bytes_for_level_multiplier_addtl[5]: 1
2022/06/08-16:32:36.902450 7efee9b7b700 Options.max_bytes_for_level_multiplier_addtl[6]: 1
2022/06/08-16:32:36.902451 7efee9b7b700       Options.max_sequential_skip_in_iterations: 8
2022/06/08-16:32:36.902452 7efee9b7b700                    Options.max_compaction_bytes: 1677721600
2022/06/08-16:32:36.902453 7efee9b7b700                        Options.arena_block_size: 2097152
2022/06/08-16:32:36.902453 7efee9b7b700   Options.soft_pending_compaction_bytes_limit: 68719476736
2022/06/08-16:32:36.902454 7efee9b7b700   Options.hard_pending_compaction_bytes_limit: 274877906944
2022/06/08-16:32:36.902455 7efee9b7b700       Options.rate_limit_delay_max_milliseconds: 100
2022/06/08-16:32:36.902456 7efee9b7b700                Options.disable_auto_compactions: 0
2022/06/08-16:32:36.902457 7efee9b7b700                        Options.compaction_style: kCompactionStyleUniversal
2022/06/08-16:32:36.902459 7efee9b7b700                          Options.compaction_pri: kByCompensatedSize
2022/06/08-16:32:36.902459 7efee9b7b700 Options.compaction_options_universal.size_ratio: 1
2022/06/08-16:32:36.902460 7efee9b7b700 Options.compaction_options_universal.min_merge_width: 2
2022/06/08-16:32:36.902461 7efee9b7b700 Options.compaction_options_universal.max_merge_width: 4294967295
2022/06/08-16:32:36.902462 7efee9b7b700 Options.compaction_options_universal.max_size_amplification_percent: 200
2022/06/08-16:32:36.902462 7efee9b7b700 Options.compaction_options_universal.compression_size_percent: -1
2022/06/08-16:32:36.902463 7efee9b7b700 Options.compaction_options_universal.stop_style: kCompactionStopStyleTotalSize
2022/06/08-16:32:36.902464 7efee9b7b700 Options.compaction_options_fifo.max_table_files_size: 1073741824
2022/06/08-16:32:36.902465 7efee9b7b700 Options.compaction_options_fifo.allow_compaction: 0
2022/06/08-16:32:36.902466 7efee9b7b700 Options.compaction_options_fifo.ttl: 0
2022/06/08-16:32:36.902467 7efee9b7b700                   Options.table_properties_collectors: 
2022/06/08-16:32:36.902467 7efee9b7b700                   Options.inplace_update_support: 0
2022/06/08-16:32:36.902468 7efee9b7b700                 Options.inplace_update_num_locks: 10000
2022/06/08-16:32:36.902469 7efee9b7b700               Options.memtable_prefix_bloom_size_ratio: 0.000000
2022/06/08-16:32:36.902470 7efee9b7b700   Options.memtable_huge_page_size: 0
2022/06/08-16:32:36.902471 7efee9b7b700                           Options.bloom_locality: 0
2022/06/08-16:32:36.902472 7efee9b7b700                    Options.max_successive_merges: 0
2022/06/08-16:32:36.902472 7efee9b7b700                Options.optimize_filters_for_hits: 0
2022/06/08-16:32:36.902473 7efee9b7b700                Options.paranoid_file_checks: 0
2022/06/08-16:32:36.902474 7efee9b7b700                Options.force_consistency_checks: 0
2022/06/08-16:32:36.902475 7efee9b7b700                Options.report_bg_io_stats: 0
2022/06/08-16:32:36.902475 7efee9b7b700                               Options.ttl: 0
