2022/06/15-23:21:41.957826 7f6aa6179700 RocksDB version: 5.18.4
2022/06/15-23:21:41.957850 7f6aa6179700 Git sha rocksdb_build_git_sha:
2022/06/15-23:21:41.957851 7f6aa6179700 Compile date Mar 11 2020
2022/06/15-23:21:41.957852 7f6aa6179700 DB SUMMARY
2022/06/15-23:21:41.957868 7f6aa6179700 CURRENT file:  CURRENT
2022/06/15-23:21:41.957869 7f6aa6179700 IDENTITY file:  IDENTITY
2022/06/15-23:21:41.957872 7f6aa6179700 MANIFEST file:  MANIFEST-000001 size: 13 Bytes
2022/06/15-23:21:41.957873 7f6aa6179700 SST files in /home/ANT.AMAZON.COM/stefler/Documents/university/cloud-services/WikipediaStats/src/streams2/./local/kafka-streams-wiki/0_0/rocksdb/hour dir, Total Num: 0, files: 
2022/06/15-23:21:41.957874 7f6aa6179700 Write Ahead Log file in /home/ANT.AMAZON.COM/stefler/Documents/university/cloud-services/WikipediaStats/src/streams2/./local/kafka-streams-wiki/0_0/rocksdb/hour: 000003.log size: 0 ; 
2022/06/15-23:21:41.957875 7f6aa6179700                         Options.error_if_exists: 0
2022/06/15-23:21:41.957876 7f6aa6179700                       Options.create_if_missing: 1
2022/06/15-23:21:41.957877 7f6aa6179700                         Options.paranoid_checks: 1
2022/06/15-23:21:41.957877 7f6aa6179700                                     Options.env: 0x7f6aa4b63fa0
2022/06/15-23:21:41.957878 7f6aa6179700                                Options.info_log: 0x7f6a583f6b20
2022/06/15-23:21:41.957879 7f6aa6179700                Options.max_file_opening_threads: 16
2022/06/15-23:21:41.957880 7f6aa6179700                              Options.statistics: (nil)
2022/06/15-23:21:41.957880 7f6aa6179700                               Options.use_fsync: 0
2022/06/15-23:21:41.957881 7f6aa6179700                       Options.max_log_file_size: 0
2022/06/15-23:21:41.957882 7f6aa6179700                  Options.max_manifest_file_size: 1073741824
2022/06/15-23:21:41.957882 7f6aa6179700                   Options.log_file_time_to_roll: 0
2022/06/15-23:21:41.957883 7f6aa6179700                       Options.keep_log_file_num: 1000
2022/06/15-23:21:41.957884 7f6aa6179700                    Options.recycle_log_file_num: 0
2022/06/15-23:21:41.957885 7f6aa6179700                         Options.allow_fallocate: 1
2022/06/15-23:21:41.957885 7f6aa6179700                        Options.allow_mmap_reads: 0
2022/06/15-23:21:41.957886 7f6aa6179700                       Options.allow_mmap_writes: 0
2022/06/15-23:21:41.957886 7f6aa6179700                        Options.use_direct_reads: 0
2022/06/15-23:21:41.957887 7f6aa6179700                        Options.use_direct_io_for_flush_and_compaction: 0
2022/06/15-23:21:41.957888 7f6aa6179700          Options.create_missing_column_families: 0
2022/06/15-23:21:41.957888 7f6aa6179700                              Options.db_log_dir: 
2022/06/15-23:21:41.957889 7f6aa6179700                                 Options.wal_dir: /home/ANT.AMAZON.COM/stefler/Documents/university/cloud-services/WikipediaStats/src/streams2/./local/kafka-streams-wiki/0_0/rocksdb/hour
2022/06/15-23:21:41.957890 7f6aa6179700                Options.table_cache_numshardbits: 6
2022/06/15-23:21:41.957890 7f6aa6179700                      Options.max_subcompactions: 1
2022/06/15-23:21:41.957891 7f6aa6179700                  Options.max_background_flushes: -1
2022/06/15-23:21:41.957892 7f6aa6179700                         Options.WAL_ttl_seconds: 0
2022/06/15-23:21:41.957892 7f6aa6179700                       Options.WAL_size_limit_MB: 0
2022/06/15-23:21:41.957893 7f6aa6179700             Options.manifest_preallocation_size: 4194304
2022/06/15-23:21:41.957894 7f6aa6179700                     Options.is_fd_close_on_exec: 1
2022/06/15-23:21:41.957894 7f6aa6179700                   Options.advise_random_on_open: 1
2022/06/15-23:21:41.957895 7f6aa6179700                    Options.db_write_buffer_size: 0
2022/06/15-23:21:41.957896 7f6aa6179700                    Options.write_buffer_manager: 0x7f6a583f5de0
2022/06/15-23:21:41.957896 7f6aa6179700         Options.access_hint_on_compaction_start: 1
2022/06/15-23:21:41.957897 7f6aa6179700  Options.new_table_reader_for_compaction_inputs: 0
2022/06/15-23:21:41.957898 7f6aa6179700           Options.random_access_max_buffer_size: 1048576
2022/06/15-23:21:41.957903 7f6aa6179700                      Options.use_adaptive_mutex: 0
2022/06/15-23:21:41.957904 7f6aa6179700                            Options.rate_limiter: (nil)
2022/06/15-23:21:41.957905 7f6aa6179700     Options.sst_file_manager.rate_bytes_per_sec: 0
2022/06/15-23:21:41.957905 7f6aa6179700                       Options.wal_recovery_mode: 2
2022/06/15-23:21:41.957906 7f6aa6179700                  Options.enable_thread_tracking: 0
2022/06/15-23:21:41.957907 7f6aa6179700                  Options.enable_pipelined_write: 0
2022/06/15-23:21:41.957907 7f6aa6179700         Options.allow_concurrent_memtable_write: 1
2022/06/15-23:21:41.957908 7f6aa6179700      Options.enable_write_thread_adaptive_yield: 1
2022/06/15-23:21:41.957909 7f6aa6179700             Options.write_thread_max_yield_usec: 100
2022/06/15-23:21:41.957909 7f6aa6179700            Options.write_thread_slow_yield_usec: 3
2022/06/15-23:21:41.957910 7f6aa6179700                               Options.row_cache: None
2022/06/15-23:21:41.957911 7f6aa6179700                              Options.wal_filter: None
2022/06/15-23:21:41.957912 7f6aa6179700             Options.avoid_flush_during_recovery: 0
2022/06/15-23:21:41.957912 7f6aa6179700             Options.allow_ingest_behind: 0
2022/06/15-23:21:41.957913 7f6aa6179700             Options.preserve_deletes: 0
2022/06/15-23:21:41.957914 7f6aa6179700             Options.two_write_queues: 0
2022/06/15-23:21:41.957914 7f6aa6179700             Options.manual_wal_flush: 0
2022/06/15-23:21:41.957915 7f6aa6179700             Options.max_background_jobs: 8
2022/06/15-23:21:41.957916 7f6aa6179700             Options.max_background_compactions: -1
2022/06/15-23:21:41.957916 7f6aa6179700             Options.avoid_flush_during_shutdown: 0
2022/06/15-23:21:41.957917 7f6aa6179700           Options.writable_file_max_buffer_size: 1048576
2022/06/15-23:21:41.957918 7f6aa6179700             Options.delayed_write_rate : 16777216
2022/06/15-23:21:41.957918 7f6aa6179700             Options.max_total_wal_size: 0
2022/06/15-23:21:41.957919 7f6aa6179700             Options.delete_obsolete_files_period_micros: 21600000000
2022/06/15-23:21:41.957920 7f6aa6179700                   Options.stats_dump_period_sec: 600
2022/06/15-23:21:41.957920 7f6aa6179700                          Options.max_open_files: -1
2022/06/15-23:21:41.957921 7f6aa6179700                          Options.bytes_per_sync: 0
2022/06/15-23:21:41.957922 7f6aa6179700                      Options.wal_bytes_per_sync: 0
2022/06/15-23:21:41.957922 7f6aa6179700       Options.compaction_readahead_size: 0
2022/06/15-23:21:41.957923 7f6aa6179700 Compression algorithms supported:
2022/06/15-23:21:41.957924 7f6aa6179700 	kZSTDNotFinalCompression supported: 1
2022/06/15-23:21:41.957925 7f6aa6179700 	kZSTD supported: 1
2022/06/15-23:21:41.957926 7f6aa6179700 	kXpressCompression supported: 0
2022/06/15-23:21:41.957926 7f6aa6179700 	kLZ4HCCompression supported: 1
2022/06/15-23:21:41.957927 7f6aa6179700 	kLZ4Compression supported: 1
2022/06/15-23:21:41.957928 7f6aa6179700 	kBZip2Compression supported: 1
2022/06/15-23:21:41.957929 7f6aa6179700 	kZlibCompression supported: 1
2022/06/15-23:21:41.957929 7f6aa6179700 	kSnappyCompression supported: 1
2022/06/15-23:21:41.957930 7f6aa6179700 Fast CRC32 supported: Not supported on x86
2022/06/15-23:21:41.958022 7f6aa6179700               Options.comparator: leveldb.BytewiseComparator
2022/06/15-23:21:41.958023 7f6aa6179700           Options.merge_operator: None
2022/06/15-23:21:41.958024 7f6aa6179700        Options.compaction_filter: None
2022/06/15-23:21:41.958025 7f6aa6179700        Options.compaction_filter_factory: None
2022/06/15-23:21:41.958026 7f6aa6179700         Options.memtable_factory: SkipListFactory
2022/06/15-23:21:41.958026 7f6aa6179700            Options.table_factory: BlockBasedTable
2022/06/15-23:21:41.958041 7f6aa6179700            table_factory options:   flush_block_policy_factory: FlushBlockBySizePolicyFactory (0x7f6a583f3510)
  cache_index_and_filter_blocks: 0
  cache_index_and_filter_blocks_with_high_priority: 0
  pin_l0_filter_and_index_blocks_in_cache: 0
  pin_top_level_index_and_filter: 1
  index_type: 0
  hash_index_allow_collision: 1
  checksum: 1
  no_block_cache: 0
  block_cache: 0x7f6a583f6980
  block_cache_name: LRUCache
  block_cache_options:
    capacity : 52428800
    num_shard_bits : 6
    strict_capacity_limit : 0
    memory_allocator : None
    high_pri_pool_ratio: 0.000
  block_cache_compressed: (nil)
  persistent_cache: (nil)
  block_size: 4096
  block_size_deviation: 10
  block_restart_interval: 16
  index_block_restart_interval: 1
  metadata_block_size: 4096
  partition_filters: 0
  use_delta_encoding: 1
  filter_policy: rocksdb.BuiltinBloomFilter
  whole_key_filtering: 1
  verify_compression: 0
  read_amp_bytes_per_bit: 0
  format_version: 0
  enable_index_compression: 1
  block_align: 0
2022/06/15-23:21:41.958046 7f6aa6179700        Options.write_buffer_size: 16777216
2022/06/15-23:21:41.958047 7f6aa6179700  Options.max_write_buffer_number: 3
2022/06/15-23:21:41.958048 7f6aa6179700          Options.compression: NoCompression
2022/06/15-23:21:41.958049 7f6aa6179700                  Options.bottommost_compression: Disabled
2022/06/15-23:21:41.958050 7f6aa6179700       Options.prefix_extractor: nullptr
2022/06/15-23:21:41.958050 7f6aa6179700   Options.memtable_insert_with_hint_prefix_extractor: nullptr
2022/06/15-23:21:41.958051 7f6aa6179700             Options.num_levels: 7
2022/06/15-23:21:41.958051 7f6aa6179700        Options.min_write_buffer_number_to_merge: 1
2022/06/15-23:21:41.958052 7f6aa6179700     Options.max_write_buffer_number_to_maintain: 0
2022/06/15-23:21:41.958053 7f6aa6179700            Options.bottommost_compression_opts.window_bits: -14
2022/06/15-23:21:41.958054 7f6aa6179700                  Options.bottommost_compression_opts.level: 32767
2022/06/15-23:21:41.958054 7f6aa6179700               Options.bottommost_compression_opts.strategy: 0
2022/06/15-23:21:41.958055 7f6aa6179700         Options.bottommost_compression_opts.max_dict_bytes: 0
2022/06/15-23:21:41.958056 7f6aa6179700         Options.bottommost_compression_opts.zstd_max_train_bytes: 0
2022/06/15-23:21:41.958056 7f6aa6179700                  Options.bottommost_compression_opts.enabled: false
2022/06/15-23:21:41.958057 7f6aa6179700            Options.compression_opts.window_bits: -14
2022/06/15-23:21:41.958058 7f6aa6179700                  Options.compression_opts.level: 32767
2022/06/15-23:21:41.958059 7f6aa6179700               Options.compression_opts.strategy: 0
2022/06/15-23:21:41.958059 7f6aa6179700         Options.compression_opts.max_dict_bytes: 0
2022/06/15-23:21:41.958060 7f6aa6179700         Options.compression_opts.zstd_max_train_bytes: 0
2022/06/15-23:21:41.958061 7f6aa6179700                  Options.compression_opts.enabled: false
2022/06/15-23:21:41.958061 7f6aa6179700      Options.level0_file_num_compaction_trigger: 4
2022/06/15-23:21:41.958062 7f6aa6179700          Options.level0_slowdown_writes_trigger: 20
2022/06/15-23:21:41.958062 7f6aa6179700              Options.level0_stop_writes_trigger: 36
2022/06/15-23:21:41.958063 7f6aa6179700                   Options.target_file_size_base: 67108864
2022/06/15-23:21:41.958064 7f6aa6179700             Options.target_file_size_multiplier: 1
2022/06/15-23:21:41.958064 7f6aa6179700                Options.max_bytes_for_level_base: 268435456
2022/06/15-23:21:41.958065 7f6aa6179700 Options.level_compaction_dynamic_level_bytes: 0
2022/06/15-23:21:41.958066 7f6aa6179700          Options.max_bytes_for_level_multiplier: 10.000000
2022/06/15-23:21:41.958067 7f6aa6179700 Options.max_bytes_for_level_multiplier_addtl[0]: 1
2022/06/15-23:21:41.958068 7f6aa6179700 Options.max_bytes_for_level_multiplier_addtl[1]: 1
2022/06/15-23:21:41.958069 7f6aa6179700 Options.max_bytes_for_level_multiplier_addtl[2]: 1
2022/06/15-23:21:41.958069 7f6aa6179700 Options.max_bytes_for_level_multiplier_addtl[3]: 1
2022/06/15-23:21:41.958070 7f6aa6179700 Options.max_bytes_for_level_multiplier_addtl[4]: 1
2022/06/15-23:21:41.958071 7f6aa6179700 Options.max_bytes_for_level_multiplier_addtl[5]: 1
2022/06/15-23:21:41.958074 7f6aa6179700 Options.max_bytes_for_level_multiplier_addtl[6]: 1
2022/06/15-23:21:41.958075 7f6aa6179700       Options.max_sequential_skip_in_iterations: 8
2022/06/15-23:21:41.958076 7f6aa6179700                    Options.max_compaction_bytes: 1677721600
2022/06/15-23:21:41.958077 7f6aa6179700                        Options.arena_block_size: 2097152
2022/06/15-23:21:41.958077 7f6aa6179700   Options.soft_pending_compaction_bytes_limit: 68719476736
2022/06/15-23:21:41.958078 7f6aa6179700   Options.hard_pending_compaction_bytes_limit: 274877906944
2022/06/15-23:21:41.958079 7f6aa6179700       Options.rate_limit_delay_max_milliseconds: 100
2022/06/15-23:21:41.958079 7f6aa6179700                Options.disable_auto_compactions: 0
2022/06/15-23:21:41.958080 7f6aa6179700                        Options.compaction_style: kCompactionStyleUniversal
2022/06/15-23:21:41.958081 7f6aa6179700                          Options.compaction_pri: kByCompensatedSize
2022/06/15-23:21:41.958082 7f6aa6179700 Options.compaction_options_universal.size_ratio: 1
2022/06/15-23:21:41.958083 7f6aa6179700 Options.compaction_options_universal.min_merge_width: 2
2022/06/15-23:21:41.958084 7f6aa6179700 Options.compaction_options_universal.max_merge_width: 4294967295
2022/06/15-23:21:41.958084 7f6aa6179700 Options.compaction_options_universal.max_size_amplification_percent: 200
2022/06/15-23:21:41.958085 7f6aa6179700 Options.compaction_options_universal.compression_size_percent: -1
2022/06/15-23:21:41.958086 7f6aa6179700 Options.compaction_options_universal.stop_style: kCompactionStopStyleTotalSize
2022/06/15-23:21:41.958087 7f6aa6179700 Options.compaction_options_fifo.max_table_files_size: 1073741824
2022/06/15-23:21:41.958087 7f6aa6179700 Options.compaction_options_fifo.allow_compaction: 0
2022/06/15-23:21:41.958088 7f6aa6179700 Options.compaction_options_fifo.ttl: 0
2022/06/15-23:21:41.958088 7f6aa6179700                   Options.table_properties_collectors: 
2022/06/15-23:21:41.958089 7f6aa6179700                   Options.inplace_update_support: 0
2022/06/15-23:21:41.958090 7f6aa6179700                 Options.inplace_update_num_locks: 10000
2022/06/15-23:21:41.958090 7f6aa6179700               Options.memtable_prefix_bloom_size_ratio: 0.000000
2022/06/15-23:21:41.958091 7f6aa6179700   Options.memtable_huge_page_size: 0
2022/06/15-23:21:41.958092 7f6aa6179700                           Options.bloom_locality: 0
2022/06/15-23:21:41.958093 7f6aa6179700                    Options.max_successive_merges: 0
2022/06/15-23:21:41.958095 7f6aa6179700                Options.optimize_filters_for_hits: 0
2022/06/15-23:21:41.958095 7f6aa6179700                Options.paranoid_file_checks: 0
2022/06/15-23:21:41.958096 7f6aa6179700                Options.force_consistency_checks: 0
2022/06/15-23:21:41.958096 7f6aa6179700                Options.report_bg_io_stats: 0
2022/06/15-23:21:41.958096 7f6aa6179700                               Options.ttl: 0
2022/06/15-23:21:41.968838 7f6aa6179700               Options.comparator: leveldb.BytewiseComparator
2022/06/15-23:21:41.968841 7f6aa6179700           Options.merge_operator: None
2022/06/15-23:21:41.968842 7f6aa6179700        Options.compaction_filter: None
2022/06/15-23:21:41.968842 7f6aa6179700        Options.compaction_filter_factory: None
2022/06/15-23:21:41.968843 7f6aa6179700         Options.memtable_factory: SkipListFactory
2022/06/15-23:21:41.968844 7f6aa6179700            Options.table_factory: BlockBasedTable
2022/06/15-23:21:41.968859 7f6aa6179700            table_factory options:   flush_block_policy_factory: FlushBlockBySizePolicyFactory (0x7f6a583f3510)
  cache_index_and_filter_blocks: 0
  cache_index_and_filter_blocks_with_high_priority: 0
  pin_l0_filter_and_index_blocks_in_cache: 0
  pin_top_level_index_and_filter: 1
  index_type: 0
  hash_index_allow_collision: 1
  checksum: 1
  no_block_cache: 0
  block_cache: 0x7f6a583f6980
  block_cache_name: LRUCache
  block_cache_options:
    capacity : 52428800
    num_shard_bits : 6
    strict_capacity_limit : 0
    memory_allocator : None
    high_pri_pool_ratio: 0.000
  block_cache_compressed: (nil)
  persistent_cache: (nil)
  block_size: 4096
  block_size_deviation: 10
  block_restart_interval: 16
  index_block_restart_interval: 1
  metadata_block_size: 4096
  partition_filters: 0
  use_delta_encoding: 1
  filter_policy: rocksdb.BuiltinBloomFilter
  whole_key_filtering: 1
  verify_compression: 0
  read_amp_bytes_per_bit: 0
  format_version: 0
  enable_index_compression: 1
  block_align: 0
2022/06/15-23:21:41.968860 7f6aa6179700        Options.write_buffer_size: 16777216
2022/06/15-23:21:41.968861 7f6aa6179700  Options.max_write_buffer_number: 3
2022/06/15-23:21:41.968862 7f6aa6179700          Options.compression: NoCompression
2022/06/15-23:21:41.968862 7f6aa6179700                  Options.bottommost_compression: Disabled
2022/06/15-23:21:41.968863 7f6aa6179700       Options.prefix_extractor: nullptr
2022/06/15-23:21:41.968863 7f6aa6179700   Options.memtable_insert_with_hint_prefix_extractor: nullptr
2022/06/15-23:21:41.968863 7f6aa6179700             Options.num_levels: 7
2022/06/15-23:21:41.968864 7f6aa6179700        Options.min_write_buffer_number_to_merge: 1
2022/06/15-23:21:41.968864 7f6aa6179700     Options.max_write_buffer_number_to_maintain: 0
2022/06/15-23:21:41.968865 7f6aa6179700            Options.bottommost_compression_opts.window_bits: -14
2022/06/15-23:21:41.968865 7f6aa6179700                  Options.bottommost_compression_opts.level: 32767
2022/06/15-23:21:41.968866 7f6aa6179700               Options.bottommost_compression_opts.strategy: 0
2022/06/15-23:21:41.968866 7f6aa6179700         Options.bottommost_compression_opts.max_dict_bytes: 0
2022/06/15-23:21:41.968866 7f6aa6179700         Options.bottommost_compression_opts.zstd_max_train_bytes: 0
2022/06/15-23:21:41.968867 7f6aa6179700                  Options.bottommost_compression_opts.enabled: false
2022/06/15-23:21:41.968867 7f6aa6179700            Options.compression_opts.window_bits: -14
2022/06/15-23:21:41.968868 7f6aa6179700                  Options.compression_opts.level: 32767
2022/06/15-23:21:41.968868 7f6aa6179700               Options.compression_opts.strategy: 0
2022/06/15-23:21:41.968868 7f6aa6179700         Options.compression_opts.max_dict_bytes: 0
2022/06/15-23:21:41.968869 7f6aa6179700         Options.compression_opts.zstd_max_train_bytes: 0
2022/06/15-23:21:41.968869 7f6aa6179700                  Options.compression_opts.enabled: false
2022/06/15-23:21:41.968870 7f6aa6179700      Options.level0_file_num_compaction_trigger: 4
2022/06/15-23:21:41.968870 7f6aa6179700          Options.level0_slowdown_writes_trigger: 20
2022/06/15-23:21:41.968871 7f6aa6179700              Options.level0_stop_writes_trigger: 36
2022/06/15-23:21:41.968871 7f6aa6179700                   Options.target_file_size_base: 67108864
2022/06/15-23:21:41.968871 7f6aa6179700             Options.target_file_size_multiplier: 1
2022/06/15-23:21:41.968872 7f6aa6179700                Options.max_bytes_for_level_base: 268435456
2022/06/15-23:21:41.968878 7f6aa6179700 Options.level_compaction_dynamic_level_bytes: 0
2022/06/15-23:21:41.968879 7f6aa6179700          Options.max_bytes_for_level_multiplier: 10.000000
2022/06/15-23:21:41.968880 7f6aa6179700 Options.max_bytes_for_level_multiplier_addtl[0]: 1
2022/06/15-23:21:41.968880 7f6aa6179700 Options.max_bytes_for_level_multiplier_addtl[1]: 1
2022/06/15-23:21:41.968881 7f6aa6179700 Options.max_bytes_for_level_multiplier_addtl[2]: 1
2022/06/15-23:21:41.968881 7f6aa6179700 Options.max_bytes_for_level_multiplier_addtl[3]: 1
2022/06/15-23:21:41.968882 7f6aa6179700 Options.max_bytes_for_level_multiplier_addtl[4]: 1
2022/06/15-23:21:41.968882 7f6aa6179700 Options.max_bytes_for_level_multiplier_addtl[5]: 1
2022/06/15-23:21:41.968882 7f6aa6179700 Options.max_bytes_for_level_multiplier_addtl[6]: 1
2022/06/15-23:21:41.968883 7f6aa6179700       Options.max_sequential_skip_in_iterations: 8
2022/06/15-23:21:41.968883 7f6aa6179700                    Options.max_compaction_bytes: 1677721600
2022/06/15-23:21:41.968884 7f6aa6179700                        Options.arena_block_size: 2097152
2022/06/15-23:21:41.968884 7f6aa6179700   Options.soft_pending_compaction_bytes_limit: 68719476736
2022/06/15-23:21:41.968885 7f6aa6179700   Options.hard_pending_compaction_bytes_limit: 274877906944
2022/06/15-23:21:41.968885 7f6aa6179700       Options.rate_limit_delay_max_milliseconds: 100
2022/06/15-23:21:41.968885 7f6aa6179700                Options.disable_auto_compactions: 0
2022/06/15-23:21:41.968886 7f6aa6179700                        Options.compaction_style: kCompactionStyleUniversal
2022/06/15-23:21:41.968887 7f6aa6179700                          Options.compaction_pri: kByCompensatedSize
2022/06/15-23:21:41.968887 7f6aa6179700 Options.compaction_options_universal.size_ratio: 1
2022/06/15-23:21:41.968887 7f6aa6179700 Options.compaction_options_universal.min_merge_width: 2
2022/06/15-23:21:41.968888 7f6aa6179700 Options.compaction_options_universal.max_merge_width: 4294967295
2022/06/15-23:21:41.968888 7f6aa6179700 Options.compaction_options_universal.max_size_amplification_percent: 200
2022/06/15-23:21:41.968889 7f6aa6179700 Options.compaction_options_universal.compression_size_percent: -1
2022/06/15-23:21:41.968889 7f6aa6179700 Options.compaction_options_universal.stop_style: kCompactionStopStyleTotalSize
2022/06/15-23:21:41.968890 7f6aa6179700 Options.compaction_options_fifo.max_table_files_size: 1073741824
2022/06/15-23:21:41.968890 7f6aa6179700 Options.compaction_options_fifo.allow_compaction: 0
2022/06/15-23:21:41.968890 7f6aa6179700 Options.compaction_options_fifo.ttl: 0
2022/06/15-23:21:41.968891 7f6aa6179700                   Options.table_properties_collectors: 
2022/06/15-23:21:41.968891 7f6aa6179700                   Options.inplace_update_support: 0
2022/06/15-23:21:41.968892 7f6aa6179700                 Options.inplace_update_num_locks: 10000
2022/06/15-23:21:41.968892 7f6aa6179700               Options.memtable_prefix_bloom_size_ratio: 0.000000
2022/06/15-23:21:41.968893 7f6aa6179700   Options.memtable_huge_page_size: 0
2022/06/15-23:21:41.968893 7f6aa6179700                           Options.bloom_locality: 0
2022/06/15-23:21:41.968894 7f6aa6179700                    Options.max_successive_merges: 0
2022/06/15-23:21:41.968894 7f6aa6179700                Options.optimize_filters_for_hits: 0
2022/06/15-23:21:41.968894 7f6aa6179700                Options.paranoid_file_checks: 0
2022/06/15-23:21:41.968895 7f6aa6179700                Options.force_consistency_checks: 0
2022/06/15-23:21:41.968895 7f6aa6179700                Options.report_bg_io_stats: 0
2022/06/15-23:21:41.968896 7f6aa6179700                               Options.ttl: 0
