2022/06/08-16:32:36.848198 7efee9b7b700 RocksDB version: 5.18.4
2022/06/08-16:32:36.848225 7efee9b7b700 Git sha rocksdb_build_git_sha:
2022/06/08-16:32:36.848226 7efee9b7b700 Compile date Mar 11 2020
2022/06/08-16:32:36.848227 7efee9b7b700 DB SUMMARY
2022/06/08-16:32:36.848243 7efee9b7b700 CURRENT file:  CURRENT
2022/06/08-16:32:36.848245 7efee9b7b700 IDENTITY file:  IDENTITY
2022/06/08-16:32:36.848248 7efee9b7b700 MANIFEST file:  MANIFEST-000001 size: 13 Bytes
2022/06/08-16:32:36.848249 7efee9b7b700 SST files in /home/ANT.AMAZON.COM/stefler/Documents/university/cloud-services/WikipediaStats/src/streams/./local-streams/kafka-streams-wiki/45_0/rocksdb/month-per-userType-active-pages dir, Total Num: 0, files: 
2022/06/08-16:32:36.848250 7efee9b7b700 Write Ahead Log file in /home/ANT.AMAZON.COM/stefler/Documents/university/cloud-services/WikipediaStats/src/streams/./local-streams/kafka-streams-wiki/45_0/rocksdb/month-per-userType-active-pages: 000003.log size: 0 ; 
2022/06/08-16:32:36.848252 7efee9b7b700                         Options.error_if_exists: 0
2022/06/08-16:32:36.848253 7efee9b7b700                       Options.create_if_missing: 1
2022/06/08-16:32:36.848254 7efee9b7b700                         Options.paranoid_checks: 1
2022/06/08-16:32:36.848255 7efee9b7b700                                     Options.env: 0x7efe57ffbfa0
2022/06/08-16:32:36.848256 7efee9b7b700                                Options.info_log: 0x7efe9ef13170
2022/06/08-16:32:36.848257 7efee9b7b700                Options.max_file_opening_threads: 16
2022/06/08-16:32:36.848258 7efee9b7b700                              Options.statistics: (nil)
2022/06/08-16:32:36.848259 7efee9b7b700                               Options.use_fsync: 0
2022/06/08-16:32:36.848260 7efee9b7b700                       Options.max_log_file_size: 0
2022/06/08-16:32:36.848261 7efee9b7b700                  Options.max_manifest_file_size: 1073741824
2022/06/08-16:32:36.848262 7efee9b7b700                   Options.log_file_time_to_roll: 0
2022/06/08-16:32:36.848262 7efee9b7b700                       Options.keep_log_file_num: 1000
2022/06/08-16:32:36.848263 7efee9b7b700                    Options.recycle_log_file_num: 0
2022/06/08-16:32:36.848264 7efee9b7b700                         Options.allow_fallocate: 1
2022/06/08-16:32:36.848265 7efee9b7b700                        Options.allow_mmap_reads: 0
2022/06/08-16:32:36.848266 7efee9b7b700                       Options.allow_mmap_writes: 0
2022/06/08-16:32:36.848267 7efee9b7b700                        Options.use_direct_reads: 0
2022/06/08-16:32:36.848268 7efee9b7b700                        Options.use_direct_io_for_flush_and_compaction: 0
2022/06/08-16:32:36.848269 7efee9b7b700          Options.create_missing_column_families: 0
2022/06/08-16:32:36.848269 7efee9b7b700                              Options.db_log_dir: 
2022/06/08-16:32:36.848270 7efee9b7b700                                 Options.wal_dir: /home/ANT.AMAZON.COM/stefler/Documents/university/cloud-services/WikipediaStats/src/streams/./local-streams/kafka-streams-wiki/45_0/rocksdb/month-per-userType-active-pages
2022/06/08-16:32:36.848271 7efee9b7b700                Options.table_cache_numshardbits: 6
2022/06/08-16:32:36.848272 7efee9b7b700                      Options.max_subcompactions: 1
2022/06/08-16:32:36.848272 7efee9b7b700                  Options.max_background_flushes: -1
2022/06/08-16:32:36.848273 7efee9b7b700                         Options.WAL_ttl_seconds: 0
2022/06/08-16:32:36.848274 7efee9b7b700                       Options.WAL_size_limit_MB: 0
2022/06/08-16:32:36.848275 7efee9b7b700             Options.manifest_preallocation_size: 4194304
2022/06/08-16:32:36.848276 7efee9b7b700                     Options.is_fd_close_on_exec: 1
2022/06/08-16:32:36.848277 7efee9b7b700                   Options.advise_random_on_open: 1
2022/06/08-16:32:36.848278 7efee9b7b700                    Options.db_write_buffer_size: 0
2022/06/08-16:32:36.848278 7efee9b7b700                    Options.write_buffer_manager: 0x7efe9eec3c60
2022/06/08-16:32:36.848279 7efee9b7b700         Options.access_hint_on_compaction_start: 1
2022/06/08-16:32:36.848280 7efee9b7b700  Options.new_table_reader_for_compaction_inputs: 0
2022/06/08-16:32:36.848285 7efee9b7b700           Options.random_access_max_buffer_size: 1048576
2022/06/08-16:32:36.848286 7efee9b7b700                      Options.use_adaptive_mutex: 0
2022/06/08-16:32:36.848287 7efee9b7b700                            Options.rate_limiter: (nil)
2022/06/08-16:32:36.848288 7efee9b7b700     Options.sst_file_manager.rate_bytes_per_sec: 0
2022/06/08-16:32:36.848289 7efee9b7b700                       Options.wal_recovery_mode: 2
2022/06/08-16:32:36.848290 7efee9b7b700                  Options.enable_thread_tracking: 0
2022/06/08-16:32:36.848291 7efee9b7b700                  Options.enable_pipelined_write: 0
2022/06/08-16:32:36.848292 7efee9b7b700         Options.allow_concurrent_memtable_write: 1
2022/06/08-16:32:36.848293 7efee9b7b700      Options.enable_write_thread_adaptive_yield: 1
2022/06/08-16:32:36.848293 7efee9b7b700             Options.write_thread_max_yield_usec: 100
2022/06/08-16:32:36.848294 7efee9b7b700            Options.write_thread_slow_yield_usec: 3
2022/06/08-16:32:36.848295 7efee9b7b700                               Options.row_cache: None
2022/06/08-16:32:36.848296 7efee9b7b700                              Options.wal_filter: None
2022/06/08-16:32:36.848297 7efee9b7b700             Options.avoid_flush_during_recovery: 0
2022/06/08-16:32:36.848298 7efee9b7b700             Options.allow_ingest_behind: 0
2022/06/08-16:32:36.848299 7efee9b7b700             Options.preserve_deletes: 0
2022/06/08-16:32:36.848299 7efee9b7b700             Options.two_write_queues: 0
2022/06/08-16:32:36.848300 7efee9b7b700             Options.manual_wal_flush: 0
2022/06/08-16:32:36.848301 7efee9b7b700             Options.max_background_jobs: 8
2022/06/08-16:32:36.848302 7efee9b7b700             Options.max_background_compactions: -1
2022/06/08-16:32:36.848303 7efee9b7b700             Options.avoid_flush_during_shutdown: 0
2022/06/08-16:32:36.848304 7efee9b7b700           Options.writable_file_max_buffer_size: 1048576
2022/06/08-16:32:36.848305 7efee9b7b700             Options.delayed_write_rate : 16777216
2022/06/08-16:32:36.848306 7efee9b7b700             Options.max_total_wal_size: 0
2022/06/08-16:32:36.848306 7efee9b7b700             Options.delete_obsolete_files_period_micros: 21600000000
2022/06/08-16:32:36.848307 7efee9b7b700                   Options.stats_dump_period_sec: 600
2022/06/08-16:32:36.848308 7efee9b7b700                          Options.max_open_files: -1
2022/06/08-16:32:36.848309 7efee9b7b700                          Options.bytes_per_sync: 0
2022/06/08-16:32:36.848310 7efee9b7b700                      Options.wal_bytes_per_sync: 0
2022/06/08-16:32:36.848311 7efee9b7b700       Options.compaction_readahead_size: 0
2022/06/08-16:32:36.848312 7efee9b7b700 Compression algorithms supported:
2022/06/08-16:32:36.848313 7efee9b7b700 	kZSTDNotFinalCompression supported: 1
2022/06/08-16:32:36.848315 7efee9b7b700 	kZSTD supported: 1
2022/06/08-16:32:36.848316 7efee9b7b700 	kXpressCompression supported: 0
2022/06/08-16:32:36.848317 7efee9b7b700 	kLZ4HCCompression supported: 1
2022/06/08-16:32:36.848318 7efee9b7b700 	kLZ4Compression supported: 1
2022/06/08-16:32:36.848319 7efee9b7b700 	kBZip2Compression supported: 1
2022/06/08-16:32:36.848320 7efee9b7b700 	kZlibCompression supported: 1
2022/06/08-16:32:36.848321 7efee9b7b700 	kSnappyCompression supported: 1
2022/06/08-16:32:36.848322 7efee9b7b700 Fast CRC32 supported: Not supported on x86
2022/06/08-16:32:36.848421 7efee9b7b700               Options.comparator: leveldb.BytewiseComparator
2022/06/08-16:32:36.848422 7efee9b7b700           Options.merge_operator: None
2022/06/08-16:32:36.848423 7efee9b7b700        Options.compaction_filter: None
2022/06/08-16:32:36.848424 7efee9b7b700        Options.compaction_filter_factory: None
2022/06/08-16:32:36.848425 7efee9b7b700         Options.memtable_factory: SkipListFactory
2022/06/08-16:32:36.848426 7efee9b7b700            Options.table_factory: BlockBasedTable
2022/06/08-16:32:36.848440 7efee9b7b700            table_factory options:   flush_block_policy_factory: FlushBlockBySizePolicyFactory (0x7efe9ef19370)
  cache_index_and_filter_blocks: 0
  cache_index_and_filter_blocks_with_high_priority: 0
  pin_l0_filter_and_index_blocks_in_cache: 0
  pin_top_level_index_and_filter: 1
  index_type: 0
  hash_index_allow_collision: 1
  checksum: 1
  no_block_cache: 0
  block_cache: 0x7efe9eecdcb0
  block_cache_name: LRUCache
  block_cache_options:
    capacity : 52428800
    num_shard_bits : 6
    strict_capacity_limit : 0
    memory_allocator : None
    high_pri_pool_ratio: 0.000
  block_cache_compressed: (nil)
  persistent_cache: (nil)
  block_size: 4096
  block_size_deviation: 10
  block_restart_interval: 16
  index_block_restart_interval: 1
  metadata_block_size: 4096
  partition_filters: 0
  use_delta_encoding: 1
  filter_policy: rocksdb.BuiltinBloomFilter
  whole_key_filtering: 1
  verify_compression: 0
  read_amp_bytes_per_bit: 0
  format_version: 0
  enable_index_compression: 1
  block_align: 0
2022/06/08-16:32:36.848445 7efee9b7b700        Options.write_buffer_size: 16777216
2022/06/08-16:32:36.848446 7efee9b7b700  Options.max_write_buffer_number: 3
2022/06/08-16:32:36.848448 7efee9b7b700          Options.compression: NoCompression
2022/06/08-16:32:36.848448 7efee9b7b700                  Options.bottommost_compression: Disabled
2022/06/08-16:32:36.848449 7efee9b7b700       Options.prefix_extractor: nullptr
2022/06/08-16:32:36.848450 7efee9b7b700   Options.memtable_insert_with_hint_prefix_extractor: nullptr
2022/06/08-16:32:36.848451 7efee9b7b700             Options.num_levels: 7
2022/06/08-16:32:36.848452 7efee9b7b700        Options.min_write_buffer_number_to_merge: 1
2022/06/08-16:32:36.848453 7efee9b7b700     Options.max_write_buffer_number_to_maintain: 0
2022/06/08-16:32:36.848454 7efee9b7b700            Options.bottommost_compression_opts.window_bits: -14
2022/06/08-16:32:36.848455 7efee9b7b700                  Options.bottommost_compression_opts.level: 32767
2022/06/08-16:32:36.848456 7efee9b7b700               Options.bottommost_compression_opts.strategy: 0
2022/06/08-16:32:36.848456 7efee9b7b700         Options.bottommost_compression_opts.max_dict_bytes: 0
2022/06/08-16:32:36.848457 7efee9b7b700         Options.bottommost_compression_opts.zstd_max_train_bytes: 0
2022/06/08-16:32:36.848458 7efee9b7b700                  Options.bottommost_compression_opts.enabled: false
2022/06/08-16:32:36.848459 7efee9b7b700            Options.compression_opts.window_bits: -14
2022/06/08-16:32:36.848460 7efee9b7b700                  Options.compression_opts.level: 32767
2022/06/08-16:32:36.848461 7efee9b7b700               Options.compression_opts.strategy: 0
2022/06/08-16:32:36.848462 7efee9b7b700         Options.compression_opts.max_dict_bytes: 0
2022/06/08-16:32:36.848463 7efee9b7b700         Options.compression_opts.zstd_max_train_bytes: 0
2022/06/08-16:32:36.848464 7efee9b7b700                  Options.compression_opts.enabled: false
2022/06/08-16:32:36.848465 7efee9b7b700      Options.level0_file_num_compaction_trigger: 4
2022/06/08-16:32:36.848465 7efee9b7b700          Options.level0_slowdown_writes_trigger: 20
2022/06/08-16:32:36.848466 7efee9b7b700              Options.level0_stop_writes_trigger: 36
2022/06/08-16:32:36.848467 7efee9b7b700                   Options.target_file_size_base: 67108864
2022/06/08-16:32:36.848468 7efee9b7b700             Options.target_file_size_multiplier: 1
2022/06/08-16:32:36.848469 7efee9b7b700                Options.max_bytes_for_level_base: 268435456
2022/06/08-16:32:36.848470 7efee9b7b700 Options.level_compaction_dynamic_level_bytes: 0
2022/06/08-16:32:36.848471 7efee9b7b700          Options.max_bytes_for_level_multiplier: 10.000000
2022/06/08-16:32:36.848473 7efee9b7b700 Options.max_bytes_for_level_multiplier_addtl[0]: 1
2022/06/08-16:32:36.848474 7efee9b7b700 Options.max_bytes_for_level_multiplier_addtl[1]: 1
2022/06/08-16:32:36.848474 7efee9b7b700 Options.max_bytes_for_level_multiplier_addtl[2]: 1
2022/06/08-16:32:36.848475 7efee9b7b700 Options.max_bytes_for_level_multiplier_addtl[3]: 1
2022/06/08-16:32:36.848476 7efee9b7b700 Options.max_bytes_for_level_multiplier_addtl[4]: 1
2022/06/08-16:32:36.848480 7efee9b7b700 Options.max_bytes_for_level_multiplier_addtl[5]: 1
2022/06/08-16:32:36.848481 7efee9b7b700 Options.max_bytes_for_level_multiplier_addtl[6]: 1
2022/06/08-16:32:36.848482 7efee9b7b700       Options.max_sequential_skip_in_iterations: 8
2022/06/08-16:32:36.848483 7efee9b7b700                    Options.max_compaction_bytes: 1677721600
2022/06/08-16:32:36.848484 7efee9b7b700                        Options.arena_block_size: 2097152
2022/06/08-16:32:36.848485 7efee9b7b700   Options.soft_pending_compaction_bytes_limit: 68719476736
2022/06/08-16:32:36.848486 7efee9b7b700   Options.hard_pending_compaction_bytes_limit: 274877906944
2022/06/08-16:32:36.848487 7efee9b7b700       Options.rate_limit_delay_max_milliseconds: 100
2022/06/08-16:32:36.848488 7efee9b7b700                Options.disable_auto_compactions: 0
2022/06/08-16:32:36.848489 7efee9b7b700                        Options.compaction_style: kCompactionStyleUniversal
2022/06/08-16:32:36.848490 7efee9b7b700                          Options.compaction_pri: kByCompensatedSize
2022/06/08-16:32:36.848491 7efee9b7b700 Options.compaction_options_universal.size_ratio: 1
2022/06/08-16:32:36.848492 7efee9b7b700 Options.compaction_options_universal.min_merge_width: 2
2022/06/08-16:32:36.848493 7efee9b7b700 Options.compaction_options_universal.max_merge_width: 4294967295
2022/06/08-16:32:36.848494 7efee9b7b700 Options.compaction_options_universal.max_size_amplification_percent: 200
2022/06/08-16:32:36.848494 7efee9b7b700 Options.compaction_options_universal.compression_size_percent: -1
2022/06/08-16:32:36.848496 7efee9b7b700 Options.compaction_options_universal.stop_style: kCompactionStopStyleTotalSize
2022/06/08-16:32:36.848496 7efee9b7b700 Options.compaction_options_fifo.max_table_files_size: 1073741824
2022/06/08-16:32:36.848497 7efee9b7b700 Options.compaction_options_fifo.allow_compaction: 0
2022/06/08-16:32:36.848498 7efee9b7b700 Options.compaction_options_fifo.ttl: 0
2022/06/08-16:32:36.848499 7efee9b7b700                   Options.table_properties_collectors: 
2022/06/08-16:32:36.848500 7efee9b7b700                   Options.inplace_update_support: 0
2022/06/08-16:32:36.848501 7efee9b7b700                 Options.inplace_update_num_locks: 10000
2022/06/08-16:32:36.848502 7efee9b7b700               Options.memtable_prefix_bloom_size_ratio: 0.000000
2022/06/08-16:32:36.848503 7efee9b7b700   Options.memtable_huge_page_size: 0
2022/06/08-16:32:36.848504 7efee9b7b700                           Options.bloom_locality: 0
2022/06/08-16:32:36.848505 7efee9b7b700                    Options.max_successive_merges: 0
2022/06/08-16:32:36.848505 7efee9b7b700                Options.optimize_filters_for_hits: 0
2022/06/08-16:32:36.848506 7efee9b7b700                Options.paranoid_file_checks: 0
2022/06/08-16:32:36.848507 7efee9b7b700                Options.force_consistency_checks: 0
2022/06/08-16:32:36.848508 7efee9b7b700                Options.report_bg_io_stats: 0
2022/06/08-16:32:36.848509 7efee9b7b700                               Options.ttl: 0
2022/06/08-16:32:36.857072 7efee9b7b700               Options.comparator: leveldb.BytewiseComparator
2022/06/08-16:32:36.857078 7efee9b7b700           Options.merge_operator: None
2022/06/08-16:32:36.857079 7efee9b7b700        Options.compaction_filter: None
2022/06/08-16:32:36.857080 7efee9b7b700        Options.compaction_filter_factory: None
2022/06/08-16:32:36.857081 7efee9b7b700         Options.memtable_factory: SkipListFactory
2022/06/08-16:32:36.857082 7efee9b7b700            Options.table_factory: BlockBasedTable
2022/06/08-16:32:36.857109 7efee9b7b700            table_factory options:   flush_block_policy_factory: FlushBlockBySizePolicyFactory (0x7efe9ef19370)
  cache_index_and_filter_blocks: 0
  cache_index_and_filter_blocks_with_high_priority: 0
  pin_l0_filter_and_index_blocks_in_cache: 0
  pin_top_level_index_and_filter: 1
  index_type: 0
  hash_index_allow_collision: 1
  checksum: 1
  no_block_cache: 0
  block_cache: 0x7efe9eecdcb0
  block_cache_name: LRUCache
  block_cache_options:
    capacity : 52428800
    num_shard_bits : 6
    strict_capacity_limit : 0
    memory_allocator : None
    high_pri_pool_ratio: 0.000
  block_cache_compressed: (nil)
  persistent_cache: (nil)
  block_size: 4096
  block_size_deviation: 10
  block_restart_interval: 16
  index_block_restart_interval: 1
  metadata_block_size: 4096
  partition_filters: 0
  use_delta_encoding: 1
  filter_policy: rocksdb.BuiltinBloomFilter
  whole_key_filtering: 1
  verify_compression: 0
  read_amp_bytes_per_bit: 0
  format_version: 0
  enable_index_compression: 1
  block_align: 0
2022/06/08-16:32:36.857110 7efee9b7b700        Options.write_buffer_size: 16777216
2022/06/08-16:32:36.857111 7efee9b7b700  Options.max_write_buffer_number: 3
2022/06/08-16:32:36.857112 7efee9b7b700          Options.compression: NoCompression
2022/06/08-16:32:36.857113 7efee9b7b700                  Options.bottommost_compression: Disabled
2022/06/08-16:32:36.857114 7efee9b7b700       Options.prefix_extractor: nullptr
2022/06/08-16:32:36.857115 7efee9b7b700   Options.memtable_insert_with_hint_prefix_extractor: nullptr
2022/06/08-16:32:36.857116 7efee9b7b700             Options.num_levels: 7
2022/06/08-16:32:36.857116 7efee9b7b700        Options.min_write_buffer_number_to_merge: 1
2022/06/08-16:32:36.857117 7efee9b7b700     Options.max_write_buffer_number_to_maintain: 0
2022/06/08-16:32:36.857118 7efee9b7b700            Options.bottommost_compression_opts.window_bits: -14
2022/06/08-16:32:36.857119 7efee9b7b700                  Options.bottommost_compression_opts.level: 32767
2022/06/08-16:32:36.857119 7efee9b7b700               Options.bottommost_compression_opts.strategy: 0
2022/06/08-16:32:36.857120 7efee9b7b700         Options.bottommost_compression_opts.max_dict_bytes: 0
2022/06/08-16:32:36.857121 7efee9b7b700         Options.bottommost_compression_opts.zstd_max_train_bytes: 0
2022/06/08-16:32:36.857122 7efee9b7b700                  Options.bottommost_compression_opts.enabled: false
2022/06/08-16:32:36.857123 7efee9b7b700            Options.compression_opts.window_bits: -14
2022/06/08-16:32:36.857124 7efee9b7b700                  Options.compression_opts.level: 32767
2022/06/08-16:32:36.857125 7efee9b7b700               Options.compression_opts.strategy: 0
2022/06/08-16:32:36.857126 7efee9b7b700         Options.compression_opts.max_dict_bytes: 0
2022/06/08-16:32:36.857126 7efee9b7b700         Options.compression_opts.zstd_max_train_bytes: 0
2022/06/08-16:32:36.857127 7efee9b7b700                  Options.compression_opts.enabled: false
2022/06/08-16:32:36.857128 7efee9b7b700      Options.level0_file_num_compaction_trigger: 4
2022/06/08-16:32:36.857129 7efee9b7b700          Options.level0_slowdown_writes_trigger: 20
2022/06/08-16:32:36.857130 7efee9b7b700              Options.level0_stop_writes_trigger: 36
2022/06/08-16:32:36.857131 7efee9b7b700                   Options.target_file_size_base: 67108864
2022/06/08-16:32:36.857131 7efee9b7b700             Options.target_file_size_multiplier: 1
2022/06/08-16:32:36.857132 7efee9b7b700                Options.max_bytes_for_level_base: 268435456
2022/06/08-16:32:36.857145 7efee9b7b700 Options.level_compaction_dynamic_level_bytes: 0
2022/06/08-16:32:36.857146 7efee9b7b700          Options.max_bytes_for_level_multiplier: 10.000000
2022/06/08-16:32:36.857148 7efee9b7b700 Options.max_bytes_for_level_multiplier_addtl[0]: 1
2022/06/08-16:32:36.857149 7efee9b7b700 Options.max_bytes_for_level_multiplier_addtl[1]: 1
2022/06/08-16:32:36.857150 7efee9b7b700 Options.max_bytes_for_level_multiplier_addtl[2]: 1
2022/06/08-16:32:36.857151 7efee9b7b700 Options.max_bytes_for_level_multiplier_addtl[3]: 1
2022/06/08-16:32:36.857151 7efee9b7b700 Options.max_bytes_for_level_multiplier_addtl[4]: 1
2022/06/08-16:32:36.857152 7efee9b7b700 Options.max_bytes_for_level_multiplier_addtl[5]: 1
2022/06/08-16:32:36.857153 7efee9b7b700 Options.max_bytes_for_level_multiplier_addtl[6]: 1
2022/06/08-16:32:36.857154 7efee9b7b700       Options.max_sequential_skip_in_iterations: 8
2022/06/08-16:32:36.857155 7efee9b7b700                    Options.max_compaction_bytes: 1677721600
2022/06/08-16:32:36.857156 7efee9b7b700                        Options.arena_block_size: 2097152
2022/06/08-16:32:36.857156 7efee9b7b700   Options.soft_pending_compaction_bytes_limit: 68719476736
2022/06/08-16:32:36.857157 7efee9b7b700   Options.hard_pending_compaction_bytes_limit: 274877906944
2022/06/08-16:32:36.857158 7efee9b7b700       Options.rate_limit_delay_max_milliseconds: 100
2022/06/08-16:32:36.857159 7efee9b7b700                Options.disable_auto_compactions: 0
2022/06/08-16:32:36.857160 7efee9b7b700                        Options.compaction_style: kCompactionStyleUniversal
2022/06/08-16:32:36.857162 7efee9b7b700                          Options.compaction_pri: kByCompensatedSize
2022/06/08-16:32:36.857162 7efee9b7b700 Options.compaction_options_universal.size_ratio: 1
2022/06/08-16:32:36.857163 7efee9b7b700 Options.compaction_options_universal.min_merge_width: 2
2022/06/08-16:32:36.857164 7efee9b7b700 Options.compaction_options_universal.max_merge_width: 4294967295
2022/06/08-16:32:36.857165 7efee9b7b700 Options.compaction_options_universal.max_size_amplification_percent: 200
2022/06/08-16:32:36.857166 7efee9b7b700 Options.compaction_options_universal.compression_size_percent: -1
2022/06/08-16:32:36.857167 7efee9b7b700 Options.compaction_options_universal.stop_style: kCompactionStopStyleTotalSize
2022/06/08-16:32:36.857168 7efee9b7b700 Options.compaction_options_fifo.max_table_files_size: 1073741824
2022/06/08-16:32:36.857169 7efee9b7b700 Options.compaction_options_fifo.allow_compaction: 0
2022/06/08-16:32:36.857169 7efee9b7b700 Options.compaction_options_fifo.ttl: 0
2022/06/08-16:32:36.857170 7efee9b7b700                   Options.table_properties_collectors: 
2022/06/08-16:32:36.857171 7efee9b7b700                   Options.inplace_update_support: 0
2022/06/08-16:32:36.857172 7efee9b7b700                 Options.inplace_update_num_locks: 10000
2022/06/08-16:32:36.857173 7efee9b7b700               Options.memtable_prefix_bloom_size_ratio: 0.000000
2022/06/08-16:32:36.857174 7efee9b7b700   Options.memtable_huge_page_size: 0
2022/06/08-16:32:36.857175 7efee9b7b700                           Options.bloom_locality: 0
2022/06/08-16:32:36.857176 7efee9b7b700                    Options.max_successive_merges: 0
2022/06/08-16:32:36.857177 7efee9b7b700                Options.optimize_filters_for_hits: 0
2022/06/08-16:32:36.857177 7efee9b7b700                Options.paranoid_file_checks: 0
2022/06/08-16:32:36.857178 7efee9b7b700                Options.force_consistency_checks: 0
2022/06/08-16:32:36.857179 7efee9b7b700                Options.report_bg_io_stats: 0
2022/06/08-16:32:36.857180 7efee9b7b700                               Options.ttl: 0
