2022/06/08-16:32:36.958398 7efee9b7b700 RocksDB version: 5.18.4
2022/06/08-16:32:36.958419 7efee9b7b700 Git sha rocksdb_build_git_sha:
2022/06/08-16:32:36.958420 7efee9b7b700 Compile date Mar 11 2020
2022/06/08-16:32:36.958421 7efee9b7b700 DB SUMMARY
2022/06/08-16:32:36.958432 7efee9b7b700 CURRENT file:  CURRENT
2022/06/08-16:32:36.958433 7efee9b7b700 IDENTITY file:  IDENTITY
2022/06/08-16:32:36.958435 7efee9b7b700 MANIFEST file:  MANIFEST-000001 size: 13 Bytes
2022/06/08-16:32:36.958436 7efee9b7b700 SST files in /home/ANT.AMAZON.COM/stefler/Documents/university/cloud-services/WikipediaStats/src/streams/./local-streams/kafka-streams-wiki/46_1/rocksdb/week-per-userType-active-pages dir, Total Num: 0, files: 
2022/06/08-16:32:36.958437 7efee9b7b700 Write Ahead Log file in /home/ANT.AMAZON.COM/stefler/Documents/university/cloud-services/WikipediaStats/src/streams/./local-streams/kafka-streams-wiki/46_1/rocksdb/week-per-userType-active-pages: 000003.log size: 0 ; 
2022/06/08-16:32:36.958438 7efee9b7b700                         Options.error_if_exists: 0
2022/06/08-16:32:36.958438 7efee9b7b700                       Options.create_if_missing: 1
2022/06/08-16:32:36.958439 7efee9b7b700                         Options.paranoid_checks: 1
2022/06/08-16:32:36.958439 7efee9b7b700                                     Options.env: 0x7efe57ffbfa0
2022/06/08-16:32:36.958440 7efee9b7b700                                Options.info_log: 0x7efe9f018410
2022/06/08-16:32:36.958440 7efee9b7b700                Options.max_file_opening_threads: 16
2022/06/08-16:32:36.958441 7efee9b7b700                              Options.statistics: (nil)
2022/06/08-16:32:36.958441 7efee9b7b700                               Options.use_fsync: 0
2022/06/08-16:32:36.958442 7efee9b7b700                       Options.max_log_file_size: 0
2022/06/08-16:32:36.958442 7efee9b7b700                  Options.max_manifest_file_size: 1073741824
2022/06/08-16:32:36.958443 7efee9b7b700                   Options.log_file_time_to_roll: 0
2022/06/08-16:32:36.958443 7efee9b7b700                       Options.keep_log_file_num: 1000
2022/06/08-16:32:36.958444 7efee9b7b700                    Options.recycle_log_file_num: 0
2022/06/08-16:32:36.958444 7efee9b7b700                         Options.allow_fallocate: 1
2022/06/08-16:32:36.958445 7efee9b7b700                        Options.allow_mmap_reads: 0
2022/06/08-16:32:36.958445 7efee9b7b700                       Options.allow_mmap_writes: 0
2022/06/08-16:32:36.958445 7efee9b7b700                        Options.use_direct_reads: 0
2022/06/08-16:32:36.958446 7efee9b7b700                        Options.use_direct_io_for_flush_and_compaction: 0
2022/06/08-16:32:36.958446 7efee9b7b700          Options.create_missing_column_families: 0
2022/06/08-16:32:36.958447 7efee9b7b700                              Options.db_log_dir: 
2022/06/08-16:32:36.958447 7efee9b7b700                                 Options.wal_dir: /home/ANT.AMAZON.COM/stefler/Documents/university/cloud-services/WikipediaStats/src/streams/./local-streams/kafka-streams-wiki/46_1/rocksdb/week-per-userType-active-pages
2022/06/08-16:32:36.958448 7efee9b7b700                Options.table_cache_numshardbits: 6
2022/06/08-16:32:36.958448 7efee9b7b700                      Options.max_subcompactions: 1
2022/06/08-16:32:36.958449 7efee9b7b700                  Options.max_background_flushes: -1
2022/06/08-16:32:36.958449 7efee9b7b700                         Options.WAL_ttl_seconds: 0
2022/06/08-16:32:36.958450 7efee9b7b700                       Options.WAL_size_limit_MB: 0
2022/06/08-16:32:36.958450 7efee9b7b700             Options.manifest_preallocation_size: 4194304
2022/06/08-16:32:36.958451 7efee9b7b700                     Options.is_fd_close_on_exec: 1
2022/06/08-16:32:36.958451 7efee9b7b700                   Options.advise_random_on_open: 1
2022/06/08-16:32:36.958452 7efee9b7b700                    Options.db_write_buffer_size: 0
2022/06/08-16:32:36.958452 7efee9b7b700                    Options.write_buffer_manager: 0x7efe9f02cb60
2022/06/08-16:32:36.958452 7efee9b7b700         Options.access_hint_on_compaction_start: 1
2022/06/08-16:32:36.958453 7efee9b7b700  Options.new_table_reader_for_compaction_inputs: 0
2022/06/08-16:32:36.958457 7efee9b7b700           Options.random_access_max_buffer_size: 1048576
2022/06/08-16:32:36.958457 7efee9b7b700                      Options.use_adaptive_mutex: 0
2022/06/08-16:32:36.958458 7efee9b7b700                            Options.rate_limiter: (nil)
2022/06/08-16:32:36.958459 7efee9b7b700     Options.sst_file_manager.rate_bytes_per_sec: 0
2022/06/08-16:32:36.958459 7efee9b7b700                       Options.wal_recovery_mode: 2
2022/06/08-16:32:36.958460 7efee9b7b700                  Options.enable_thread_tracking: 0
2022/06/08-16:32:36.958460 7efee9b7b700                  Options.enable_pipelined_write: 0
2022/06/08-16:32:36.958460 7efee9b7b700         Options.allow_concurrent_memtable_write: 1
2022/06/08-16:32:36.958461 7efee9b7b700      Options.enable_write_thread_adaptive_yield: 1
2022/06/08-16:32:36.958461 7efee9b7b700             Options.write_thread_max_yield_usec: 100
2022/06/08-16:32:36.958462 7efee9b7b700            Options.write_thread_slow_yield_usec: 3
2022/06/08-16:32:36.958462 7efee9b7b700                               Options.row_cache: None
2022/06/08-16:32:36.958463 7efee9b7b700                              Options.wal_filter: None
2022/06/08-16:32:36.958463 7efee9b7b700             Options.avoid_flush_during_recovery: 0
2022/06/08-16:32:36.958464 7efee9b7b700             Options.allow_ingest_behind: 0
2022/06/08-16:32:36.958464 7efee9b7b700             Options.preserve_deletes: 0
2022/06/08-16:32:36.958464 7efee9b7b700             Options.two_write_queues: 0
2022/06/08-16:32:36.958465 7efee9b7b700             Options.manual_wal_flush: 0
2022/06/08-16:32:36.958465 7efee9b7b700             Options.max_background_jobs: 8
2022/06/08-16:32:36.958466 7efee9b7b700             Options.max_background_compactions: -1
2022/06/08-16:32:36.958466 7efee9b7b700             Options.avoid_flush_during_shutdown: 0
2022/06/08-16:32:36.958467 7efee9b7b700           Options.writable_file_max_buffer_size: 1048576
2022/06/08-16:32:36.958467 7efee9b7b700             Options.delayed_write_rate : 16777216
2022/06/08-16:32:36.958468 7efee9b7b700             Options.max_total_wal_size: 0
2022/06/08-16:32:36.958468 7efee9b7b700             Options.delete_obsolete_files_period_micros: 21600000000
2022/06/08-16:32:36.958468 7efee9b7b700                   Options.stats_dump_period_sec: 600
2022/06/08-16:32:36.958469 7efee9b7b700                          Options.max_open_files: -1
2022/06/08-16:32:36.958469 7efee9b7b700                          Options.bytes_per_sync: 0
2022/06/08-16:32:36.958470 7efee9b7b700                      Options.wal_bytes_per_sync: 0
2022/06/08-16:32:36.958470 7efee9b7b700       Options.compaction_readahead_size: 0
2022/06/08-16:32:36.958471 7efee9b7b700 Compression algorithms supported:
2022/06/08-16:32:36.958472 7efee9b7b700 	kZSTDNotFinalCompression supported: 1
2022/06/08-16:32:36.958473 7efee9b7b700 	kZSTD supported: 1
2022/06/08-16:32:36.958473 7efee9b7b700 	kXpressCompression supported: 0
2022/06/08-16:32:36.958474 7efee9b7b700 	kLZ4HCCompression supported: 1
2022/06/08-16:32:36.958474 7efee9b7b700 	kLZ4Compression supported: 1
2022/06/08-16:32:36.958475 7efee9b7b700 	kBZip2Compression supported: 1
2022/06/08-16:32:36.958476 7efee9b7b700 	kZlibCompression supported: 1
2022/06/08-16:32:36.958476 7efee9b7b700 	kSnappyCompression supported: 1
2022/06/08-16:32:36.958477 7efee9b7b700 Fast CRC32 supported: Not supported on x86
2022/06/08-16:32:36.958549 7efee9b7b700               Options.comparator: leveldb.BytewiseComparator
2022/06/08-16:32:36.958550 7efee9b7b700           Options.merge_operator: None
2022/06/08-16:32:36.958550 7efee9b7b700        Options.compaction_filter: None
2022/06/08-16:32:36.958551 7efee9b7b700        Options.compaction_filter_factory: None
2022/06/08-16:32:36.958551 7efee9b7b700         Options.memtable_factory: SkipListFactory
2022/06/08-16:32:36.958552 7efee9b7b700            Options.table_factory: BlockBasedTable
2022/06/08-16:32:36.958568 7efee9b7b700            table_factory options:   flush_block_policy_factory: FlushBlockBySizePolicyFactory (0x7efe9f06ba50)
  cache_index_and_filter_blocks: 0
  cache_index_and_filter_blocks_with_high_priority: 0
  pin_l0_filter_and_index_blocks_in_cache: 0
  pin_top_level_index_and_filter: 1
  index_type: 0
  hash_index_allow_collision: 1
  checksum: 1
  no_block_cache: 0
  block_cache: 0x7efe9f01c970
  block_cache_name: LRUCache
  block_cache_options:
    capacity : 52428800
    num_shard_bits : 6
    strict_capacity_limit : 0
    memory_allocator : None
    high_pri_pool_ratio: 0.000
  block_cache_compressed: (nil)
  persistent_cache: (nil)
  block_size: 4096
  block_size_deviation: 10
  block_restart_interval: 16
  index_block_restart_interval: 1
  metadata_block_size: 4096
  partition_filters: 0
  use_delta_encoding: 1
  filter_policy: rocksdb.BuiltinBloomFilter
  whole_key_filtering: 1
  verify_compression: 0
  read_amp_bytes_per_bit: 0
  format_version: 0
  enable_index_compression: 1
  block_align: 0
2022/06/08-16:32:36.958572 7efee9b7b700        Options.write_buffer_size: 16777216
2022/06/08-16:32:36.958573 7efee9b7b700  Options.max_write_buffer_number: 3
2022/06/08-16:32:36.958573 7efee9b7b700          Options.compression: NoCompression
2022/06/08-16:32:36.958574 7efee9b7b700                  Options.bottommost_compression: Disabled
2022/06/08-16:32:36.958574 7efee9b7b700       Options.prefix_extractor: nullptr
2022/06/08-16:32:36.958575 7efee9b7b700   Options.memtable_insert_with_hint_prefix_extractor: nullptr
2022/06/08-16:32:36.958575 7efee9b7b700             Options.num_levels: 7
2022/06/08-16:32:36.958576 7efee9b7b700        Options.min_write_buffer_number_to_merge: 1
2022/06/08-16:32:36.958576 7efee9b7b700     Options.max_write_buffer_number_to_maintain: 0
2022/06/08-16:32:36.958577 7efee9b7b700            Options.bottommost_compression_opts.window_bits: -14
2022/06/08-16:32:36.958577 7efee9b7b700                  Options.bottommost_compression_opts.level: 32767
2022/06/08-16:32:36.958578 7efee9b7b700               Options.bottommost_compression_opts.strategy: 0
2022/06/08-16:32:36.958578 7efee9b7b700         Options.bottommost_compression_opts.max_dict_bytes: 0
2022/06/08-16:32:36.958578 7efee9b7b700         Options.bottommost_compression_opts.zstd_max_train_bytes: 0
2022/06/08-16:32:36.958579 7efee9b7b700                  Options.bottommost_compression_opts.enabled: false
2022/06/08-16:32:36.958579 7efee9b7b700            Options.compression_opts.window_bits: -14
2022/06/08-16:32:36.958580 7efee9b7b700                  Options.compression_opts.level: 32767
2022/06/08-16:32:36.958580 7efee9b7b700               Options.compression_opts.strategy: 0
2022/06/08-16:32:36.958581 7efee9b7b700         Options.compression_opts.max_dict_bytes: 0
2022/06/08-16:32:36.958581 7efee9b7b700         Options.compression_opts.zstd_max_train_bytes: 0
2022/06/08-16:32:36.958582 7efee9b7b700                  Options.compression_opts.enabled: false
2022/06/08-16:32:36.958582 7efee9b7b700      Options.level0_file_num_compaction_trigger: 4
2022/06/08-16:32:36.958583 7efee9b7b700          Options.level0_slowdown_writes_trigger: 20
2022/06/08-16:32:36.958583 7efee9b7b700              Options.level0_stop_writes_trigger: 36
2022/06/08-16:32:36.958584 7efee9b7b700                   Options.target_file_size_base: 67108864
2022/06/08-16:32:36.958584 7efee9b7b700             Options.target_file_size_multiplier: 1
2022/06/08-16:32:36.958584 7efee9b7b700                Options.max_bytes_for_level_base: 268435456
2022/06/08-16:32:36.958585 7efee9b7b700 Options.level_compaction_dynamic_level_bytes: 0
2022/06/08-16:32:36.958585 7efee9b7b700          Options.max_bytes_for_level_multiplier: 10.000000
2022/06/08-16:32:36.958586 7efee9b7b700 Options.max_bytes_for_level_multiplier_addtl[0]: 1
2022/06/08-16:32:36.958587 7efee9b7b700 Options.max_bytes_for_level_multiplier_addtl[1]: 1
2022/06/08-16:32:36.958588 7efee9b7b700 Options.max_bytes_for_level_multiplier_addtl[2]: 1
2022/06/08-16:32:36.958588 7efee9b7b700 Options.max_bytes_for_level_multiplier_addtl[3]: 1
2022/06/08-16:32:36.958588 7efee9b7b700 Options.max_bytes_for_level_multiplier_addtl[4]: 1
2022/06/08-16:32:36.958591 7efee9b7b700 Options.max_bytes_for_level_multiplier_addtl[5]: 1
2022/06/08-16:32:36.958592 7efee9b7b700 Options.max_bytes_for_level_multiplier_addtl[6]: 1
2022/06/08-16:32:36.958592 7efee9b7b700       Options.max_sequential_skip_in_iterations: 8
2022/06/08-16:32:36.958593 7efee9b7b700                    Options.max_compaction_bytes: 1677721600
2022/06/08-16:32:36.958593 7efee9b7b700                        Options.arena_block_size: 2097152
2022/06/08-16:32:36.958594 7efee9b7b700   Options.soft_pending_compaction_bytes_limit: 68719476736
2022/06/08-16:32:36.958594 7efee9b7b700   Options.hard_pending_compaction_bytes_limit: 274877906944
2022/06/08-16:32:36.958595 7efee9b7b700       Options.rate_limit_delay_max_milliseconds: 100
2022/06/08-16:32:36.958595 7efee9b7b700                Options.disable_auto_compactions: 0
2022/06/08-16:32:36.958596 7efee9b7b700                        Options.compaction_style: kCompactionStyleUniversal
2022/06/08-16:32:36.958596 7efee9b7b700                          Options.compaction_pri: kByCompensatedSize
2022/06/08-16:32:36.958597 7efee9b7b700 Options.compaction_options_universal.size_ratio: 1
2022/06/08-16:32:36.958597 7efee9b7b700 Options.compaction_options_universal.min_merge_width: 2
2022/06/08-16:32:36.958598 7efee9b7b700 Options.compaction_options_universal.max_merge_width: 4294967295
2022/06/08-16:32:36.958598 7efee9b7b700 Options.compaction_options_universal.max_size_amplification_percent: 200
2022/06/08-16:32:36.958599 7efee9b7b700 Options.compaction_options_universal.compression_size_percent: -1
2022/06/08-16:32:36.958599 7efee9b7b700 Options.compaction_options_universal.stop_style: kCompactionStopStyleTotalSize
2022/06/08-16:32:36.958600 7efee9b7b700 Options.compaction_options_fifo.max_table_files_size: 1073741824
2022/06/08-16:32:36.958600 7efee9b7b700 Options.compaction_options_fifo.allow_compaction: 0
2022/06/08-16:32:36.958601 7efee9b7b700 Options.compaction_options_fifo.ttl: 0
2022/06/08-16:32:36.958601 7efee9b7b700                   Options.table_properties_collectors: 
2022/06/08-16:32:36.958602 7efee9b7b700                   Options.inplace_update_support: 0
2022/06/08-16:32:36.958602 7efee9b7b700                 Options.inplace_update_num_locks: 10000
2022/06/08-16:32:36.958602 7efee9b7b700               Options.memtable_prefix_bloom_size_ratio: 0.000000
2022/06/08-16:32:36.958603 7efee9b7b700   Options.memtable_huge_page_size: 0
2022/06/08-16:32:36.958604 7efee9b7b700                           Options.bloom_locality: 0
2022/06/08-16:32:36.958604 7efee9b7b700                    Options.max_successive_merges: 0
2022/06/08-16:32:36.958604 7efee9b7b700                Options.optimize_filters_for_hits: 0
2022/06/08-16:32:36.958605 7efee9b7b700                Options.paranoid_file_checks: 0
2022/06/08-16:32:36.958605 7efee9b7b700                Options.force_consistency_checks: 0
2022/06/08-16:32:36.958606 7efee9b7b700                Options.report_bg_io_stats: 0
2022/06/08-16:32:36.958606 7efee9b7b700                               Options.ttl: 0
2022/06/08-16:32:36.967574 7efee9b7b700               Options.comparator: leveldb.BytewiseComparator
2022/06/08-16:32:36.967579 7efee9b7b700           Options.merge_operator: None
2022/06/08-16:32:36.967580 7efee9b7b700        Options.compaction_filter: None
2022/06/08-16:32:36.967581 7efee9b7b700        Options.compaction_filter_factory: None
2022/06/08-16:32:36.967582 7efee9b7b700         Options.memtable_factory: SkipListFactory
2022/06/08-16:32:36.967583 7efee9b7b700            Options.table_factory: BlockBasedTable
2022/06/08-16:32:36.967620 7efee9b7b700            table_factory options:   flush_block_policy_factory: FlushBlockBySizePolicyFactory (0x7efe9f06ba50)
  cache_index_and_filter_blocks: 0
  cache_index_and_filter_blocks_with_high_priority: 0
  pin_l0_filter_and_index_blocks_in_cache: 0
  pin_top_level_index_and_filter: 1
  index_type: 0
  hash_index_allow_collision: 1
  checksum: 1
  no_block_cache: 0
  block_cache: 0x7efe9f01c970
  block_cache_name: LRUCache
  block_cache_options:
    capacity : 52428800
    num_shard_bits : 6
    strict_capacity_limit : 0
    memory_allocator : None
    high_pri_pool_ratio: 0.000
  block_cache_compressed: (nil)
  persistent_cache: (nil)
  block_size: 4096
  block_size_deviation: 10
  block_restart_interval: 16
  index_block_restart_interval: 1
  metadata_block_size: 4096
  partition_filters: 0
  use_delta_encoding: 1
  filter_policy: rocksdb.BuiltinBloomFilter
  whole_key_filtering: 1
  verify_compression: 0
  read_amp_bytes_per_bit: 0
  format_version: 0
  enable_index_compression: 1
  block_align: 0
2022/06/08-16:32:36.967623 7efee9b7b700        Options.write_buffer_size: 16777216
2022/06/08-16:32:36.967624 7efee9b7b700  Options.max_write_buffer_number: 3
2022/06/08-16:32:36.967625 7efee9b7b700          Options.compression: NoCompression
2022/06/08-16:32:36.967626 7efee9b7b700                  Options.bottommost_compression: Disabled
2022/06/08-16:32:36.967627 7efee9b7b700       Options.prefix_extractor: nullptr
2022/06/08-16:32:36.967628 7efee9b7b700   Options.memtable_insert_with_hint_prefix_extractor: nullptr
2022/06/08-16:32:36.967628 7efee9b7b700             Options.num_levels: 7
2022/06/08-16:32:36.967629 7efee9b7b700        Options.min_write_buffer_number_to_merge: 1
2022/06/08-16:32:36.967630 7efee9b7b700     Options.max_write_buffer_number_to_maintain: 0
2022/06/08-16:32:36.967631 7efee9b7b700            Options.bottommost_compression_opts.window_bits: -14
2022/06/08-16:32:36.967631 7efee9b7b700                  Options.bottommost_compression_opts.level: 32767
2022/06/08-16:32:36.967632 7efee9b7b700               Options.bottommost_compression_opts.strategy: 0
2022/06/08-16:32:36.967633 7efee9b7b700         Options.bottommost_compression_opts.max_dict_bytes: 0
2022/06/08-16:32:36.967634 7efee9b7b700         Options.bottommost_compression_opts.zstd_max_train_bytes: 0
2022/06/08-16:32:36.967634 7efee9b7b700                  Options.bottommost_compression_opts.enabled: false
2022/06/08-16:32:36.967635 7efee9b7b700            Options.compression_opts.window_bits: -14
2022/06/08-16:32:36.967636 7efee9b7b700                  Options.compression_opts.level: 32767
2022/06/08-16:32:36.967637 7efee9b7b700               Options.compression_opts.strategy: 0
2022/06/08-16:32:36.967637 7efee9b7b700         Options.compression_opts.max_dict_bytes: 0
2022/06/08-16:32:36.967638 7efee9b7b700         Options.compression_opts.zstd_max_train_bytes: 0
2022/06/08-16:32:36.967639 7efee9b7b700                  Options.compression_opts.enabled: false
2022/06/08-16:32:36.967640 7efee9b7b700      Options.level0_file_num_compaction_trigger: 4
2022/06/08-16:32:36.967640 7efee9b7b700          Options.level0_slowdown_writes_trigger: 20
2022/06/08-16:32:36.967641 7efee9b7b700              Options.level0_stop_writes_trigger: 36
2022/06/08-16:32:36.967642 7efee9b7b700                   Options.target_file_size_base: 67108864
2022/06/08-16:32:36.967643 7efee9b7b700             Options.target_file_size_multiplier: 1
2022/06/08-16:32:36.967643 7efee9b7b700                Options.max_bytes_for_level_base: 268435456
2022/06/08-16:32:36.967658 7efee9b7b700 Options.level_compaction_dynamic_level_bytes: 0
2022/06/08-16:32:36.967659 7efee9b7b700          Options.max_bytes_for_level_multiplier: 10.000000
2022/06/08-16:32:36.967661 7efee9b7b700 Options.max_bytes_for_level_multiplier_addtl[0]: 1
2022/06/08-16:32:36.967661 7efee9b7b700 Options.max_bytes_for_level_multiplier_addtl[1]: 1
2022/06/08-16:32:36.967662 7efee9b7b700 Options.max_bytes_for_level_multiplier_addtl[2]: 1
2022/06/08-16:32:36.967663 7efee9b7b700 Options.max_bytes_for_level_multiplier_addtl[3]: 1
2022/06/08-16:32:36.967664 7efee9b7b700 Options.max_bytes_for_level_multiplier_addtl[4]: 1
2022/06/08-16:32:36.967664 7efee9b7b700 Options.max_bytes_for_level_multiplier_addtl[5]: 1
2022/06/08-16:32:36.967665 7efee9b7b700 Options.max_bytes_for_level_multiplier_addtl[6]: 1
2022/06/08-16:32:36.967666 7efee9b7b700       Options.max_sequential_skip_in_iterations: 8
2022/06/08-16:32:36.967666 7efee9b7b700                    Options.max_compaction_bytes: 1677721600
2022/06/08-16:32:36.967667 7efee9b7b700                        Options.arena_block_size: 2097152
2022/06/08-16:32:36.967668 7efee9b7b700   Options.soft_pending_compaction_bytes_limit: 68719476736
2022/06/08-16:32:36.967669 7efee9b7b700   Options.hard_pending_compaction_bytes_limit: 274877906944
2022/06/08-16:32:36.967670 7efee9b7b700       Options.rate_limit_delay_max_milliseconds: 100
2022/06/08-16:32:36.967670 7efee9b7b700                Options.disable_auto_compactions: 0
2022/06/08-16:32:36.967671 7efee9b7b700                        Options.compaction_style: kCompactionStyleUniversal
2022/06/08-16:32:36.967672 7efee9b7b700                          Options.compaction_pri: kByCompensatedSize
2022/06/08-16:32:36.967673 7efee9b7b700 Options.compaction_options_universal.size_ratio: 1
2022/06/08-16:32:36.967674 7efee9b7b700 Options.compaction_options_universal.min_merge_width: 2
2022/06/08-16:32:36.967674 7efee9b7b700 Options.compaction_options_universal.max_merge_width: 4294967295
2022/06/08-16:32:36.967675 7efee9b7b700 Options.compaction_options_universal.max_size_amplification_percent: 200
2022/06/08-16:32:36.967676 7efee9b7b700 Options.compaction_options_universal.compression_size_percent: -1
2022/06/08-16:32:36.967677 7efee9b7b700 Options.compaction_options_universal.stop_style: kCompactionStopStyleTotalSize
2022/06/08-16:32:36.967678 7efee9b7b700 Options.compaction_options_fifo.max_table_files_size: 1073741824
2022/06/08-16:32:36.967678 7efee9b7b700 Options.compaction_options_fifo.allow_compaction: 0
2022/06/08-16:32:36.967679 7efee9b7b700 Options.compaction_options_fifo.ttl: 0
2022/06/08-16:32:36.967680 7efee9b7b700                   Options.table_properties_collectors: 
2022/06/08-16:32:36.967681 7efee9b7b700                   Options.inplace_update_support: 0
2022/06/08-16:32:36.967681 7efee9b7b700                 Options.inplace_update_num_locks: 10000
2022/06/08-16:32:36.967682 7efee9b7b700               Options.memtable_prefix_bloom_size_ratio: 0.000000
2022/06/08-16:32:36.967683 7efee9b7b700   Options.memtable_huge_page_size: 0
2022/06/08-16:32:36.967684 7efee9b7b700                           Options.bloom_locality: 0
2022/06/08-16:32:36.967686 7efee9b7b700                    Options.max_successive_merges: 0
2022/06/08-16:32:36.967687 7efee9b7b700                Options.optimize_filters_for_hits: 0
2022/06/08-16:32:36.967688 7efee9b7b700                Options.paranoid_file_checks: 0
2022/06/08-16:32:36.967689 7efee9b7b700                Options.force_consistency_checks: 0
2022/06/08-16:32:36.967691 7efee9b7b700                Options.report_bg_io_stats: 0
2022/06/08-16:32:36.967692 7efee9b7b700                               Options.ttl: 0
