2022/06/10-16:39:28.651701 7f9e4017b700 RocksDB version: 5.18.4
2022/06/10-16:39:28.651748 7f9e4017b700 Git sha rocksdb_build_git_sha:
2022/06/10-16:39:28.651751 7f9e4017b700 Compile date Mar 11 2020
2022/06/10-16:39:28.651753 7f9e4017b700 DB SUMMARY
2022/06/10-16:39:28.651782 7f9e4017b700 CURRENT file:  CURRENT
2022/06/10-16:39:28.651784 7f9e4017b700 IDENTITY file:  IDENTITY
2022/06/10-16:39:28.651798 7f9e4017b700 MANIFEST file:  MANIFEST-000001 size: 13 Bytes
2022/06/10-16:39:28.651800 7f9e4017b700 SST files in /home/ANT.AMAZON.COM/stefler/Documents/university/cloud-services/WikipediaStats/src/streams/./local-streams/kafka-streams-wiki/28_3/rocksdb/hour-per-language-active-users dir, Total Num: 0, files: 
2022/06/10-16:39:28.651802 7f9e4017b700 Write Ahead Log file in /home/ANT.AMAZON.COM/stefler/Documents/university/cloud-services/WikipediaStats/src/streams/./local-streams/kafka-streams-wiki/28_3/rocksdb/hour-per-language-active-users: 000003.log size: 0 ; 
2022/06/10-16:39:28.651805 7f9e4017b700                         Options.error_if_exists: 0
2022/06/10-16:39:28.651807 7f9e4017b700                       Options.create_if_missing: 1
2022/06/10-16:39:28.651808 7f9e4017b700                         Options.paranoid_checks: 1
2022/06/10-16:39:28.651809 7f9e4017b700                                     Options.env: 0x7f9de62e6fa0
2022/06/10-16:39:28.651811 7f9e4017b700                                Options.info_log: 0x7f9de1d90110
2022/06/10-16:39:28.651812 7f9e4017b700                Options.max_file_opening_threads: 16
2022/06/10-16:39:28.651813 7f9e4017b700                              Options.statistics: (nil)
2022/06/10-16:39:28.651815 7f9e4017b700                               Options.use_fsync: 0
2022/06/10-16:39:28.651816 7f9e4017b700                       Options.max_log_file_size: 0
2022/06/10-16:39:28.651817 7f9e4017b700                  Options.max_manifest_file_size: 1073741824
2022/06/10-16:39:28.651819 7f9e4017b700                   Options.log_file_time_to_roll: 0
2022/06/10-16:39:28.651820 7f9e4017b700                       Options.keep_log_file_num: 1000
2022/06/10-16:39:28.651821 7f9e4017b700                    Options.recycle_log_file_num: 0
2022/06/10-16:39:28.651823 7f9e4017b700                         Options.allow_fallocate: 1
2022/06/10-16:39:28.651824 7f9e4017b700                        Options.allow_mmap_reads: 0
2022/06/10-16:39:28.651825 7f9e4017b700                       Options.allow_mmap_writes: 0
2022/06/10-16:39:28.651826 7f9e4017b700                        Options.use_direct_reads: 0
2022/06/10-16:39:28.651828 7f9e4017b700                        Options.use_direct_io_for_flush_and_compaction: 0
2022/06/10-16:39:28.651829 7f9e4017b700          Options.create_missing_column_families: 0
2022/06/10-16:39:28.651830 7f9e4017b700                              Options.db_log_dir: 
2022/06/10-16:39:28.651831 7f9e4017b700                                 Options.wal_dir: /home/ANT.AMAZON.COM/stefler/Documents/university/cloud-services/WikipediaStats/src/streams/./local-streams/kafka-streams-wiki/28_3/rocksdb/hour-per-language-active-users
2022/06/10-16:39:28.651833 7f9e4017b700                Options.table_cache_numshardbits: 6
2022/06/10-16:39:28.651834 7f9e4017b700                      Options.max_subcompactions: 1
2022/06/10-16:39:28.651835 7f9e4017b700                  Options.max_background_flushes: -1
2022/06/10-16:39:28.651837 7f9e4017b700                         Options.WAL_ttl_seconds: 0
2022/06/10-16:39:28.651838 7f9e4017b700                       Options.WAL_size_limit_MB: 0
2022/06/10-16:39:28.651839 7f9e4017b700             Options.manifest_preallocation_size: 4194304
2022/06/10-16:39:28.651841 7f9e4017b700                     Options.is_fd_close_on_exec: 1
2022/06/10-16:39:28.651842 7f9e4017b700                   Options.advise_random_on_open: 1
2022/06/10-16:39:28.651843 7f9e4017b700                    Options.db_write_buffer_size: 0
2022/06/10-16:39:28.651845 7f9e4017b700                    Options.write_buffer_manager: 0x7f9de1dcded0
2022/06/10-16:39:28.651846 7f9e4017b700         Options.access_hint_on_compaction_start: 1
2022/06/10-16:39:28.651847 7f9e4017b700  Options.new_table_reader_for_compaction_inputs: 0
2022/06/10-16:39:28.651859 7f9e4017b700           Options.random_access_max_buffer_size: 1048576
2022/06/10-16:39:28.651861 7f9e4017b700                      Options.use_adaptive_mutex: 0
2022/06/10-16:39:28.651862 7f9e4017b700                            Options.rate_limiter: (nil)
2022/06/10-16:39:28.651864 7f9e4017b700     Options.sst_file_manager.rate_bytes_per_sec: 0
2022/06/10-16:39:28.651865 7f9e4017b700                       Options.wal_recovery_mode: 2
2022/06/10-16:39:28.651866 7f9e4017b700                  Options.enable_thread_tracking: 0
2022/06/10-16:39:28.651867 7f9e4017b700                  Options.enable_pipelined_write: 0
2022/06/10-16:39:28.651869 7f9e4017b700         Options.allow_concurrent_memtable_write: 1
2022/06/10-16:39:28.651870 7f9e4017b700      Options.enable_write_thread_adaptive_yield: 1
2022/06/10-16:39:28.651871 7f9e4017b700             Options.write_thread_max_yield_usec: 100
2022/06/10-16:39:28.651872 7f9e4017b700            Options.write_thread_slow_yield_usec: 3
2022/06/10-16:39:28.651874 7f9e4017b700                               Options.row_cache: None
2022/06/10-16:39:28.651875 7f9e4017b700                              Options.wal_filter: None
2022/06/10-16:39:28.651876 7f9e4017b700             Options.avoid_flush_during_recovery: 0
2022/06/10-16:39:28.651877 7f9e4017b700             Options.allow_ingest_behind: 0
2022/06/10-16:39:28.651879 7f9e4017b700             Options.preserve_deletes: 0
2022/06/10-16:39:28.651880 7f9e4017b700             Options.two_write_queues: 0
2022/06/10-16:39:28.651881 7f9e4017b700             Options.manual_wal_flush: 0
2022/06/10-16:39:28.651883 7f9e4017b700             Options.max_background_jobs: 8
2022/06/10-16:39:28.651884 7f9e4017b700             Options.max_background_compactions: -1
2022/06/10-16:39:28.651885 7f9e4017b700             Options.avoid_flush_during_shutdown: 0
2022/06/10-16:39:28.651886 7f9e4017b700           Options.writable_file_max_buffer_size: 1048576
2022/06/10-16:39:28.651888 7f9e4017b700             Options.delayed_write_rate : 16777216
2022/06/10-16:39:28.651889 7f9e4017b700             Options.max_total_wal_size: 0
2022/06/10-16:39:28.651890 7f9e4017b700             Options.delete_obsolete_files_period_micros: 21600000000
2022/06/10-16:39:28.651892 7f9e4017b700                   Options.stats_dump_period_sec: 600
2022/06/10-16:39:28.651893 7f9e4017b700                          Options.max_open_files: -1
2022/06/10-16:39:28.651894 7f9e4017b700                          Options.bytes_per_sync: 0
2022/06/10-16:39:28.651895 7f9e4017b700                      Options.wal_bytes_per_sync: 0
2022/06/10-16:39:28.651897 7f9e4017b700       Options.compaction_readahead_size: 0
2022/06/10-16:39:28.651898 7f9e4017b700 Compression algorithms supported:
2022/06/10-16:39:28.651900 7f9e4017b700 	kZSTDNotFinalCompression supported: 1
2022/06/10-16:39:28.651902 7f9e4017b700 	kZSTD supported: 1
2022/06/10-16:39:28.651903 7f9e4017b700 	kXpressCompression supported: 0
2022/06/10-16:39:28.651905 7f9e4017b700 	kLZ4HCCompression supported: 1
2022/06/10-16:39:28.651906 7f9e4017b700 	kLZ4Compression supported: 1
2022/06/10-16:39:28.651908 7f9e4017b700 	kBZip2Compression supported: 1
2022/06/10-16:39:28.651909 7f9e4017b700 	kZlibCompression supported: 1
2022/06/10-16:39:28.651910 7f9e4017b700 	kSnappyCompression supported: 1
2022/06/10-16:39:28.651913 7f9e4017b700 Fast CRC32 supported: Not supported on x86
2022/06/10-16:39:28.652098 7f9e4017b700               Options.comparator: leveldb.BytewiseComparator
2022/06/10-16:39:28.652100 7f9e4017b700           Options.merge_operator: None
2022/06/10-16:39:28.652102 7f9e4017b700        Options.compaction_filter: None
2022/06/10-16:39:28.652103 7f9e4017b700        Options.compaction_filter_factory: None
2022/06/10-16:39:28.652104 7f9e4017b700         Options.memtable_factory: SkipListFactory
2022/06/10-16:39:28.652106 7f9e4017b700            Options.table_factory: BlockBasedTable
2022/06/10-16:39:28.652130 7f9e4017b700            table_factory options:   flush_block_policy_factory: FlushBlockBySizePolicyFactory (0x7f9de1dd2a90)
  cache_index_and_filter_blocks: 0
  cache_index_and_filter_blocks_with_high_priority: 0
  pin_l0_filter_and_index_blocks_in_cache: 0
  pin_top_level_index_and_filter: 1
  index_type: 0
  hash_index_allow_collision: 1
  checksum: 1
  no_block_cache: 0
  block_cache: 0x7f9de1dd2ab0
  block_cache_name: LRUCache
  block_cache_options:
    capacity : 52428800
    num_shard_bits : 6
    strict_capacity_limit : 0
    memory_allocator : None
    high_pri_pool_ratio: 0.000
  block_cache_compressed: (nil)
  persistent_cache: (nil)
  block_size: 4096
  block_size_deviation: 10
  block_restart_interval: 16
  index_block_restart_interval: 1
  metadata_block_size: 4096
  partition_filters: 0
  use_delta_encoding: 1
  filter_policy: rocksdb.BuiltinBloomFilter
  whole_key_filtering: 1
  verify_compression: 0
  read_amp_bytes_per_bit: 0
  format_version: 0
  enable_index_compression: 1
  block_align: 0
2022/06/10-16:39:28.652142 7f9e4017b700        Options.write_buffer_size: 16777216
2022/06/10-16:39:28.652144 7f9e4017b700  Options.max_write_buffer_number: 3
2022/06/10-16:39:28.652145 7f9e4017b700          Options.compression: NoCompression
2022/06/10-16:39:28.652147 7f9e4017b700                  Options.bottommost_compression: Disabled
2022/06/10-16:39:28.652148 7f9e4017b700       Options.prefix_extractor: nullptr
2022/06/10-16:39:28.652150 7f9e4017b700   Options.memtable_insert_with_hint_prefix_extractor: nullptr
2022/06/10-16:39:28.652151 7f9e4017b700             Options.num_levels: 7
2022/06/10-16:39:28.652152 7f9e4017b700        Options.min_write_buffer_number_to_merge: 1
2022/06/10-16:39:28.652153 7f9e4017b700     Options.max_write_buffer_number_to_maintain: 0
2022/06/10-16:39:28.652154 7f9e4017b700            Options.bottommost_compression_opts.window_bits: -14
2022/06/10-16:39:28.652156 7f9e4017b700                  Options.bottommost_compression_opts.level: 32767
2022/06/10-16:39:28.652157 7f9e4017b700               Options.bottommost_compression_opts.strategy: 0
2022/06/10-16:39:28.652158 7f9e4017b700         Options.bottommost_compression_opts.max_dict_bytes: 0
2022/06/10-16:39:28.652160 7f9e4017b700         Options.bottommost_compression_opts.zstd_max_train_bytes: 0
2022/06/10-16:39:28.652161 7f9e4017b700                  Options.bottommost_compression_opts.enabled: false
2022/06/10-16:39:28.652162 7f9e4017b700            Options.compression_opts.window_bits: -14
2022/06/10-16:39:28.652164 7f9e4017b700                  Options.compression_opts.level: 32767
2022/06/10-16:39:28.652165 7f9e4017b700               Options.compression_opts.strategy: 0
2022/06/10-16:39:28.652166 7f9e4017b700         Options.compression_opts.max_dict_bytes: 0
2022/06/10-16:39:28.652168 7f9e4017b700         Options.compression_opts.zstd_max_train_bytes: 0
2022/06/10-16:39:28.652169 7f9e4017b700                  Options.compression_opts.enabled: false
2022/06/10-16:39:28.652170 7f9e4017b700      Options.level0_file_num_compaction_trigger: 4
2022/06/10-16:39:28.652171 7f9e4017b700          Options.level0_slowdown_writes_trigger: 20
2022/06/10-16:39:28.652173 7f9e4017b700              Options.level0_stop_writes_trigger: 36
2022/06/10-16:39:28.652174 7f9e4017b700                   Options.target_file_size_base: 67108864
2022/06/10-16:39:28.652175 7f9e4017b700             Options.target_file_size_multiplier: 1
2022/06/10-16:39:28.652176 7f9e4017b700                Options.max_bytes_for_level_base: 268435456
2022/06/10-16:39:28.652178 7f9e4017b700 Options.level_compaction_dynamic_level_bytes: 0
2022/06/10-16:39:28.652179 7f9e4017b700          Options.max_bytes_for_level_multiplier: 10.000000
2022/06/10-16:39:28.652182 7f9e4017b700 Options.max_bytes_for_level_multiplier_addtl[0]: 1
2022/06/10-16:39:28.652183 7f9e4017b700 Options.max_bytes_for_level_multiplier_addtl[1]: 1
2022/06/10-16:39:28.652185 7f9e4017b700 Options.max_bytes_for_level_multiplier_addtl[2]: 1
2022/06/10-16:39:28.652186 7f9e4017b700 Options.max_bytes_for_level_multiplier_addtl[3]: 1
2022/06/10-16:39:28.652187 7f9e4017b700 Options.max_bytes_for_level_multiplier_addtl[4]: 1
2022/06/10-16:39:28.652195 7f9e4017b700 Options.max_bytes_for_level_multiplier_addtl[5]: 1
2022/06/10-16:39:28.652197 7f9e4017b700 Options.max_bytes_for_level_multiplier_addtl[6]: 1
2022/06/10-16:39:28.652198 7f9e4017b700       Options.max_sequential_skip_in_iterations: 8
2022/06/10-16:39:28.652199 7f9e4017b700                    Options.max_compaction_bytes: 1677721600
2022/06/10-16:39:28.652201 7f9e4017b700                        Options.arena_block_size: 2097152
2022/06/10-16:39:28.652202 7f9e4017b700   Options.soft_pending_compaction_bytes_limit: 68719476736
2022/06/10-16:39:28.652203 7f9e4017b700   Options.hard_pending_compaction_bytes_limit: 274877906944
2022/06/10-16:39:28.652205 7f9e4017b700       Options.rate_limit_delay_max_milliseconds: 100
2022/06/10-16:39:28.652206 7f9e4017b700                Options.disable_auto_compactions: 0
2022/06/10-16:39:28.652208 7f9e4017b700                        Options.compaction_style: kCompactionStyleUniversal
2022/06/10-16:39:28.652209 7f9e4017b700                          Options.compaction_pri: kByCompensatedSize
2022/06/10-16:39:28.652211 7f9e4017b700 Options.compaction_options_universal.size_ratio: 1
2022/06/10-16:39:28.652212 7f9e4017b700 Options.compaction_options_universal.min_merge_width: 2
2022/06/10-16:39:28.652213 7f9e4017b700 Options.compaction_options_universal.max_merge_width: 4294967295
2022/06/10-16:39:28.652214 7f9e4017b700 Options.compaction_options_universal.max_size_amplification_percent: 200
2022/06/10-16:39:28.652216 7f9e4017b700 Options.compaction_options_universal.compression_size_percent: -1
2022/06/10-16:39:28.652217 7f9e4017b700 Options.compaction_options_universal.stop_style: kCompactionStopStyleTotalSize
2022/06/10-16:39:28.652219 7f9e4017b700 Options.compaction_options_fifo.max_table_files_size: 1073741824
2022/06/10-16:39:28.652220 7f9e4017b700 Options.compaction_options_fifo.allow_compaction: 0
2022/06/10-16:39:28.652221 7f9e4017b700 Options.compaction_options_fifo.ttl: 0
2022/06/10-16:39:28.652223 7f9e4017b700                   Options.table_properties_collectors: 
2022/06/10-16:39:28.652224 7f9e4017b700                   Options.inplace_update_support: 0
2022/06/10-16:39:28.652225 7f9e4017b700                 Options.inplace_update_num_locks: 10000
2022/06/10-16:39:28.652226 7f9e4017b700               Options.memtable_prefix_bloom_size_ratio: 0.000000
2022/06/10-16:39:28.652228 7f9e4017b700   Options.memtable_huge_page_size: 0
2022/06/10-16:39:28.652248 7f9e4017b700                           Options.bloom_locality: 0
2022/06/10-16:39:28.652250 7f9e4017b700                    Options.max_successive_merges: 0
2022/06/10-16:39:28.652253 7f9e4017b700                Options.optimize_filters_for_hits: 0
2022/06/10-16:39:28.652255 7f9e4017b700                Options.paranoid_file_checks: 0
2022/06/10-16:39:28.652256 7f9e4017b700                Options.force_consistency_checks: 0
2022/06/10-16:39:28.652257 7f9e4017b700                Options.report_bg_io_stats: 0
2022/06/10-16:39:28.652258 7f9e4017b700                               Options.ttl: 0
2022/06/10-16:39:28.663289 7f9e4017b700               Options.comparator: leveldb.BytewiseComparator
2022/06/10-16:39:28.663294 7f9e4017b700           Options.merge_operator: None
2022/06/10-16:39:28.663296 7f9e4017b700        Options.compaction_filter: None
2022/06/10-16:39:28.663297 7f9e4017b700        Options.compaction_filter_factory: None
2022/06/10-16:39:28.663298 7f9e4017b700         Options.memtable_factory: SkipListFactory
2022/06/10-16:39:28.663299 7f9e4017b700            Options.table_factory: BlockBasedTable
2022/06/10-16:39:28.663327 7f9e4017b700            table_factory options:   flush_block_policy_factory: FlushBlockBySizePolicyFactory (0x7f9de1dd2a90)
  cache_index_and_filter_blocks: 0
  cache_index_and_filter_blocks_with_high_priority: 0
  pin_l0_filter_and_index_blocks_in_cache: 0
  pin_top_level_index_and_filter: 1
  index_type: 0
  hash_index_allow_collision: 1
  checksum: 1
  no_block_cache: 0
  block_cache: 0x7f9de1dd2ab0
  block_cache_name: LRUCache
  block_cache_options:
    capacity : 52428800
    num_shard_bits : 6
    strict_capacity_limit : 0
    memory_allocator : None
    high_pri_pool_ratio: 0.000
  block_cache_compressed: (nil)
  persistent_cache: (nil)
  block_size: 4096
  block_size_deviation: 10
  block_restart_interval: 16
  index_block_restart_interval: 1
  metadata_block_size: 4096
  partition_filters: 0
  use_delta_encoding: 1
  filter_policy: rocksdb.BuiltinBloomFilter
  whole_key_filtering: 1
  verify_compression: 0
  read_amp_bytes_per_bit: 0
  format_version: 0
  enable_index_compression: 1
  block_align: 0
2022/06/10-16:39:28.663330 7f9e4017b700        Options.write_buffer_size: 16777216
2022/06/10-16:39:28.663331 7f9e4017b700  Options.max_write_buffer_number: 3
2022/06/10-16:39:28.663333 7f9e4017b700          Options.compression: NoCompression
2022/06/10-16:39:28.663334 7f9e4017b700                  Options.bottommost_compression: Disabled
2022/06/10-16:39:28.663335 7f9e4017b700       Options.prefix_extractor: nullptr
2022/06/10-16:39:28.663336 7f9e4017b700   Options.memtable_insert_with_hint_prefix_extractor: nullptr
2022/06/10-16:39:28.663337 7f9e4017b700             Options.num_levels: 7
2022/06/10-16:39:28.663338 7f9e4017b700        Options.min_write_buffer_number_to_merge: 1
2022/06/10-16:39:28.663340 7f9e4017b700     Options.max_write_buffer_number_to_maintain: 0
2022/06/10-16:39:28.663341 7f9e4017b700            Options.bottommost_compression_opts.window_bits: -14
2022/06/10-16:39:28.663342 7f9e4017b700                  Options.bottommost_compression_opts.level: 32767
2022/06/10-16:39:28.663343 7f9e4017b700               Options.bottommost_compression_opts.strategy: 0
2022/06/10-16:39:28.663344 7f9e4017b700         Options.bottommost_compression_opts.max_dict_bytes: 0
2022/06/10-16:39:28.663345 7f9e4017b700         Options.bottommost_compression_opts.zstd_max_train_bytes: 0
2022/06/10-16:39:28.663346 7f9e4017b700                  Options.bottommost_compression_opts.enabled: false
2022/06/10-16:39:28.663347 7f9e4017b700            Options.compression_opts.window_bits: -14
2022/06/10-16:39:28.663348 7f9e4017b700                  Options.compression_opts.level: 32767
2022/06/10-16:39:28.663350 7f9e4017b700               Options.compression_opts.strategy: 0
2022/06/10-16:39:28.663351 7f9e4017b700         Options.compression_opts.max_dict_bytes: 0
2022/06/10-16:39:28.663352 7f9e4017b700         Options.compression_opts.zstd_max_train_bytes: 0
2022/06/10-16:39:28.663353 7f9e4017b700                  Options.compression_opts.enabled: false
2022/06/10-16:39:28.663354 7f9e4017b700      Options.level0_file_num_compaction_trigger: 4
2022/06/10-16:39:28.663355 7f9e4017b700          Options.level0_slowdown_writes_trigger: 20
2022/06/10-16:39:28.663356 7f9e4017b700              Options.level0_stop_writes_trigger: 36
2022/06/10-16:39:28.663357 7f9e4017b700                   Options.target_file_size_base: 67108864
2022/06/10-16:39:28.663358 7f9e4017b700             Options.target_file_size_multiplier: 1
2022/06/10-16:39:28.663359 7f9e4017b700                Options.max_bytes_for_level