2022/06/10-16:39:28.914912 7f9e4017b700 RocksDB version: 5.18.4
2022/06/10-16:39:28.914959 7f9e4017b700 Git sha rocksdb_build_git_sha:
2022/06/10-16:39:28.914961 7f9e4017b700 Compile date Mar 11 2020
2022/06/10-16:39:28.914962 7f9e4017b700 DB SUMMARY
2022/06/10-16:39:28.914989 7f9e4017b700 CURRENT file:  CURRENT
2022/06/10-16:39:28.914991 7f9e4017b700 IDENTITY file:  IDENTITY
2022/06/10-16:39:28.914996 7f9e4017b700 MANIFEST file:  MANIFEST-000001 size: 13 Bytes
2022/06/10-16:39:28.914999 7f9e4017b700 SST files in /home/ANT.AMAZON.COM/stefler/Documents/university/cloud-services/WikipediaStats/src/streams/./local-streams/kafka-streams-wiki/30_3/rocksdb/week-per-language-active-pages dir, Total Num: 0, files: 
2022/06/10-16:39:28.915000 7f9e4017b700 Write Ahead Log file in /home/ANT.AMAZON.COM/stefler/Documents/university/cloud-services/WikipediaStats/src/streams/./local-streams/kafka-streams-wiki/30_3/rocksdb/week-per-language-active-pages: 000003.log size: 0 ; 
2022/06/10-16:39:28.915003 7f9e4017b700                         Options.error_if_exists: 0
2022/06/10-16:39:28.915004 7f9e4017b700                       Options.create_if_missing: 1
2022/06/10-16:39:28.915005 7f9e4017b700                         Options.paranoid_checks: 1
2022/06/10-16:39:28.915006 7f9e4017b700                                     Options.env: 0x7f9de62e6fa0
2022/06/10-16:39:28.915007 7f9e4017b700                                Options.info_log: 0x7f9de1feeaf0
2022/06/10-16:39:28.915008 7f9e4017b700                Options.max_file_opening_threads: 16
2022/06/10-16:39:28.915009 7f9e4017b700                              Options.statistics: (nil)
2022/06/10-16:39:28.915010 7f9e4017b700                               Options.use_fsync: 0
2022/06/10-16:39:28.915011 7f9e4017b700                       Options.max_log_file_size: 0
2022/06/10-16:39:28.915012 7f9e4017b700                  Options.max_manifest_file_size: 1073741824
2022/06/10-16:39:28.915013 7f9e4017b700                   Options.log_file_time_to_roll: 0
2022/06/10-16:39:28.915014 7f9e4017b700                       Options.keep_log_file_num: 1000
2022/06/10-16:39:28.915015 7f9e4017b700                    Options.recycle_log_file_num: 0
2022/06/10-16:39:28.915016 7f9e4017b700                         Options.allow_fallocate: 1
2022/06/10-16:39:28.915017 7f9e4017b700                        Options.allow_mmap_reads: 0
2022/06/10-16:39:28.915018 7f9e4017b700                       Options.allow_mmap_writes: 0
2022/06/10-16:39:28.915019 7f9e4017b700                        Options.use_direct_reads: 0
2022/06/10-16:39:28.915020 7f9e4017b700                        Options.use_direct_io_for_flush_and_compaction: 0
2022/06/10-16:39:28.915021 7f9e4017b700          Options.create_missing_column_families: 0
2022/06/10-16:39:28.915021 7f9e4017b700                              Options.db_log_dir: 
2022/06/10-16:39:28.915023 7f9e4017b700                                 Options.wal_dir: /home/ANT.AMAZON.COM/stefler/Documents/university/cloud-services/WikipediaStats/src/streams/./local-streams/kafka-streams-wiki/30_3/rocksdb/week-per-language-active-pages
2022/06/10-16:39:28.915024 7f9e4017b700                Options.table_cache_numshardbits: 6
2022/06/10-16:39:28.915024 7f9e4017b700                      Options.max_subcompactions: 1
2022/06/10-16:39:28.915025 7f9e4017b700                  Options.max_background_flushes: -1
2022/06/10-16:39:28.915026 7f9e4017b700                         Options.WAL_ttl_seconds: 0
2022/06/10-16:39:28.915027 7f9e4017b700                       Options.WAL_size_limit_MB: 0
2022/06/10-16:39:28.915028 7f9e4017b700             Options.manifest_preallocation_size: 4194304
2022/06/10-16:39:28.915029 7f9e4017b700                     Options.is_fd_close_on_exec: 1
2022/06/10-16:39:28.915030 7f9e4017b700                   Options.advise_random_on_open: 1
2022/06/10-16:39:28.915031 7f9e4017b700                    Options.db_write_buffer_size: 0
2022/06/10-16:39:28.915032 7f9e4017b700                    Options.write_buffer_manager: 0x7f9de2048e20
2022/06/10-16:39:28.915033 7f9e4017b700         Options.access_hint_on_compaction_start: 1
2022/06/10-16:39:28.915034 7f9e4017b700  Options.new_table_reader_for_compaction_inputs: 0
2022/06/10-16:39:28.915045 7f9e4017b700           Options.random_access_max_buffer_size: 1048576
2022/06/10-16:39:28.915046 7f9e4017b700                      Options.use_adaptive_mutex: 0
2022/06/10-16:39:28.915047 7f9e4017b700                            Options.rate_limiter: (nil)
2022/06/10-16:39:28.915048 7f9e4017b700     Options.sst_file_manager.rate_bytes_per_sec: 0
2022/06/10-16:39:28.915049 7f9e4017b700                       Options.wal_recovery_mode: 2
2022/06/10-16:39:28.915050 7f9e4017b700                  Options.enable_thread_tracking: 0
2022/06/10-16:39:28.915051 7f9e4017b700                  Options.enable_pipelined_write: 0
2022/06/10-16:39:28.915052 7f9e4017b700         Options.allow_concurrent_memtable_write: 1
2022/06/10-16:39:28.915053 7f9e4017b700      Options.enable_write_thread_adaptive_yield: 1
2022/06/10-16:39:28.915054 7f9e4017b700             Options.write_thread_max_yield_usec: 100
2022/06/10-16:39:28.915055 7f9e4017b700            Options.write_thread_slow_yield_usec: 3
2022/06/10-16:39:28.915056 7f9e4017b700                               Options.row_cache: None
2022/06/10-16:39:28.915057 7f9e4017b700                              Options.wal_filter: None
2022/06/10-16:39:28.915058 7f9e4017b700             Options.avoid_flush_during_recovery: 0
2022/06/10-16:39:28.915059 7f9e4017b700             Options.allow_ingest_behind: 0
2022/06/10-16:39:28.915060 7f9e4017b700             Options.preserve_deletes: 0
2022/06/10-16:39:28.915061 7f9e4017b700             Options.two_write_queues: 0
2022/06/10-16:39:28.915062 7f9e4017b700             Options.manual_wal_flush: 0
2022/06/10-16:39:28.915063 7f9e4017b700             Options.max_background_jobs: 8
2022/06/10-16:39:28.915063 7f9e4017b700             Options.max_background_compactions: -1
2022/06/10-16:39:28.915064 7f9e4017b700             Options.avoid_flush_during_shutdown: 0
2022/06/10-16:39:28.915065 7f9e4017b700           Options.writable_file_max_buffer_size: 1048576
2022/06/10-16:39:28.915066 7f9e4017b700             Options.delayed_write_rate : 16777216
2022/06/10-16:39:28.915068 7f9e4017b700             Options.max_total_wal_size: 0
2022/06/10-16:39:28.915069 7f9e4017b700             Options.delete_obsolete_files_period_micros: 21600000000
2022/06/10-16:39:28.915070 7f9e4017b700                   Options.stats_dump_period_sec: 600
2022/06/10-16:39:28.915071 7f9e4017b700                          Options.max_open_files: -1
2022/06/10-16:39:28.915071 7f9e4017b700                          Options.bytes_per_sync: 0
2022/06/10-16:39:28.915072 7f9e4017b700                      Options.wal_bytes_per_sync: 0
2022/06/10-16:39:28.915073 7f9e4017b700       Options.compaction_readahead_size: 0
2022/06/10-16:39:28.915074 7f9e4017b700 Compression algorithms supported:
2022/06/10-16:39:28.915076 7f9e4017b700 	kZSTDNotFinalCompression supported: 1
2022/06/10-16:39:28.915077 7f9e4017b700 	kZSTD supported: 1
2022/06/10-16:39:28.915078 7f9e4017b700 	kXpressCompression supported: 0
2022/06/10-16:39:28.915079 7f9e4017b700 	kLZ4HCCompression supported: 1
2022/06/10-16:39:28.915081 7f9e4017b700 	kLZ4Compression supported: 1
2022/06/10-16:39:28.915082 7f9e4017b700 	kBZip2Compression supported: 1
2022/06/10-16:39:28.915083 7f9e4017b700 	kZlibCompression supported: 1
2022/06/10-16:39:28.915084 7f9e4017b700 	kSnappyCompression supported: 1
2022/06/10-16:39:28.915086 7f9e4017b700 Fast CRC32 supported: Not supported on x86
2022/06/10-16:39:28.915253 7f9e4017b700               Options.comparator: leveldb.BytewiseComparator
2022/06/10-16:39:28.915255 7f9e4017b700           Options.merge_operator: None
2022/06/10-16:39:28.915256 7f9e4017b700        Options.compaction_filter: None
2022/06/10-16:39:28.915257 7f9e4017b700        Options.compaction_filter_factory: None
2022/06/10-16:39:28.915258 7f9e4017b700         Options.memtable_factory: SkipListFactory
2022/06/10-16:39:28.915259 7f9e4017b700            Options.table_factory: BlockBasedTable
2022/06/10-16:39:28.915283 7f9e4017b700            table_factory options:   flush_block_policy_factory: FlushBlockBySizePolicyFactory (0x7f9de203a520)
  cache_index_and_filter_blocks: 0
  cache_index_and_filter_blocks_with_high_priority: 0
  pin_l0_filter_and_index_blocks_in_cache: 0
  pin_top_level_index_and_filter: 1
  index_type: 0
  hash_index_allow_collision: 1
  checksum: 1
  no_block_cache: 0
  block_cache: 0x7f9de1fed230
  block_cache_name: LRUCache
  block_cache_options:
    capacity : 52428800
    num_shard_bits : 6
    strict_capacity_limit : 0
    memory_allocator : None
    high_pri_pool_ratio: 0.000
  block_cache_compressed: (nil)
  persistent_cache: (nil)
  block_size: 4096
  block_size_deviation: 10
  block_restart_interval: 16
  index_block_restart_interval: 1
  metadata_block_size: 4096
  partition_filters: 0
  use_delta_encoding: 1
  filter_policy: rocksdb.BuiltinBloomFilter
  whole_key_filtering: 1
  verify_compression: 0
  read_amp_bytes_per_bit: 0
  format_version: 0
  enable_index_compression: 1
  block_align: 0
2022/06/10-16:39:28.915292 7f9e4017b700        Options.write_buffer_size: 16777216
2022/06/10-16:39:28.915293 7f9e4017b700  Options.max_write_buffer_number: 3
2022/06/10-16:39:28.915294 7f9e4017b700          Options.compression: NoCompression
2022/06/10-16:39:28.915296 7f9e4017b700                  Options.bottommost_compression: Disabled
2022/06/10-16:39:28.915297 7f9e4017b700       Options.prefix_extractor: nullptr
2022/06/10-16:39:28.915298 7f9e4017b700   Options.memtable_insert_with_hint_prefix_extractor: nullptr
2022/06/10-16:39:28.915299 7f9e4017b700             Options.num_levels: 7
2022/06/10-16:39:28.915300 7f9e4017b700        Options.min_write_buffer_number_to_merge: 1
2022/06/10-16:39:28.915301 7f9e4017b700     Options.max_write_buffer_number_to_maintain: 0
2022/06/10-16:39:28.915302 7f9e4017b700            Options.bottommost_compression_opts.window_bits: -14
2022/06/10-16:39:28.915303 7f9e4017b700                  Options.bottommost_compression_opts.level: 32767
2022/06/10-16:39:28.915305 7f9e4017b700               Options.bottommost_compression_opts.strategy: 0
2022/06/10-16:39:28.915306 7f9e4017b700         Options.bottommost_compression_opts.max_dict_bytes: 0
2022/06/10-16:39:28.915307 7f9e4017b700         Options.bottommost_compression_opts.zstd_max_train_bytes: 0
2022/06/10-16:39:28.915308 7f9e4017b700                  Options.bottommost_compression_opts.enabled: false
2022/06/10-16:39:28.915309 7f9e4017b700            Options.compression_opts.window_bits: -14
2022/06/10-16:39:28.915310 7f9e4017b700                  Options.compression_opts.level: 32767
2022/06/10-16:39:28.915311 7f9e4017b700               Options.compression_opts.strategy: 0
2022/06/10-16:39:28.915312 7f9e4017b700         Options.compression_opts.max_dict_bytes: 0
2022/06/10-16:39:28.915313 7f9e4017b700         Options.compression_opts.zstd_max_train_bytes: 0
2022/06/10-16:39:28.915314 7f9e4017b700                  Options.compression_opts.enabled: false
2022/06/10-16:39:28.915315 7f9e4017b700      Options.level0_file_num_compaction_trigger: 4
2022/06/10-16:39:28.915316 7f9e4017b700          Options.level0_slowdown_writes_trigger: 20
2022/06/10-16:39:28.915317 7f9e4017b700              Options.level0_stop_writes_trigger: 36
2022/06/10-16:39:28.915318 7f9e4017b700                   Options.target_file_size_base: 67108864
2022/06/10-16:39:28.915319 7f9e4017b700             Options.target_file_size_multiplier: 1
2022/06/10-16:39:28.915319 7f9e4017b700                Options.max_bytes_for_level_base: 268435456
2022/06/10-16:39:28.915320 7f9e4017b700 Options.level_compaction_dynamic_level_bytes: 0
2022/06/10-16:39:28.915321 7f9e4017b700          Options.max_bytes_for_level_multiplier: 10.000000
2022/06/10-16:39:28.915324 7f9e4017b700 Options.max_bytes_for_level_multiplier_addtl[0]: 1
2022/06/10-16:39:28.915325 7f9e4017b700 Options.max_bytes_for_level_multiplier_addtl[1]: 1
2022/06/10-16:39:28.915326 7f9e4017b700 Options.max_bytes_for_level_multiplier_addtl[2]: 1
2022/06/10-16:39:28.915327 7f9e4017b700 Options.max_bytes_for_level_multiplier_addtl[3]: 1
2022/06/10-16:39:28.915328 7f9e4017b700 Options.max_bytes_for_level_multiplier_addtl[4]: 1
2022/06/10-16:39:28.915333 7f9e4017b700 Options.max_bytes_for_level_multiplier_addtl[5]: 1
2022/06/10-16:39:28.915334 7f9e4017b700 Options.max_bytes_for_level_multiplier_addtl[6]: 1
2022/06/10-16:39:28.915335 7f9e4017b700       Options.max_sequential_skip_in_iterations: 8
2022/06/10-16:39:28.915335 7f9e4017b700                    Options.max_compaction_bytes: 1677721600
2022/06/10-16:39:28.915336 7f9e4017b700                        Options.arena_block_size: 2097152
2022/06/10-16:39:28.915338 7f9e4017b700   Options.soft_pending_compaction_bytes_limit: 68719476736
2022/06/10-16:39:28.915339 7f9e4017b700   Options.hard_pending_compaction_bytes_limit: 274877906944
2022/06/10-16:39:28.915340 7f9e4017b700       Options.rate_limit_delay_max_milliseconds: 100
2022/06/10-16:39:28.915341 7f9e4017b700                Options.disable_auto_compactions: 0
2022/06/10-16:39:28.915342 7f9e4017b700                        Options.compaction_style: kCompactionStyleUniversal
2022/06/10-16:39:28.915343 7f9e4017b700                          Options.compaction_pri: kByCompensatedSize
2022/06/10-16:39:28.915344 7f9e4017b700 Options.compaction_options_universal.size_ratio: 1
2022/06/10-16:39:28.915345 7f9e4017b700 Options.compaction_options_universal.min_merge_width: 2
2022/06/10-16:39:28.915346 7f9e4017b700 Options.compaction_options_universal.max_merge_width: 4294967295
2022/06/10-16:39:28.915347 7f9e4017b700 Options.compaction_options_universal.max_size_amplification_percent: 200
2022/06/10-16:39:28.915348 7f9e4017b700 Options.compaction_options_universal.compression_size_percent: -1
2022/06/10-16:39:28.915349 7f9e4017b700 Options.compaction_options_universal.stop_style: kCompactionStopStyleTotalSize
2022/06/10-16:39:28.915350 7f9e4017b700 Options.compaction_options_fifo.max_table_files_size: 1073741824
2022/06/10-16:39:28.915351 7f9e4017b700 Options.compaction_options_fifo.allow_compaction: 0
2022/06/10-16:39:28.915352 7f9e4017b700 Options.compaction_options_fifo.ttl: 0
2022/06/10-16:39:28.915353 7f9e4017b700                   Options.table_properties_collectors: 
2022/06/10-16:39:28.915354 7f9e4017b700                   Options.inplace_update_support: 0
2022/06/10-16:39:28.915355 7f9e4017b700                 Options.inplace_update_num_locks: 10000
2022/06/10-16:39:28.915356 7f9e4017b700               Options.memtable_prefix_bloom_size_ratio: 0.000000
2022/06/10-16:39:28.915357 7f9e4017b700   Options.memtable_huge_page_size: 0
2022/06/10-16:39:28.915358 7f9e4017b700                           Options.bloom_locality: 0
2022/06/10-16:39:28.915359 7f9e4017b700                    Options.max_successive_merges: 0
2022/06/10-16:39:28.915360 7f9e4017b700                Options.optimize_filters_for_hits: 0
2022/06/10-16:39:28.915361 7f9e4017b700                Options.paranoid_file_checks: 0
2022/06/10-16:39:28.915362 7f9e4017b700                Options.force_consistency_checks: 0
2022/06/10-16:39:28.915363 7f9e4017b700                Options.report_bg_io_stats: 0
2022/06/10-16:39:28.915364 7f9e4017b700                               Options.ttl: 0
2022/06/10-16:39:28.925409 7f9e4017b700               Options.comparator: leveldb.BytewiseComparator
2022/06/10-16:39:28.925414 7f9e4017b700           Options.merge_operator: None
2022/06/10-16:39:28.925416 7f9e4017b700        Options.compaction_filter: None
2022/06/10-16:39:28.925417 7f9e4017b700        Options.compaction_filter_factory: None
2022/06/10-16:39:28.925418 7f9e4017b700         Options.memtable_factory: SkipListFactory
2022/06/10-16:39:28.925419 7f9e4017b700            Options.table_factory: BlockBasedTable
2022/06/10-16:39:28.925440 7f9e4017b700            table_factory options:   flush_block_policy_factory: FlushBlockBySizePolicyFactory (0x7f9de203a520)
  cache_index_and_filter_blocks: 0
  cache_index_and_filter_blocks_with_high_priority: 0
  pin_l0_filter_and_index_blocks_in_cache: 0
  pin_top_level_index_and_filter: 1
  index_type: 0
  hash_index_allow_collision: 1
  checksum: 1
  no_block_cache: 0
  block_cache: 0x7f9de1fed230
  block_cache_name: LRUCache
  block_cache_options:
    capacity : 52428800
    num_shard_bits : 6
    strict_capacity_limit : 0
    memory_allocator : None
    high_pri_pool_ratio: 0.000
  block_cache_compressed: (nil)
  persistent_cache: (nil)
  block_size: 4096
  block_size_deviation: 10
  block_restart_interval: 16
  index_block_restart_interval: 1
  metadata_block_size: 4096
  partition_filters: 0
  use_delta_encoding: 1
  filter_policy: rocksdb.BuiltinBloomFilter
  whole_key_filtering: 1
  verify_compression: 0
  read_amp_bytes_per_bit: 0
  format_version: 0
  enable_index_compression: 1
  block_align: 0
2022/06/10-16:39:28.925443 7f9e4017b700        Options.write_buffer_size: 16777216
2022/06/10-16:39:28.925443 7f9e4017b700  Options.max_write_buffer_number: 3
2022/06/10-16:39:28.925444 7f9e4017b700          Options.compression: NoCompression
2022/06/10-16:39:28.925445 7f9e4017b700                  Options.bottommost_compression: Disabled
2022/06/10-16:39:28.925446 7f9e4017b700       Options.prefix_extractor: nullptr
2022/06/10-16:39:28.925446 7f9e4017b700   Options.memtable_insert_with_hint_prefix_extractor: nullptr
2022/06/10-16:39:28.925447 7f9e4017b700             Options.num_levels: 7
2022/06/10-16:39:28.925447 7f9e4017b700        Options.min_write_buffer_number_to_merge: 1
2022/06/10-16:39:28.925448 7f9e4017b700     Options.max_write_buffer_number_to_maintain: 0
2022/06/10-16:39:28.925449 7f9e4017b700            Options.bottommost_compression_opts.window_bits: -14
2022/06/10-16:39:28.925449 7f9e4017b700                  Options.bottommost_compression_opts.level: 32767
2022/06/10-16:39:28.925450 7f9e4017b700               Options.bottommost_compression_opts.strategy: 0
2022/06/10-16:39:28.925450 7f9e4017b700         Options.bottommost_compression_opts.max_dict_bytes: 0
2022/06/10-16:39:28.925451 7f9e4017b700         Options.bottommost_compression_opts.zstd_max_train_bytes: 0
2022/06/10-16:39:28.925452 7f9e4017b700                  Options.bottommost_compression_opts.enabled: false
2022/06/10-16:39:28.925452 7f9e4017b700            Options.compression_opts.window_bits: -14
2022/06/10-16:39:28.925453 7f9e4017b700                  Options.compression_opts.level: 32767
2022/06/10-16:39:28.925454 7f9e4017b700               Options.compression_opts.strategy: 0
2022/06/10-16:39:28.925454 7f9e4017b700         Options.compression_opts.max_dict_bytes: 0
2022/06/10-16:39:28.925455 7f9e4017b700         Options.compression_opts.zstd_max_train_bytes: 0
2022/06/10-16:39:28.925455 7f9e4017b700                  Options.compression_opts.enabled: false
2022/06/10-16:39:28.925456 7f9e4017b700      Options.level0_file_num_compaction_trigger: 4
2022/06/10-16:39:28.925456 7f9e4017b700          Options.level0_slowdown_writes_trigger: 20
2022/06/10-16:39:28.925457 7f9e4017b700              Options.level0_stop_writes_trigger: 36
2022/06/10-16:39:28.925458 7f9e4017b700                   Options.target_file_size_base: 67108864
2022/06/10-16:39:28.925458 7f9e4017b700             Options.target_file_size_multiplier: 1
2022/06/10-16:39:28.925459 7f9e4017b700                Options.max_bytes_for_level