2022/06/10-16:39:28.179587 7f9e4017b700 RocksDB version: 5.18.4
2022/06/10-16:39:28.179630 7f9e4017b700 Git sha rocksdb_build_git_sha:
2022/06/10-16:39:28.179632 7f9e4017b700 Compile date Mar 11 2020
2022/06/10-16:39:28.179634 7f9e4017b700 DB SUMMARY
2022/06/10-16:39:28.179658 7f9e4017b700 CURRENT file:  CURRENT
2022/06/10-16:39:28.179659 7f9e4017b700 IDENTITY file:  IDENTITY
2022/06/10-16:39:28.179664 7f9e4017b700 MANIFEST file:  MANIFEST-000001 size: 13 Bytes
2022/06/10-16:39:28.179665 7f9e4017b700 SST files in /home/ANT.AMAZON.COM/stefler/Documents/university/cloud-services/WikipediaStats/src/streams/./local-streams/kafka-streams-wiki/25_0/rocksdb/month-per-language-active-users dir, Total Num: 0, files: 
2022/06/10-16:39:28.179667 7f9e4017b700 Write Ahead Log file in /home/ANT.AMAZON.COM/stefler/Documents/university/cloud-services/WikipediaStats/src/streams/./local-streams/kafka-streams-wiki/25_0/rocksdb/month-per-language-active-users: 000003.log size: 0 ; 
2022/06/10-16:39:28.179669 7f9e4017b700                         Options.error_if_exists: 0
2022/06/10-16:39:28.179670 7f9e4017b700                       Options.create_if_missing: 1
2022/06/10-16:39:28.179671 7f9e4017b700                         Options.paranoid_checks: 1
2022/06/10-16:39:28.179673 7f9e4017b700                                     Options.env: 0x7f9de62e6fa0
2022/06/10-16:39:28.179674 7f9e4017b700                                Options.info_log: 0x7f9de1a40df0
2022/06/10-16:39:28.179675 7f9e4017b700                Options.max_file_opening_threads: 16
2022/06/10-16:39:28.179676 7f9e4017b700                              Options.statistics: (nil)
2022/06/10-16:39:28.179678 7f9e4017b700                               Options.use_fsync: 0
2022/06/10-16:39:28.179679 7f9e4017b700                       Options.max_log_file_size: 0
2022/06/10-16:39:28.179680 7f9e4017b700                  Options.max_manifest_file_size: 1073741824
2022/06/10-16:39:28.179681 7f9e4017b700                   Options.log_file_time_to_roll: 0
2022/06/10-16:39:28.179683 7f9e4017b700                       Options.keep_log_file_num: 1000
2022/06/10-16:39:28.179684 7f9e4017b700                    Options.recycle_log_file_num: 0
2022/06/10-16:39:28.179685 7f9e4017b700                         Options.allow_fallocate: 1
2022/06/10-16:39:28.179686 7f9e4017b700                        Options.allow_mmap_reads: 0
2022/06/10-16:39:28.179687 7f9e4017b700                       Options.allow_mmap_writes: 0
2022/06/10-16:39:28.179688 7f9e4017b700                        Options.use_direct_reads: 0
2022/06/10-16:39:28.179689 7f9e4017b700                        Options.use_direct_io_for_flush_and_compaction: 0
2022/06/10-16:39:28.179690 7f9e4017b700          Options.create_missing_column_families: 0
2022/06/10-16:39:28.179691 7f9e4017b700                              Options.db_log_dir: 
2022/06/10-16:39:28.179692 7f9e4017b700                                 Options.wal_dir: /home/ANT.AMAZON.COM/stefler/Documents/university/cloud-services/WikipediaStats/src/streams/./local-streams/kafka-streams-wiki/25_0/rocksdb/month-per-language-active-users
2022/06/10-16:39:28.179694 7f9e4017b700                Options.table_cache_numshardbits: 6
2022/06/10-16:39:28.179695 7f9e4017b700                      Options.max_subcompactions: 1
2022/06/10-16:39:28.179696 7f9e4017b700                  Options.max_background_flushes: -1
2022/06/10-16:39:28.179697 7f9e4017b700                         Options.WAL_ttl_seconds: 0
2022/06/10-16:39:28.179698 7f9e4017b700                       Options.WAL_size_limit_MB: 0
2022/06/10-16:39:28.179700 7f9e4017b700             Options.manifest_preallocation_size: 4194304
2022/06/10-16:39:28.179701 7f9e4017b700                     Options.is_fd_close_on_exec: 1
2022/06/10-16:39:28.179702 7f9e4017b700                   Options.advise_random_on_open: 1
2022/06/10-16:39:28.179703 7f9e4017b700                    Options.db_write_buffer_size: 0
2022/06/10-16:39:28.179704 7f9e4017b700                    Options.write_buffer_manager: 0x7f9de1a3cc10
2022/06/10-16:39:28.179705 7f9e4017b700         Options.access_hint_on_compaction_start: 1
2022/06/10-16:39:28.179707 7f9e4017b700  Options.new_table_reader_for_compaction_inputs: 0
2022/06/10-16:39:28.179715 7f9e4017b700           Options.random_access_max_buffer_size: 1048576
2022/06/10-16:39:28.179716 7f9e4017b700                      Options.use_adaptive_mutex: 0
2022/06/10-16:39:28.179717 7f9e4017b700                            Options.rate_limiter: (nil)
2022/06/10-16:39:28.179719 7f9e4017b700     Options.sst_file_manager.rate_bytes_per_sec: 0
2022/06/10-16:39:28.179720 7f9e4017b700                       Options.wal_recovery_mode: 2
2022/06/10-16:39:28.179721 7f9e4017b700                  Options.enable_thread_tracking: 0
2022/06/10-16:39:28.179722 7f9e4017b700                  Options.enable_pipelined_write: 0
2022/06/10-16:39:28.179723 7f9e4017b700         Options.allow_concurrent_memtable_write: 1
2022/06/10-16:39:28.179724 7f9e4017b700      Options.enable_write_thread_adaptive_yield: 1
2022/06/10-16:39:28.179725 7f9e4017b700             Options.write_thread_max_yield_usec: 100
2022/06/10-16:39:28.179726 7f9e4017b700            Options.write_thread_slow_yield_usec: 3
2022/06/10-16:39:28.179727 7f9e4017b700                               Options.row_cache: None
2022/06/10-16:39:28.179728 7f9e4017b700                              Options.wal_filter: None
2022/06/10-16:39:28.179729 7f9e4017b700             Options.avoid_flush_during_recovery: 0
2022/06/10-16:39:28.179730 7f9e4017b700             Options.allow_ingest_behind: 0
2022/06/10-16:39:28.179732 7f9e4017b700             Options.preserve_deletes: 0
2022/06/10-16:39:28.179733 7f9e4017b700             Options.two_write_queues: 0
2022/06/10-16:39:28.179734 7f9e4017b700             Options.manual_wal_flush: 0
2022/06/10-16:39:28.179735 7f9e4017b700             Options.max_background_jobs: 8
2022/06/10-16:39:28.179736 7f9e4017b700             Options.max_background_compactions: -1
2022/06/10-16:39:28.179737 7f9e4017b700             Options.avoid_flush_during_shutdown: 0
2022/06/10-16:39:28.179738 7f9e4017b700           Options.writable_file_max_buffer_size: 1048576
2022/06/10-16:39:28.179740 7f9e4017b700             Options.delayed_write_rate : 16777216
2022/06/10-16:39:28.179741 7f9e4017b700             Options.max_total_wal_size: 0
2022/06/10-16:39:28.179742 7f9e4017b700             Options.delete_obsolete_files_period_micros: 21600000000
2022/06/10-16:39:28.179743 7f9e4017b700                   Options.stats_dump_period_sec: 600
2022/06/10-16:39:28.179744 7f9e4017b700                          Options.max_open_files: -1
2022/06/10-16:39:28.179745 7f9e4017b700                          Options.bytes_per_sync: 0
2022/06/10-16:39:28.179747 7f9e4017b700                      Options.wal_bytes_per_sync: 0
2022/06/10-16:39:28.179748 7f9e4017b700       Options.compaction_readahead_size: 0
2022/06/10-16:39:28.179749 7f9e4017b700 Compression algorithms supported:
2022/06/10-16:39:28.179750 7f9e4017b700 	kZSTDNotFinalCompression supported: 1
2022/06/10-16:39:28.179753 7f9e4017b700 	kZSTD supported: 1
2022/06/10-16:39:28.179754 7f9e4017b700 	kXpressCompression supported: 0
2022/06/10-16:39:28.179756 7f9e4017b700 	kLZ4HCCompression supported: 1
2022/06/10-16:39:28.179757 7f9e4017b700 	kLZ4Compression supported: 1
2022/06/10-16:39:28.179758 7f9e4017b700 	kBZip2Compression supported: 1
2022/06/10-16:39:28.179759 7f9e4017b700 	kZlibCompression supported: 1
2022/06/10-16:39:28.179761 7f9e4017b700 	kSnappyCompression supported: 1
2022/06/10-16:39:28.179763 7f9e4017b700 Fast CRC32 supported: Not supported on x86
2022/06/10-16:39:28.179916 7f9e4017b700               Options.comparator: leveldb.BytewiseComparator
2022/06/10-16:39:28.179918 7f9e4017b700           Options.merge_operator: None
2022/06/10-16:39:28.179919 7f9e4017b700        Options.compaction_filter: None
2022/06/10-16:39:28.179920 7f9e4017b700        Options.compaction_filter_factory: None
2022/06/10-16:39:28.179921 7f9e4017b700         Options.memtable_factory: SkipListFactory
2022/06/10-16:39:28.179923 7f9e4017b700            Options.table_factory: BlockBasedTable
2022/06/10-16:39:28.179942 7f9e4017b700            table_factory options:   flush_block_policy_factory: FlushBlockBySizePolicyFactory (0x7f9de1a37730)
  cache_index_and_filter_blocks: 0
  cache_index_and_filter_blocks_with_high_priority: 0
  pin_l0_filter_and_index_blocks_in_cache: 0
  pin_top_level_index_and_filter: 1
  index_type: 0
  hash_index_allow_collision: 1
  checksum: 1
  no_block_cache: 0
  block_cache: 0x7f9de199ed50
  block_cache_name: LRUCache
  block_cache_options:
    capacity : 52428800
    num_shard_bits : 6
    strict_capacity_limit : 0
    memory_allocator : None
    high_pri_pool_ratio: 0.000
  block_cache_compressed: (nil)
  persistent_cache: (nil)
  block_size: 4096
  block_size_deviation: 10
  block_restart_interval: 16
  index_block_restart_interval: 1
  metadata_block_size: 4096
  partition_filters: 0
  use_delta_encoding: 1
  filter_policy: rocksdb.BuiltinBloomFilter
  whole_key_filtering: 1
  verify_compression: 0
  read_amp_bytes_per_bit: 0
  format_version: 0
  enable_index_compression: 1
  block_align: 0
2022/06/10-16:39:28.179950 7f9e4017b700        Options.write_buffer_size: 16777216
2022/06/10-16:39:28.179951 7f9e4017b700  Options.max_write_buffer_number: 3
2022/06/10-16:39:28.179953 7f9e4017b700          Options.compression: NoCompression
2022/06/10-16:39:28.179954 7f9e4017b700                  Options.bottommost_compression: Disabled
2022/06/10-16:39:28.179955 7f9e4017b700       Options.prefix_extractor: nullptr
2022/06/10-16:39:28.179957 7f9e4017b700   Options.memtable_insert_with_hint_prefix_extractor: nullptr
2022/06/10-16:39:28.179958 7f9e4017b700             Options.num_levels: 7
2022/06/10-16:39:28.179959 7f9e4017b700        Options.min_write_buffer_number_to_merge: 1
2022/06/10-16:39:28.179960 7f9e4017b700     Options.max_write_buffer_number_to_maintain: 0
2022/06/10-16:39:28.179961 7f9e4017b700            Options.bottommost_compression_opts.window_bits: -14
2022/06/10-16:39:28.179962 7f9e4017b700                  Options.bottommost_compression_opts.level: 32767
2022/06/10-16:39:28.179963 7f9e4017b700               Options.bottommost_compression_opts.strategy: 0
2022/06/10-16:39:28.179965 7f9e4017b700         Options.bottommost_compression_opts.max_dict_bytes: 0
2022/06/10-16:39:28.179966 7f9e4017b700         Options.bottommost_compression_opts.zstd_max_train_bytes: 0
2022/06/10-16:39:28.179967 7f9e4017b700                  Options.bottommost_compression_opts.enabled: false
2022/06/10-16:39:28.179968 7f9e4017b700            Options.compression_opts.window_bits: -14
2022/06/10-16:39:28.179969 7f9e4017b700                  Options.compression_opts.level: 32767
2022/06/10-16:39:28.179971 7f9e4017b700               Options.compression_opts.strategy: 0
2022/06/10-16:39:28.179972 7f9e4017b700         Options.compression_opts.max_dict_bytes: 0
2022/06/10-16:39:28.179973 7f9e4017b700         Options.compression_opts.zstd_max_train_bytes: 0
2022/06/10-16:39:28.179974 7f9e4017b700                  Options.compression_opts.enabled: false
2022/06/10-16:39:28.179975 7f9e4017b700      Options.level0_file_num_compaction_trigger: 4
2022/06/10-16:39:28.179976 7f9e4017b700          Options.level0_slowdown_writes_trigger: 20
2022/06/10-16:39:28.179977 7f9e4017b700              Options.level0_stop_writes_trigger: 36
2022/06/10-16:39:28.179978 7f9e4017b700                   Options.target_file_size_base: 67108864
2022/06/10-16:39:28.179979 7f9e4017b700             Options.target_file_size_multiplier: 1
2022/06/10-16:39:28.179980 7f9e4017b700                Options.max_bytes_for_level_base: 268435456
2022/06/10-16:39:28.179982 7f9e4017b700 Options.level_compaction_dynamic_level_bytes: 0
2022/06/10-16:39:28.179983 7f9e4017b700          Options.max_bytes_for_level_multiplier: 10.000000
2022/06/10-16:39:28.179985 7f9e4017b700 Options.max_bytes_for_level_multiplier_addtl[0]: 1
2022/06/10-16:39:28.179987 7f9e4017b700 Options.max_bytes_for_level_multiplier_addtl[1]: 1
2022/06/10-16:39:28.179988 7f9e4017b700 Options.max_bytes_for_level_multiplier_addtl[2]: 1
2022/06/10-16:39:28.179989 7f9e4017b700 Options.max_bytes_for_level_multiplier_addtl[3]: 1
2022/06/10-16:39:28.179990 7f9e4017b700 Options.max_bytes_for_level_multiplier_addtl[4]: 1
2022/06/10-16:39:28.179996 7f9e4017b700 Options.max_bytes_for_level_multiplier_addtl[5]: 1
2022/06/10-16:39:28.179998 7f9e4017b700 Options.max_bytes_for_level_multiplier_addtl[6]: 1
2022/06/10-16:39:28.179999 7f9e4017b700       Options.max_sequential_skip_in_iterations: 8
2022/06/10-16:39:28.180000 7f9e4017b700                    Options.max_compaction_bytes: 1677721600
2022/06/10-16:39:28.180001 7f9e4017b700                        Options.arena_block_size: 2097152
2022/06/10-16:39:28.180002 7f9e4017b700   Options.soft_pending_compaction_bytes_limit: 68719476736
2022/06/10-16:39:28.180003 7f9e4017b700   Options.hard_pending_compaction_bytes_limit: 274877906944
2022/06/10-16:39:28.180005 7f9e4017b700       Options.rate_limit_delay_max_milliseconds: 100
2022/06/10-16:39:28.180006 7f9e4017b700                Options.disable_auto_compactions: 0
2022/06/10-16:39:28.180007 7f9e4017b700                        Options.compaction_style: kCompactionStyleUniversal
2022/06/10-16:39:28.180009 7f9e4017b700                          Options.compaction_pri: kByCompensatedSize
2022/06/10-16:39:28.180010 7f9e4017b700 Options.compaction_options_universal.size_ratio: 1
2022/06/10-16:39:28.180011 7f9e4017b700 Options.compaction_options_universal.min_merge_width: 2
2022/06/10-16:39:28.180012 7f9e4017b700 Options.compaction_options_universal.max_merge_width: 4294967295
2022/06/10-16:39:28.180014 7f9e4017b700 Options.compaction_options_universal.max_size_amplification_percent: 200
2022/06/10-16:39:28.180015 7f9e4017b700 Options.compaction_options_universal.compression_size_percent: -1
2022/06/10-16:39:28.180016 7f9e4017b700 Options.compaction_options_universal.stop_style: kCompactionStopStyleTotalSize
2022/06/10-16:39:28.180017 7f9e4017b700 Options.compaction_options_fifo.max_table_files_size: 1073741824
2022/06/10-16:39:28.180019 7f9e4017b700 Options.compaction_options_fifo.allow_compaction: 0
2022/06/10-16:39:28.180020 7f9e4017b700 Options.compaction_options_fifo.ttl: 0
2022/06/10-16:39:28.180021 7f9e4017b700                   Options.table_properties_collectors: 
2022/06/10-16:39:28.180022 7f9e4017b700                   Options.inplace_update_support: 0
2022/06/10-16:39:28.180023 7f9e4017b700                 Options.inplace_update_num_locks: 10000
2022/06/10-16:39:28.180024 7f9e4017b700               Options.memtable_prefix_bloom_size_ratio: 0.000000
2022/06/10-16:39:28.180026 7f9e4017b700   Options.memtable_huge_page_size: 0
2022/06/10-16:39:28.180027 7f9e4017b700                           Options.bloom_locality: 0
2022/06/10-16:39:28.180028 7f9e4017b700                    Options.max_successive_merges: 0
2022/06/10-16:39:28.180029 7f9e4017b700                Options.optimize_filters_for_hits: 0
2022/06/10-16:39:28.180030 7f9e4017b700                Options.paranoid_file_checks: 0
2022/06/10-16:39:28.180031 7f9e4017b700                Options.force_consistency_checks: 0
2022/06/10-16:39:28.180032 7f9e4017b700                Options.report_bg_io_stats: 0
2022/06/10-16:39:28.180033 7f9e4017b700                               Options.ttl: 0
2022/06/10-16:39:28.191790 7f9e4017b700               Options.comparator: leveldb.BytewiseComparator
2022/06/10-16:39:28.191798 7f9e4017b700           Options.merge_operator: None
2022/06/10-16:39:28.191800 7f9e4017b700        Options.compaction_filter: None
2022/06/10-16:39:28.191801 7f9e4017b700        Options.compaction_filter_factory: None
2022/06/10-16:39:28.191802 7f9e4017b700         Options.memtable_factory: SkipListFactory
2022/06/10-16:39:28.191803 7f9e4017b700            Options.table_factory: BlockBasedTable
2022/06/10-16:39:28.191836 7f9e4017b700            table_factory options:   flush_block_policy_factory: FlushBlockBySizePolicyFactory (0x7f9de1a37730)
  cache_index_and_filter_blocks: 0
  cache_index_and_filter_blocks_with_high_priority: 0
  pin_l0_filter_and_index_blocks_in_cache: 0
  pin_top_level_index_and_filter: 1
  index_type: 0
  hash_index_allow_collision: 1
  checksum: 1
  no_block_cache: 0
  block_cache: 0x7f9de199ed50
  block_cache_name: LRUCache
  block_cache_options:
    capacity : 52428800
    num_shard_bits : 6
    strict_capacity_limit : 0
    memory_allocator : None
    high_pri_pool_ratio: 0.000
  block_cache_compressed: (nil)
  persistent_cache: (nil)
  block_size: 4096
  block_size_deviation: 10
  block_restart_interval: 16
  index_block_restart_interval: 1
  metadata_block_size: 4096
  partition_filters: 0
  use_delta_encoding: 1
  filter_policy: rocksdb.BuiltinBloomFilter
  whole_key_filtering: 1
  verify_compression: 0
  read_amp_bytes_per_bit: 0
  format_version: 0
  enable_index_compression: 1
  block_align: 0
2022/06/10-16:39:28.191840 7f9e4017b700        Options.write_buffer_size: 16777216
2022/06/10-16:39:28.191841 7f9e4017b700  Options.max_write_buffer_number: 3
2022/06/10-16:39:28.191843 7f9e4017b700          Options.compression: NoCompression
2022/06/10-16:39:28.191844 7f9e4017b700                  Options.bottommost_compression: Disabled
2022/06/10-16:39:28.191845 7f9e4017b700       Options.prefix_extractor: nullptr
2022/06/10-16:39:28.191846 7f9e4017b700   Options.memtable_insert_with_hint_prefix_extractor: nullptr
2022/06/10-16:39:28.191847 7f9e4017b700             Options.num_levels: 7
2022/06/10-16:39:28.191848 7f9e4017b700        Options.min_write_buffer_number_to_merge: 1
2022/06/10-16:39:28.191849 7f9e4017b700     Options.max_write_buffer_number_to_maintain: 0
2022/06/10-16:39:28.191850 7f9e4017b700            Options.bottommost_compression_opts.window_bits: -14
2022/06/10-16:39:28.191851 7f9e4017b700                  Options.bottommost_compression_opts.level: 32767
2022/06/10-16:39:28.191852 7f9e4017b700               Options.bottommost_compression_opts.strategy: 0
2022/06/10-16:39:28.191853 7f9e4017b700         Options.bottommost_compression_opts.max_dict_bytes: 0
2022/06/10-16:39:28.191854 7f9e4017b700         Options.bottommost_compression_opts.zstd_max_train_bytes: 0
2022/06/10-16:39:28.191855 7f9e4017b700                  Options.bottommost_compression_opts.enabled: false
2022/06/10-16:39:28.191857 7f9e4017b700            Options.compression_opts.window_bits: -14
2022/06/10-16:39:28.191858 7f9e4017b700                  Options.compression_opts.level: 32767
2022/06/10-16:39:28.191858 7f9e4017b700               Options.compression_opts.strategy: 0
2022/06/10-16:39:28.191860 7f9e4017b700         Options.compression_opts.max_dict_bytes: 0
2022/06/10-16:39:28.191861 7f9e4017b700         Options.compression_opts.zstd_max_train_bytes: 0
2022/06/10-16:39:28.191861 7f9e4017b700                  Options.compression_opts.enabled: false
2022/06/10-16:39:28.191862 7f9e4017b700      Options.level0_file_num_compaction_trigger: 4
2022/06/10-16:39:28.191863 7f9e4017b700          Options.level0_slowdown_writes_trigger: 20
2022/06/10-16:39:28.191864 7f9e4017b700              Options.level0_stop_writes_trigger: 36
2022/06/10-16:39:28.191865 7f9e4017b700                   Options.target_file_size_base: 67108864
2022/06/10-16:39:28.191866 7f9e4017b700             Options.target_file_size_multiplier: 1
2022/06/10-16:39:28.191868 7f9e4017b700                Options.max_bytes_for_level