2022/06/08-16:32:36.492798 7efee9b7b700 RocksDB version: 5.18.4
2022/06/08-16:32:36.492835 7efee9b7b700 Git sha rocksdb_build_git_sha:
2022/06/08-16:32:36.492836 7efee9b7b700 Compile date Mar 11 2020
2022/06/08-16:32:36.492838 7efee9b7b700 DB SUMMARY
2022/06/08-16:32:36.492854 7efee9b7b700 CURRENT file:  CURRENT
2022/06/08-16:32:36.492856 7efee9b7b700 IDENTITY file:  IDENTITY
2022/06/08-16:32:36.492859 7efee9b7b700 MANIFEST file:  MANIFEST-000001 size: 13 Bytes
2022/06/08-16:32:36.492860 7efee9b7b700 SST files in /home/ANT.AMAZON.COM/stefler/Documents/university/cloud-services/WikipediaStats/src/streams/./local-streams/kafka-streams-wiki/41_2/rocksdb/month-per-userType-active-users dir, Total Num: 0, files: 
2022/06/08-16:32:36.492862 7efee9b7b700 Write Ahead Log file in /home/ANT.AMAZON.COM/stefler/Documents/university/cloud-services/WikipediaStats/src/streams/./local-streams/kafka-streams-wiki/41_2/rocksdb/month-per-userType-active-users: 000003.log size: 0 ; 
2022/06/08-16:32:36.492864 7efee9b7b700                         Options.error_if_exists: 0
2022/06/08-16:32:36.492864 7efee9b7b700                       Options.create_if_missing: 1
2022/06/08-16:32:36.492865 7efee9b7b700                         Options.paranoid_checks: 1
2022/06/08-16:32:36.492865 7efee9b7b700                                     Options.env: 0x7efe57ffbfa0
2022/06/08-16:32:36.492866 7efee9b7b700                                Options.info_log: 0x7efe9eb679c0
2022/06/08-16:32:36.492867 7efee9b7b700                Options.max_file_opening_threads: 16
2022/06/08-16:32:36.492867 7efee9b7b700                              Options.statistics: (nil)
2022/06/08-16:32:36.492868 7efee9b7b700                               Options.use_fsync: 0
2022/06/08-16:32:36.492868 7efee9b7b700                       Options.max_log_file_size: 0
2022/06/08-16:32:36.492869 7efee9b7b700                  Options.max_manifest_file_size: 1073741824
2022/06/08-16:32:36.492869 7efee9b7b700                   Options.log_file_time_to_roll: 0
2022/06/08-16:32:36.492870 7efee9b7b700                       Options.keep_log_file_num: 1000
2022/06/08-16:32:36.492870 7efee9b7b700                    Options.recycle_log_file_num: 0
2022/06/08-16:32:36.492871 7efee9b7b700                         Options.allow_fallocate: 1
2022/06/08-16:32:36.492871 7efee9b7b700                        Options.allow_mmap_reads: 0
2022/06/08-16:32:36.492872 7efee9b7b700                       Options.allow_mmap_writes: 0
2022/06/08-16:32:36.492872 7efee9b7b700                        Options.use_direct_reads: 0
2022/06/08-16:32:36.492873 7efee9b7b700                        Options.use_direct_io_for_flush_and_compaction: 0
2022/06/08-16:32:36.492873 7efee9b7b700          Options.create_missing_column_families: 0
2022/06/08-16:32:36.492873 7efee9b7b700                              Options.db_log_dir: 
2022/06/08-16:32:36.492874 7efee9b7b700                                 Options.wal_dir: /home/ANT.AMAZON.COM/stefler/Documents/university/cloud-services/WikipediaStats/src/streams/./local-streams/kafka-streams-wiki/41_2/rocksdb/month-per-userType-active-users
2022/06/08-16:32:36.492875 7efee9b7b700                Options.table_cache_numshardbits: 6
2022/06/08-16:32:36.492875 7efee9b7b700                      Options.max_subcompactions: 1
2022/06/08-16:32:36.492876 7efee9b7b700                  Options.max_background_flushes: -1
2022/06/08-16:32:36.492876 7efee9b7b700                         Options.WAL_ttl_seconds: 0
2022/06/08-16:32:36.492877 7efee9b7b700                       Options.WAL_size_limit_MB: 0
2022/06/08-16:32:36.492877 7efee9b7b700             Options.manifest_preallocation_size: 4194304
2022/06/08-16:32:36.492878 7efee9b7b700                     Options.is_fd_close_on_exec: 1
2022/06/08-16:32:36.492878 7efee9b7b700                   Options.advise_random_on_open: 1
2022/06/08-16:32:36.492879 7efee9b7b700                    Options.db_write_buffer_size: 0
2022/06/08-16:32:36.492879 7efee9b7b700                    Options.write_buffer_manager: 0x7efe9eb5eb50
2022/06/08-16:32:36.492880 7efee9b7b700         Options.access_hint_on_compaction_start: 1
2022/06/08-16:32:36.492880 7efee9b7b700  Options.new_table_reader_for_compaction_inputs: 0
2022/06/08-16:32:36.492885 7efee9b7b700           Options.random_access_max_buffer_size: 1048576
2022/06/08-16:32:36.492885 7efee9b7b700                      Options.use_adaptive_mutex: 0
2022/06/08-16:32:36.492886 7efee9b7b700                            Options.rate_limiter: (nil)
2022/06/08-16:32:36.492887 7efee9b7b700     Options.sst_file_manager.rate_bytes_per_sec: 0
2022/06/08-16:32:36.492887 7efee9b7b700                       Options.wal_recovery_mode: 2
2022/06/08-16:32:36.492888 7efee9b7b700                  Options.enable_thread_tracking: 0
2022/06/08-16:32:36.492889 7efee9b7b700                  Options.enable_pipelined_write: 0
2022/06/08-16:32:36.492890 7efee9b7b700         Options.allow_concurrent_memtable_write: 1
2022/06/08-16:32:36.492891 7efee9b7b700      Options.enable_write_thread_adaptive_yield: 1
2022/06/08-16:32:36.492892 7efee9b7b700             Options.write_thread_max_yield_usec: 100
2022/06/08-16:32:36.492893 7efee9b7b700            Options.write_thread_slow_yield_usec: 3
2022/06/08-16:32:36.492894 7efee9b7b700                               Options.row_cache: None
2022/06/08-16:32:36.492894 7efee9b7b700                              Options.wal_filter: None
2022/06/08-16:32:36.492895 7efee9b7b700             Options.avoid_flush_during_recovery: 0
2022/06/08-16:32:36.492896 7efee9b7b700             Options.allow_ingest_behind: 0
2022/06/08-16:32:36.492897 7efee9b7b700             Options.preserve_deletes: 0
2022/06/08-16:32:36.492898 7efee9b7b700             Options.two_write_queues: 0
2022/06/08-16:32:36.492898 7efee9b7b700             Options.manual_wal_flush: 0
2022/06/08-16:32:36.492899 7efee9b7b700             Options.max_background_jobs: 8
2022/06/08-16:32:36.492900 7efee9b7b700             Options.max_background_compactions: -1
2022/06/08-16:32:36.492901 7efee9b7b700             Options.avoid_flush_during_shutdown: 0
2022/06/08-16:32:36.492901 7efee9b7b700           Options.writable_file_max_buffer_size: 1048576
2022/06/08-16:32:36.492902 7efee9b7b700             Options.delayed_write_rate : 16777216
2022/06/08-16:32:36.492903 7efee9b7b700             Options.max_total_wal_size: 0
2022/06/08-16:32:36.492904 7efee9b7b700             Options.delete_obsolete_files_period_micros: 21600000000
2022/06/08-16:32:36.492904 7efee9b7b700                   Options.stats_dump_period_sec: 600
2022/06/08-16:32:36.492905 7efee9b7b700                          Options.max_open_files: -1
2022/06/08-16:32:36.492906 7efee9b7b700                          Options.bytes_per_sync: 0
2022/06/08-16:32:36.492907 7efee9b7b700                      Options.wal_bytes_per_sync: 0
2022/06/08-16:32:36.492907 7efee9b7b700       Options.compaction_readahead_size: 0
2022/06/08-16:32:36.492908 7efee9b7b700 Compression algorithms supported:
2022/06/08-16:32:36.492909 7efee9b7b700 	kZSTDNotFinalCompression supported: 1
2022/06/08-16:32:36.492911 7efee9b7b700 	kZSTD supported: 1
2022/06/08-16:32:36.492912 7efee9b7b700 	kXpressCompression supported: 0
2022/06/08-16:32:36.492913 7efee9b7b700 	kLZ4HCCompression supported: 1
2022/06/08-16:32:36.492914 7efee9b7b700 	kLZ4Compression supported: 1
2022/06/08-16:32:36.492915 7efee9b7b700 	kBZip2Compression supported: 1
2022/06/08-16:32:36.492915 7efee9b7b700 	kZlibCompression supported: 1
2022/06/08-16:32:36.492916 7efee9b7b700 	kSnappyCompression supported: 1
2022/06/08-16:32:36.492918 7efee9b7b700 Fast CRC32 supported: Not supported on x86
2022/06/08-16:32:36.493021 7efee9b7b700               Options.comparator: leveldb.BytewiseComparator
2022/06/08-16:32:36.493023 7efee9b7b700           Options.merge_operator: None
2022/06/08-16:32:36.493024 7efee9b7b700        Options.compaction_filter: None
2022/06/08-16:32:36.493025 7efee9b7b700        Options.compaction_filter_factory: None
2022/06/08-16:32:36.493025 7efee9b7b700         Options.memtable_factory: SkipListFactory
2022/06/08-16:32:36.493026 7efee9b7b700            Options.table_factory: BlockBasedTable
2022/06/08-16:32:36.493049 7efee9b7b700            table_factory options:   flush_block_policy_factory: FlushBlockBySizePolicyFactory (0x7efe9eb6e110)
  cache_index_and_filter_blocks: 0
  cache_index_and_filter_blocks_with_high_priority: 0
  pin_l0_filter_and_index_blocks_in_cache: 0
  pin_top_level_index_and_filter: 1
  index_type: 0
  hash_index_allow_collision: 1
  checksum: 1
  no_block_cache: 0
  block_cache: 0x7efe9eb6f6d0
  block_cache_name: LRUCache
  block_cache_options:
    capacity : 52428800
    num_shard_bits : 6
    strict_capacity_limit : 0
    memory_allocator : None
    high_pri_pool_ratio: 0.000
  block_cache_compressed: (nil)
  persistent_cache: (nil)
  block_size: 4096
  block_size_deviation: 10
  block_restart_interval: 16
  index_block_restart_interval: 1
  metadata_block_size: 4096
  partition_filters: 0
  use_delta_encoding: 1
  filter_policy: rocksdb.BuiltinBloomFilter
  whole_key_filtering: 1
  verify_compression: 0
  read_amp_bytes_per_bit: 0
  format_version: 0
  enable_index_compression: 1
  block_align: 0
2022/06/08-16:32:36.493056 7efee9b7b700        Options.write_buffer_size: 16777216
2022/06/08-16:32:36.493057 7efee9b7b700  Options.max_write_buffer_number: 3
2022/06/08-16:32:36.493058 7efee9b7b700          Options.compression: NoCompression
2022/06/08-16:32:36.493059 7efee9b7b700                  Options.bottommost_compression: Disabled
2022/06/08-16:32:36.493060 7efee9b7b700       Options.prefix_extractor: nullptr
2022/06/08-16:32:36.493061 7efee9b7b700   Options.memtable_insert_with_hint_prefix_extractor: nullptr
2022/06/08-16:32:36.493062 7efee9b7b700             Options.num_levels: 7
2022/06/08-16:32:36.493062 7efee9b7b700        Options.min_write_buffer_number_to_merge: 1
2022/06/08-16:32:36.493063 7efee9b7b700     Options.max_write_buffer_number_to_maintain: 0
2022/06/08-16:32:36.493064 7efee9b7b700            Options.bottommost_compression_opts.window_bits: -14
2022/06/08-16:32:36.493065 7efee9b7b700                  Options.bottommost_compression_opts.level: 32767
2022/06/08-16:32:36.493066 7efee9b7b700               Options.bottommost_compression_opts.strategy: 0
2022/06/08-16:32:36.493067 7efee9b7b700         Options.bottommost_compression_opts.max_dict_bytes: 0
2022/06/08-16:32:36.493068 7efee9b7b700         Options.bottommost_compression_opts.zstd_max_train_bytes: 0
2022/06/08-16:32:36.493069 7efee9b7b700                  Options.bottommost_compression_opts.enabled: false
2022/06/08-16:32:36.493070 7efee9b7b700            Options.compression_opts.window_bits: -14
2022/06/08-16:32:36.493071 7efee9b7b700                  Options.compression_opts.level: 32767
2022/06/08-16:32:36.493072 7efee9b7b700               Options.compression_opts.strategy: 0
2022/06/08-16:32:36.493073 7efee9b7b700         Options.compression_opts.max_dict_bytes: 0
2022/06/08-16:32:36.493074 7efee9b7b700         Options.compression_opts.zstd_max_train_bytes: 0
2022/06/08-16:32:36.493074 7efee9b7b700                  Options.compression_opts.enabled: false
2022/06/08-16:32:36.493075 7efee9b7b700      Options.level0_file_num_compaction_trigger: 4
2022/06/08-16:32:36.493076 7efee9b7b700          Options.level0_slowdown_writes_trigger: 20
2022/06/08-16:32:36.493077 7efee9b7b700              Options.level0_stop_writes_trigger: 36
2022/06/08-16:32:36.493078 7efee9b7b700                   Options.target_file_size_base: 67108864
2022/06/08-16:32:36.493079 7efee9b7b700             Options.target_file_size_multiplier: 1
2022/06/08-16:32:36.493080 7efee9b7b700                Options.max_bytes_for_level_base: 268435456
2022/06/08-16:32:36.493081 7efee9b7b700 Options.level_compaction_dynamic_level_bytes: 0
2022/06/08-16:32:36.493082 7efee9b7b700          Options.max_bytes_for_level_multiplier: 10.000000
2022/06/08-16:32:36.493084 7efee9b7b700 Options.max_bytes_for_level_multiplier_addtl[0]: 1
2022/06/08-16:32:36.493085 7efee9b7b700 Options.max_bytes_for_level_multiplier_addtl[1]: 1
2022/06/08-16:32:36.493086 7efee9b7b700 Options.max_bytes_for_level_multiplier_addtl[2]: 1
2022/06/08-16:32:36.493087 7efee9b7b700 Options.max_bytes_for_level_multiplier_addtl[3]: 1
2022/06/08-16:32:36.493088 7efee9b7b700 Options.max_bytes_for_level_multiplier_addtl[4]: 1
2022/06/08-16:32:36.493093 7efee9b7b700 Options.max_bytes_for_level_multiplier_addtl[5]: 1
2022/06/08-16:32:36.493094 7efee9b7b700 Options.max_bytes_for_level_multiplier_addtl[6]: 1
2022/06/08-16:32:36.493095 7efee9b7b700       Options.max_sequential_skip_in_iterations: 8
2022/06/08-16:32:36.493096 7efee9b7b700                    Options.max_compaction_bytes: 1677721600
2022/06/08-16:32:36.493097 7efee9b7b700                        Options.arena_block_size: 2097152
2022/06/08-16:32:36.493097 7efee9b7b700   Options.soft_pending_compaction_bytes_limit: 68719476736
2022/06/08-16:32:36.493098 7efee9b7b700   Options.hard_pending_compaction_bytes_limit: 274877906944
2022/06/08-16:32:36.493099 7efee9b7b700       Options.rate_limit_delay_max_milliseconds: 100
2022/06/08-16:32:36.493100 7efee9b7b700                Options.disable_auto_compactions: 0
2022/06/08-16:32:36.493101 7efee9b7b700                        Options.compaction_style: kCompactionStyleUniversal
2022/06/08-16:32:36.493102 7efee9b7b700                          Options.compaction_pri: kByCompensatedSize
2022/06/08-16:32:36.493103 7efee9b7b700 Options.compaction_options_universal.size_ratio: 1
2022/06/08-16:32:36.493104 7efee9b7b700 Options.compaction_options_universal.min_merge_width: 2
2022/06/08-16:32:36.493105 7efee9b7b700 Options.compaction_options_universal.max_merge_width: 4294967295
2022/06/08-16:32:36.493106 7efee9b7b700 Options.compaction_options_universal.max_size_amplification_percent: 200
2022/06/08-16:32:36.493107 7efee9b7b700 Options.compaction_options_universal.compression_size_percent: -1
2022/06/08-16:32:36.493108 7efee9b7b700 Options.compaction_options_universal.stop_style: kCompactionStopStyleTotalSize
2022/06/08-16:32:36.493109 7efee9b7b700 Options.compaction_options_fifo.max_table_files_size: 1073741824
2022/06/08-16:32:36.493110 7efee9b7b700 Options.compaction_options_fifo.allow_compaction: 0
2022/06/08-16:32:36.493111 7efee9b7b700 Options.compaction_options_fifo.ttl: 0
2022/06/08-16:32:36.493112 7efee9b7b700                   Options.table_properties_collectors: 
2022/06/08-16:32:36.493113 7efee9b7b700                   Options.inplace_update_support: 0
2022/06/08-16:32:36.493114 7efee9b7b700                 Options.inplace_update_num_locks: 10000
2022/06/08-16:32:36.493115 7efee9b7b700               Options.memtable_prefix_bloom_size_ratio: 0.000000
2022/06/08-16:32:36.493116 7efee9b7b700   Options.memtable_huge_page_size: 0
2022/06/08-16:32:36.493117 7efee9b7b700                           Options.bloom_locality: 0
2022/06/08-16:32:36.493118 7efee9b7b700                    Options.max_successive_merges: 0
2022/06/08-16:32:36.493119 7efee9b7b700                Options.optimize_filters_for_hits: 0
2022/06/08-16:32:36.493120 7efee9b7b700                Options.paranoid_file_checks: 0
2022/06/08-16:32:36.493121 7efee9b7b700                Options.force_consistency_checks: 0
2022/06/08-16:32:36.493122 7efee9b7b700                Options.report_bg_io_stats: 0
2022/06/08-16:32:36.493122 7efee9b7b700                               Options.ttl: 0
2022/06/08-16:32:36.503574 7efee9b7b700               Options.comparator: leveldb.BytewiseComparator
2022/06/08-16:32:36.503580 7efee9b7b700           Options.merge_operator: None
2022/06/08-16:32:36.503581 7efee9b7b700        Options.compaction_filter: None
2022/06/08-16:32:36.503582 7efee9b7b700        Options.compaction_filter_factory: None
2022/06/08-16:32:36.503584 7efee9b7b700         Options.memtable_factory: SkipListFactory
2022/06/08-16:32:36.503585 7efee9b7b700            Options.table_factory: BlockBasedTable
2022/06/08-16:32:36.503611 7efee9b7b700            table_factory options:   flush_block_policy_factory: FlushBlockBySizePolicyFactory (0x7efe9eb6e110)
  cache_index_and_filter_blocks: 0
  cache_index_and_filter_blocks_with_high_priority: 0
  pin_l0_filter_and_index_blocks_in_cache: 0
  pin_top_level_index_and_filter: 1
  index_type: 0
  hash_index_allow_collision: 1
  checksum: 1
  no_block_cache: 0
  block_cache: 0x7efe9eb6f6d0
  block_cache_name: LRUCache
  block_cache_options:
    capacity : 52428800
    num_shard_bits : 6
    strict_capacity_limit : 0
    memory_allocator : None
    high_pri_pool_ratio: 0.000
  block_cache_compressed: (nil)
  persistent_cache: (nil)
  block_size: 4096
  block_size_deviation: 10
  block_restart_interval: 16
  index_block_restart_interval: 1
  metadata_block_size: 4096
  partition_filters: 0
  use_delta_encoding: 1
  filter_policy: rocksdb.BuiltinBloomFilter
  whole_key_filtering: 1
  verify_compression: 0
  read_amp_bytes_per_bit: 0
  format_version: 0
  enable_index_compression: 1
  block_align: 0
2022/06/08-16:32:36.503613 7efee9b7b700        Options.write_buffer_size: 16777216
2022/06/08-16:32:36.503614 7efee9b7b700  Options.max_write_buffer_number: 3
2022/06/08-16:32:36.503615 7efee9b7b700          Options.compression: NoCompression
2022/06/08-16:32:36.503616 7efee9b7b700                  Options.bottommost_compression: Disabled
2022/06/08-16:32:36.503617 7efee9b7b700       Options.prefix_extractor: nullptr
2022/06/08-16:32:36.503618 7efee9b7b700   Options.memtable_insert_with_hint_prefix_extractor: nullptr
2022/06/08-16:32:36.503619 7efee9b7b700             Options.num_levels: 7
2022/06/08-16:32:36.503620 7efee9b7b700        Options.min_write_buffer_number_to_merge: 1
2022/06/08-16:32:36.503620 7efee9b7b700     Options.max_write_buffer_number_to_maintain: 0
2022/06/08-16:32:36.503621 7efee9b7b700            Options.bottommost_compression_opts.window_bits: -14
2022/06/08-16:32:36.503622 7efee9b7b700                  Options.bottommost_compression_opts.level: 32767
2022/06/08-16:32:36.503623 7efee9b7b700               Options.bottommost_compression_opts.strategy: 0
2022/06/08-16:32:36.503624 7efee9b7b700         Options.bottommost_compression_opts.max_dict_bytes: 0
2022/06/08-16:32:36.503624 7efee9b7b700         Options.bottommost_compression_opts.zstd_max_train_bytes: 0
2022/06/08-16:32:36.503625 7efee9b7b700                  Options.bottommost_compression_opts.enabled: false
2022/06/08-16:32:36.503626 7efee9b7b700            Options.compression_opts.window_bits: -14
2022/06/08-16:32:36.503627 7efee9b7b700                  Options.compression_opts.level: 32767
2022/06/08-16:32:36.503628 7efee9b7b700               Options.compression_opts.strategy: 0
2022/06/08-16:32:36.503629 7efee9b7b700         Options.compression_opts.max_dict_bytes: 0
2022/06/08-16:32:36.503629 7efee9b7b700         Options.compression_opts.zstd_max_train_bytes: 0
2022/06/08-16:32:36.503630 7efee9b7b700                  Options.compression_opts.enabled: false
2022/06/08-16:32:36.503631 7efee9b7b700      Options.level0_file_num_compaction_trigger: 4
2022/06/08-16:32:36.503632 7efee9b7b700          Options.level0_slowdown_writes_trigger: 20
2022/06/08-16:32:36.503633 7efee9b7b700              Options.level0_stop_writes_trigger: 36
2022/06/08-16:32:36.503634 7efee9b7b700                   Options.target_file_size_base: 67108864
2022/06/08-16:32:36.503634 7efee9b7b700             Options.target_file_size_multiplier: 1
2022/06/08-16:32:36.503635 7efee9b7b700                Options.max_bytes_for_level_base: 268435456
2022/06/08-16:32:36.503649 7efee9b7b700 Options.level_compaction_dynamic_level_bytes: 0
2022/06/08-16:32:36.503650 7efee9b7b700          Options.max_bytes_for_level_multiplier: 10.000000
2022/06/08-16:32:36.503653 7efee9b7b700 Options.max_bytes_for_level_multiplier_addtl[0]: 1
2022/06/08-16:32:36.503654 7efee9b7b700 Options.max_bytes_for_level_multiplier_addtl[1]: 1
2022/06/08-16:32:36.503654 7efee9b7b700 Options.max_bytes_for_level_multiplier_addtl[2]: 1
2022/06/08-16:32:36.503655 7efee9b7b700 Options.max_bytes_for_level_multiplier_addtl[3]: 1
2022/06/08-16:32:36.503656 7efee9b7b700 Options.max_bytes_for_level_multiplier_addtl[4]: 1
2022/06/08-16:32:36.503657 7efee9b7b700 Options.max_bytes_for_level_multiplier_addtl[5]: 1
2022/06/08-16:32:36.503658 7efee9b7b700 Options.max_bytes_for_level_multiplier_addtl[6]: 1
2022/06/08-16:32:36.503659 7efee9b7b700       Options.max_sequential_skip_in_iterations: 8
2022/06/08-16:32:36.503660 7efee9b7b700                    Options.max_compaction_bytes: 1677721600
2022/06/08-16:32:36.503661 7efee9b7b700                        Options.arena_block_size: 2097152
2022/06/08-16:32:36.503661 7efee9b7b700   Options.soft_pending_compaction_bytes_limit: 68719476736
2022/06/08-16:32:36.503662 7efee9b7b700   Options.hard_pending_compaction_bytes_limit: 274877906944
2022/06/08-16:32:36.503663 7efee9b7b700       Options.rate_limit_delay_max_milliseconds: 100
2022/06/08-16:32:36.503664 7efee9b7b700                Options.disable_auto_compactions: 0
2022/06/08-16:32:36.503665 7efee9b7b700                        Options.compaction_style: kCompactionStyleUniversal
2022/06/08-16:32:36.503666 7efee9b7b700                          Options.compaction_pri: kByCompensatedSize
2022/06/08-16:32:36.503667 7efee9b7b700 Options.compaction_options_universal.size_ratio: 1
2022/06/08-16:32:36.503668 7efee9b7b700 Options.compaction_options_universal.min_merge_width: 2
2022/06/08-16:32:36.503669 7efee9b7b700 Options.compaction_options_universal.max_merge_width: 4294967295
2022/06/08-16:32:36.503670 7efee9b7b700 Options.compaction_options_universal.max_size_amplification_percent: 200
2022/06/08-16:32:36.503670 7efee9b7b700 Options.compaction_options_universal.compression_size_percent: -1
2022/06/08-16:32:36.503671 7efee9b7b700 Options.compaction_options_universal.stop_style: kCompactionStopStyleTotalSize
2022/06/08-16:32:36.503672 7efee9b7b700 Options.compaction_options_fifo.max_table_files_size: 1073741824
2022/06/08-16:32:36.503673 7efee9b7b700 Options.compaction_options_fifo.allow_compaction: 0
2022/06/08-16:32:36.503674 7efee9b7b700 Options.compaction_options_fifo.ttl: 0
2022/06/08-16:32:36.503675 7efee9b7b700                   Options.table_properties_collectors: 
2022/06/08-16:32:36.503676 7efee9b7b700                   Options.inplace_update_support: 0
2022/06/08-16:32:36.503676 7efee9b7b700                 Options.inplace_update_num_locks: 10000
2022/06/08-16:32:36.503677 7efee9b7b700               Options.memtable_prefix_bloom_size_ratio: 0.000000
2022/06/08-16:32:36.503678 7efee9b7b700   Options.memtable_huge_page_size: 0
2022/06/08-16:32:36.503679 7efee9b7b700                           Options.bloom_locality: 0
2022/06/08-16:32:36.503680 7efee9b7b700                    Options.max_successive_merges: 0
2022/06/08-16:32:36.503680 7efee9b7b700                Options.optimize_filters_for_hits: 0
2022/06/08-16:32:36.503681 7efee9b7b700                Options.paranoid_file_checks: 0
2022/06/08-16:32:36.503682 7efee9b7b700                Options.force_consistency_checks: 0
2022/06/08-16:32:36.503683 7efee9b7b700                Options.report_bg_io_stats: 0
2022/06/08-16:32:36.503683 7efee9b7b700                               Options.ttl: 0
