2022/06/10-16:39:28.234612 7f9e4017b700 RocksDB version: 5.18.4
2022/06/10-16:39:28.234658 7f9e4017b700 Git sha rocksdb_build_git_sha:
2022/06/10-16:39:28.234663 7f9e4017b700 Compile date Mar 11 2020
2022/06/10-16:39:28.234664 7f9e4017b700 DB SUMMARY
2022/06/10-16:39:28.234684 7f9e4017b700 CURRENT file:  CURRENT
2022/06/10-16:39:28.234686 7f9e4017b700 IDENTITY file:  IDENTITY
2022/06/10-16:39:28.234690 7f9e4017b700 MANIFEST file:  MANIFEST-000001 size: 13 Bytes
2022/06/10-16:39:28.234691 7f9e4017b700 SST files in /home/ANT.AMAZON.COM/stefler/Documents/university/cloud-services/WikipediaStats/src/streams/./local-streams/kafka-streams-wiki/25_2/rocksdb/month-per-language-active-users dir, Total Num: 0, files: 
2022/06/10-16:39:28.234693 7f9e4017b700 Write Ahead Log file in /home/ANT.AMAZON.COM/stefler/Documents/university/cloud-services/WikipediaStats/src/streams/./local-streams/kafka-streams-wiki/25_2/rocksdb/month-per-language-active-users: 000003.log size: 0 ; 
2022/06/10-16:39:28.234695 7f9e4017b700                         Options.error_if_exists: 0
2022/06/10-16:39:28.234696 7f9e4017b700                       Options.create_if_missing: 1
2022/06/10-16:39:28.234697 7f9e4017b700                         Options.paranoid_checks: 1
2022/06/10-16:39:28.234698 7f9e4017b700                                     Options.env: 0x7f9de62e6fa0
2022/06/10-16:39:28.234699 7f9e4017b700                                Options.info_log: 0x7f9de1a7d950
2022/06/10-16:39:28.234700 7f9e4017b700                Options.max_file_opening_threads: 16
2022/06/10-16:39:28.234702 7f9e4017b700                              Options.statistics: (nil)
2022/06/10-16:39:28.234703 7f9e4017b700                               Options.use_fsync: 0
2022/06/10-16:39:28.234704 7f9e4017b700                       Options.max_log_file_size: 0
2022/06/10-16:39:28.234705 7f9e4017b700                  Options.max_manifest_file_size: 1073741824
2022/06/10-16:39:28.234706 7f9e4017b700                   Options.log_file_time_to_roll: 0
2022/06/10-16:39:28.234708 7f9e4017b700                       Options.keep_log_file_num: 1000
2022/06/10-16:39:28.234709 7f9e4017b700                    Options.recycle_log_file_num: 0
2022/06/10-16:39:28.234710 7f9e4017b700                         Options.allow_fallocate: 1
2022/06/10-16:39:28.234711 7f9e4017b700                        Options.allow_mmap_reads: 0
2022/06/10-16:39:28.234712 7f9e4017b700                       Options.allow_mmap_writes: 0
2022/06/10-16:39:28.234713 7f9e4017b700                        Options.use_direct_reads: 0
2022/06/10-16:39:28.234714 7f9e4017b700                        Options.use_direct_io_for_flush_and_compaction: 0
2022/06/10-16:39:28.234715 7f9e4017b700          Options.create_missing_column_families: 0
2022/06/10-16:39:28.234716 7f9e4017b700                              Options.db_log_dir: 
2022/06/10-16:39:28.234717 7f9e4017b700                                 Options.wal_dir: /home/ANT.AMAZON.COM/stefler/Documents/university/cloud-services/WikipediaStats/src/streams/./local-streams/kafka-streams-wiki/25_2/rocksdb/month-per-language-active-users
2022/06/10-16:39:28.234719 7f9e4017b700                Options.table_cache_numshardbits: 6
2022/06/10-16:39:28.234720 7f9e4017b700                      Options.max_subcompactions: 1
2022/06/10-16:39:28.234721 7f9e4017b700                  Options.max_background_flushes: -1
2022/06/10-16:39:28.234722 7f9e4017b700                         Options.WAL_ttl_seconds: 0
2022/06/10-16:39:28.234723 7f9e4017b700                       Options.WAL_size_limit_MB: 0
2022/06/10-16:39:28.234724 7f9e4017b700             Options.manifest_preallocation_size: 4194304
2022/06/10-16:39:28.234725 7f9e4017b700                     Options.is_fd_close_on_exec: 1
2022/06/10-16:39:28.234727 7f9e4017b700                   Options.advise_random_on_open: 1
2022/06/10-16:39:28.234728 7f9e4017b700                    Options.db_write_buffer_size: 0
2022/06/10-16:39:28.234729 7f9e4017b700                    Options.write_buffer_manager: 0x7f9de1ab9090
2022/06/10-16:39:28.234730 7f9e4017b700         Options.access_hint_on_compaction_start: 1
2022/06/10-16:39:28.234731 7f9e4017b700  Options.new_table_reader_for_compaction_inputs: 0
2022/06/10-16:39:28.234740 7f9e4017b700           Options.random_access_max_buffer_size: 1048576
2022/06/10-16:39:28.234742 7f9e4017b700                      Options.use_adaptive_mutex: 0
2022/06/10-16:39:28.234743 7f9e4017b700                            Options.rate_limiter: (nil)
2022/06/10-16:39:28.234744 7f9e4017b700     Options.sst_file_manager.rate_bytes_per_sec: 0
2022/06/10-16:39:28.234746 7f9e4017b700                       Options.wal_recovery_mode: 2
2022/06/10-16:39:28.234747 7f9e4017b700                  Options.enable_thread_tracking: 0
2022/06/10-16:39:28.234748 7f9e4017b700                  Options.enable_pipelined_write: 0
2022/06/10-16:39:28.234749 7f9e4017b700         Options.allow_concurrent_memtable_write: 1
2022/06/10-16:39:28.234750 7f9e4017b700      Options.enable_write_thread_adaptive_yield: 1
2022/06/10-16:39:28.234751 7f9e4017b700             Options.write_thread_max_yield_usec: 100
2022/06/10-16:39:28.234753 7f9e4017b700            Options.write_thread_slow_yield_usec: 3
2022/06/10-16:39:28.234754 7f9e4017b700                               Options.row_cache: None
2022/06/10-16:39:28.234755 7f9e4017b700                              Options.wal_filter: None
2022/06/10-16:39:28.234756 7f9e4017b700             Options.avoid_flush_during_recovery: 0
2022/06/10-16:39:28.234757 7f9e4017b700             Options.allow_ingest_behind: 0
2022/06/10-16:39:28.234758 7f9e4017b700             Options.preserve_deletes: 0
2022/06/10-16:39:28.234759 7f9e4017b700             Options.two_write_queues: 0
2022/06/10-16:39:28.234761 7f9e4017b700             Options.manual_wal_flush: 0
2022/06/10-16:39:28.234762 7f9e4017b700             Options.max_background_jobs: 8
2022/06/10-16:39:28.234763 7f9e4017b700             Options.max_background_compactions: -1
2022/06/10-16:39:28.234764 7f9e4017b700             Options.avoid_flush_during_shutdown: 0
2022/06/10-16:39:28.234766 7f9e4017b700           Options.writable_file_max_buffer_size: 1048576
2022/06/10-16:39:28.234767 7f9e4017b700             Options.delayed_write_rate : 16777216
2022/06/10-16:39:28.234768 7f9e4017b700             Options.max_total_wal_size: 0
2022/06/10-16:39:28.234769 7f9e4017b700             Options.delete_obsolete_files_period_micros: 21600000000
2022/06/10-16:39:28.234770 7f9e4017b700                   Options.stats_dump_period_sec: 600
2022/06/10-16:39:28.234771 7f9e4017b700                          Options.max_open_files: -1
2022/06/10-16:39:28.234772 7f9e4017b700                          Options.bytes_per_sync: 0
2022/06/10-16:39:28.234773 7f9e4017b700                      Options.wal_bytes_per_sync: 0
2022/06/10-16:39:28.234774 7f9e4017b700       Options.compaction_readahead_size: 0
2022/06/10-16:39:28.234775 7f9e4017b700 Compression algorithms supported:
2022/06/10-16:39:28.234776 7f9e4017b700 	kZSTDNotFinalCompression supported: 1
2022/06/10-16:39:28.234778 7f9e4017b700 	kZSTD supported: 1
2022/06/10-16:39:28.234779 7f9e4017b700 	kXpressCompression supported: 0
2022/06/10-16:39:28.234780 7f9e4017b700 	kLZ4HCCompression supported: 1
2022/06/10-16:39:28.234782 7f9e4017b700 	kLZ4Compression supported: 1
2022/06/10-16:39:28.234783 7f9e4017b700 	kBZip2Compression supported: 1
2022/06/10-16:39:28.234784 7f9e4017b700 	kZlibCompression supported: 1
2022/06/10-16:39:28.234785 7f9e4017b700 	kSnappyCompression supported: 1
2022/06/10-16:39:28.234787 7f9e4017b700 Fast CRC32 supported: Not supported on x86
2022/06/10-16:39:28.234925 7f9e4017b700               Options.comparator: leveldb.BytewiseComparator
2022/06/10-16:39:28.234926 7f9e4017b700           Options.merge_operator: None
2022/06/10-16:39:28.234927 7f9e4017b700        Options.compaction_filter: None
2022/06/10-16:39:28.234928 7f9e4017b700        Options.compaction_filter_factory: None
2022/06/10-16:39:28.234929 7f9e4017b700         Options.memtable_factory: SkipListFactory
2022/06/10-16:39:28.234930 7f9e4017b700            Options.table_factory: BlockBasedTable
2022/06/10-16:39:28.234947 7f9e4017b700            table_factory options:   flush_block_policy_factory: FlushBlockBySizePolicyFactory (0x7f9de1a70f60)
  cache_index_and_filter_blocks: 0
  cache_index_and_filter_blocks_with_high_priority: 0
  pin_l0_filter_and_index_blocks_in_cache: 0
  pin_top_level_index_and_filter: 1
  index_type: 0
  hash_index_allow_collision: 1
  checksum: 1
  no_block_cache: 0
  block_cache: 0x7f9de1a75b90
  block_cache_name: LRUCache
  block_cache_options:
    capacity : 52428800
    num_shard_bits : 6
    strict_capacity_limit : 0
    memory_allocator : None
    high_pri_pool_ratio: 0.000
  block_cache_compressed: (nil)
  persistent_cache: (nil)
  block_size: 4096
  block_size_deviation: 10
  block_restart_interval: 16
  index_block_restart_interval: 1
  metadata_block_size: 4096
  partition_filters: 0
  use_delta_encoding: 1
  filter_policy: rocksdb.BuiltinBloomFilter
  whole_key_filtering: 1
  verify_compression: 0
  read_amp_bytes_per_bit: 0
  format_version: 0
  enable_index_compression: 1
  block_align: 0
2022/06/10-16:39:28.234954 7f9e4017b700        Options.write_buffer_size: 16777216
2022/06/10-16:39:28.234955 7f9e4017b700  Options.max_write_buffer_number: 3
2022/06/10-16:39:28.234956 7f9e4017b700          Options.compression: NoCompression
2022/06/10-16:39:28.234957 7f9e4017b700                  Options.bottommost_compression: Disabled
2022/06/10-16:39:28.234958 7f9e4017b700       Options.prefix_extractor: nullptr
2022/06/10-16:39:28.234958 7f9e4017b700   Options.memtable_insert_with_hint_prefix_extractor: nullptr
2022/06/10-16:39:28.234959 7f9e4017b700             Options.num_levels: 7
2022/06/10-16:39:28.234960 7f9e4017b700        Options.min_write_buffer_number_to_merge: 1
2022/06/10-16:39:28.234960 7f9e4017b700     Options.max_write_buffer_number_to_maintain: 0
2022/06/10-16:39:28.234961 7f9e4017b700            Options.bottommost_compression_opts.window_bits: -14
2022/06/10-16:39:28.234962 7f9e4017b700                  Options.bottommost_compression_opts.level: 32767
2022/06/10-16:39:28.234962 7f9e4017b700               Options.bottommost_compression_opts.strategy: 0
2022/06/10-16:39:28.234963 7f9e4017b700         Options.bottommost_compression_opts.max_dict_bytes: 0
2022/06/10-16:39:28.234964 7f9e4017b700         Options.bottommost_compression_opts.zstd_max_train_bytes: 0
2022/06/10-16:39:28.234964 7f9e4017b700                  Options.bottommost_compression_opts.enabled: false
2022/06/10-16:39:28.234965 7f9e4017b700            Options.compression_opts.window_bits: -14
2022/06/10-16:39:28.234966 7f9e4017b700                  Options.compression_opts.level: 32767
2022/06/10-16:39:28.234966 7f9e4017b700               Options.compression_opts.strategy: 0
2022/06/10-16:39:28.234967 7f9e4017b700         Options.compression_opts.max_dict_bytes: 0
2022/06/10-16:39:28.234967 7f9e4017b700         Options.compression_opts.zstd_max_train_bytes: 0
2022/06/10-16:39:28.234968 7f9e4017b700                  Options.compression_opts.enabled: false
2022/06/10-16:39:28.234969 7f9e4017b700      Options.level0_file_num_compaction_trigger: 4
2022/06/10-16:39:28.234969 7f9e4017b700          Options.level0_slowdown_writes_trigger: 20
2022/06/10-16:39:28.234970 7f9e4017b700              Options.level0_stop_writes_trigger: 36
2022/06/10-16:39:28.234970 7f9e4017b700                   Options.target_file_size_base: 67108864
2022/06/10-16:39:28.234971 7f9e4017b700             Options.target_file_size_multiplier: 1
2022/06/10-16:39:28.234972 7f9e4017b700                Options.max_bytes_for_level_base: 268435456
2022/06/10-16:39:28.234972 7f9e4017b700 Options.level_compaction_dynamic_level_bytes: 0
2022/06/10-16:39:28.234973 7f9e4017b700          Options.max_bytes_for_level_multiplier: 10.000000
2022/06/10-16:39:28.234975 7f9e4017b700 Options.max_bytes_for_level_multiplier_addtl[0]: 1
2022/06/10-16:39:28.234976 7f9e4017b700 Options.max_bytes_for_level_multiplier_addtl[1]: 1
2022/06/10-16:39:28.234976 7f9e4017b700 Options.max_bytes_for_level_multiplier_addtl[2]: 1
2022/06/10-16:39:28.234977 7f9e4017b700 Options.max_bytes_for_level_multiplier_addtl[3]: 1
2022/06/10-16:39:28.234978 7f9e4017b700 Options.max_bytes_for_level_multiplier_addtl[4]: 1
2022/06/10-16:39:28.234982 7f9e4017b700 Options.max_bytes_for_level_multiplier_addtl[5]: 1
2022/06/10-16:39:28.234982 7f9e4017b700 Options.max_bytes_for_level_multiplier_addtl[6]: 1
2022/06/10-16:39:28.234983 7f9e4017b700       Options.max_sequential_skip_in_iterations: 8
2022/06/10-16:39:28.234984 7f9e4017b700                    Options.max_compaction_bytes: 1677721600
2022/06/10-16:39:28.234984 7f9e4017b700                        Options.arena_block_size: 2097152
2022/06/10-16:39:28.234985 7f9e4017b700   Options.soft_pending_compaction_bytes_limit: 68719476736
2022/06/10-16:39:28.234986 7f9e4017b700   Options.hard_pending_compaction_bytes_limit: 274877906944
2022/06/10-16:39:28.234987 7f9e4017b700       Options.rate_limit_delay_max_milliseconds: 100
2022/06/10-16:39:28.234987 7f9e4017b700                Options.disable_auto_compactions: 0
2022/06/10-16:39:28.234988 7f9e4017b700                        Options.compaction_style: kCompactionStyleUniversal
2022/06/10-16:39:28.234990 7f9e4017b700                          Options.compaction_pri: kByCompensatedSize
2022/06/10-16:39:28.234990 7f9e4017b700 Options.compaction_options_universal.size_ratio: 1
2022/06/10-16:39:28.234991 7f9e4017b700 Options.compaction_options_universal.min_merge_width: 2
2022/06/10-16:39:28.234992 7f9e4017b700 Options.compaction_options_universal.max_merge_width: 4294967295
2022/06/10-16:39:28.234992 7f9e4017b700 Options.compaction_options_universal.max_size_amplification_percent: 200
2022/06/10-16:39:28.234993 7f9e4017b700 Options.compaction_options_universal.compression_size_percent: -1
2022/06/10-16:39:28.234994 7f9e4017b700 Options.compaction_options_universal.stop_style: kCompactionStopStyleTotalSize
2022/06/10-16:39:28.234995 7f9e4017b700 Options.compaction_options_fifo.max_table_files_size: 1073741824
2022/06/10-16:39:28.234995 7f9e4017b700 Options.compaction_options_fifo.allow_compaction: 0
2022/06/10-16:39:28.234996 7f9e4017b700 Options.compaction_options_fifo.ttl: 0
2022/06/10-16:39:28.234997 7f9e4017b700                   Options.table_properties_collectors: 
2022/06/10-16:39:28.234997 7f9e4017b700                   Options.inplace_update_support: 0
2022/06/10-16:39:28.234998 7f9e4017b700                 Options.inplace_update_num_locks: 10000
2022/06/10-16:39:28.234999 7f9e4017b700               Options.memtable_prefix_bloom_size_ratio: 0.000000
2022/06/10-16:39:28.235000 7f9e4017b700   Options.memtable_huge_page_size: 0
2022/06/10-16:39:28.235001 7f9e4017b700                           Options.bloom_locality: 0
2022/06/10-16:39:28.235001 7f9e4017b700                    Options.max_successive_merges: 0
2022/06/10-16:39:28.235002 7f9e4017b700                Options.optimize_filters_for_hits: 0
2022/06/10-16:39:28.235003 7f9e4017b700                Options.paranoid_file_checks: 0
2022/06/10-16:39:28.235003 7f9e4017b700                Options.force_consistency_checks: 0
2022/06/10-16:39:28.235004 7f9e4017b700                Options.report_bg_io_stats: 0
2022/06/10-16:39:28.235005 7f9e4017b700                               Options.ttl: 0
2022/06/10-16:39:28.255549 7f9e4017b700               Options.comparator: leveldb.BytewiseComparator
2022/06/10-16:39:28.255557 7f9e4017b700           Options.merge_operator: None
2022/06/10-16:39:28.255558 7f9e4017b700        Options.compaction_filter: None
2022/06/10-16:39:28.255560 7f9e4017b700        Options.compaction_filter_factory: None
2022/06/10-16:39:28.255561 7f9e4017b700         Options.memtable_factory: SkipListFactory
2022/06/10-16:39:28.255562 7f9e4017b700            Options.table_factory: BlockBasedTable
2022/06/10-16:39:28.255601 7f9e4017b700            table_factory options:   flush_block_policy_factory: FlushBlockBySizePolicyFactory (0x7f9de1a70f60)
  cache_index_and_filter_blocks: 0
  cache_index_and_filter_blocks_with_high_priority: 0
  pin_l0_filter_and_index_blocks_in_cache: 0
  pin_top_level_index_and_filter: 1
  index_type: 0
  hash_index_allow_collision: 1
  checksum: 1
  no_block_cache: 0
  block_cache: 0x7f9de1a75b90
  block_cache_name: LRUCache
  block_cache_options:
    capacity : 52428800
    num_shard_bits : 6
    strict_capacity_limit : 0
    memory_allocator : None
    high_pri_pool_ratio: 0.000
  block_cache_compressed: (nil)
  persistent_cache: (nil)
  block_size: 4096
  block_size_deviation: 10
  block_restart_interval: 16
  index_block_restart_interval: 1
  metadata_block_size: 4096
  partition_filters: 0
  use_delta_encoding: 1
  filter_policy: rocksdb.BuiltinBloomFilter
  whole_key_filtering: 1
  verify_compression: 0
  read_amp_bytes_per_bit: 0
  format_version: 0
  enable_index_compression: 1
  block_align: 0
2022/06/10-16:39:28.255603 7f9e4017b700        Options.write_buffer_size: 16777216
2022/06/10-16:39:28.255605 7f9e4017b700  Options.max_write_buffer_number: 3
2022/06/10-16:39:28.255606 7f9e4017b700          Options.compression: NoCompression
2022/06/10-16:39:28.255607 7f9e4017b700                  Options.bottommost_compression: Disabled
2022/06/10-16:39:28.255609 7f9e4017b700       Options.prefix_extractor: nullptr
2022/06/10-16:39:28.255611 7f9e4017b700   Options.memtable_insert_with_hint_prefix_extractor: nullptr
2022/06/10-16:39:28.255612 7f9e4017b700             Options.num_levels: 7
2022/06/10-16:39:28.255612 7f9e4017b700        Options.min_write_buffer_number_to_merge: 1
2022/06/10-16:39:28.255614 7f9e4017b700     Options.max_write_buffer_number_to_maintain: 0
2022/06/10-16:39:28.255615 7f9e4017b700            Options.bottommost_compression_opts.window_bits: -14
2022/06/10-16:39:28.255615 7f9e4017b700                  Options.bottommost_compression_opts.level: 32767
2022/06/10-16:39:28.255616 7f9e4017b700               Options.bottommost_compression_opts.strategy: 0
2022/06/10-16:39:28.255617 7f9e4017b700         Options.bottommost_compression_opts.max_dict_bytes: 0
2022/06/10-16:39:28.255618 7f9e4017b700         Options.bottommost_compression_opts.zstd_max_train_bytes: 0
2022/06/10-16:39:28.255620 7f9e4017b700                  Options.bottommost_compression_opts.enabled: false
2022/06/10-16:39:28.255621 7f9e4017b700            Options.compression_opts.window_bits: -14
2022/06/10-16:39:28.255622 7f9e4017b700                  Options.compression_opts.level: 32767
2022/06/10-16:39:28.255623 7f9e4017b700               Options.compression_opts.strategy: 0
2022/06/10-16:39:28.255625 7f9e4017b700         Options.compression_opts.max_dict_bytes: 0
2022/06/10-16:39:28.255626 7f9e4017b700         Options.compression_opts.zstd_max_train_bytes: 0
2022/06/10-16:39:28.255627 7f9e4017b700                  Options.compression_opts.enabled: false
2022/06/10-16:39:28.255628 7f9e4017b700      Options.level0_file_num_compaction_trigger: 4
2022/06/10-16:39:28.255629 7f9e4017b700          Options.level0_slowdown_writes_trigger: 20
2022/06/10-16:39:28.255630 7f9e4017b700              Options.level0_stop_writes_trigger: 36
2022/06/10-16:39:28.255631 7f9e4017b700                   Options.target_file_size_base: 67108864
2022/06/10-16:39:28.255632 7f9e4017b700             Options.target_file_size_multiplier: 1
2022/06/10-16:39:28.255633 7f9e4017b700                Options.max_bytes_for_level