2022/06/10-16:39:29.186714 7f9e4017b700 RocksDB version: 5.18.4
2022/06/10-16:39:29.186751 7f9e4017b700 Git sha rocksdb_build_git_sha:
2022/06/10-16:39:29.186753 7f9e4017b700 Compile date Mar 11 2020
2022/06/10-16:39:29.186754 7f9e4017b700 DB SUMMARY
2022/06/10-16:39:29.186774 7f9e4017b700 CURRENT file:  CURRENT
2022/06/10-16:39:29.186776 7f9e4017b700 IDENTITY file:  IDENTITY
2022/06/10-16:39:29.186779 7f9e4017b700 MANIFEST file:  MANIFEST-000001 size: 13 Bytes
2022/06/10-16:39:29.186781 7f9e4017b700 SST files in /home/ANT.AMAZON.COM/stefler/Documents/university/cloud-services/WikipediaStats/src/streams/./local-streams/kafka-streams-wiki/33_2/rocksdb/month-per-userType-countPagesCreated dir, Total Num: 0, files: 
2022/06/10-16:39:29.186782 7f9e4017b700 Write Ahead Log file in /home/ANT.AMAZON.COM/stefler/Documents/university/cloud-services/WikipediaStats/src/streams/./local-streams/kafka-streams-wiki/33_2/rocksdb/month-per-userType-countPagesCreated: 000003.log size: 0 ; 
2022/06/10-16:39:29.186784 7f9e4017b700                         Options.error_if_exists: 0
2022/06/10-16:39:29.186790 7f9e4017b700                       Options.create_if_missing: 1
2022/06/10-16:39:29.186791 7f9e4017b700                         Options.paranoid_checks: 1
2022/06/10-16:39:29.186792 7f9e4017b700                                     Options.env: 0x7f9de62e6fa0
2022/06/10-16:39:29.186794 7f9e4017b700                                Options.info_log: 0x7f9de22dca70
2022/06/10-16:39:29.186795 7f9e4017b700                Options.max_file_opening_threads: 16
2022/06/10-16:39:29.186796 7f9e4017b700                              Options.statistics: (nil)
2022/06/10-16:39:29.186797 7f9e4017b700                               Options.use_fsync: 0
2022/06/10-16:39:29.186798 7f9e4017b700                       Options.max_log_file_size: 0
2022/06/10-16:39:29.186799 7f9e4017b700                  Options.max_manifest_file_size: 1073741824
2022/06/10-16:39:29.186801 7f9e4017b700                   Options.log_file_time_to_roll: 0
2022/06/10-16:39:29.186802 7f9e4017b700                       Options.keep_log_file_num: 1000
2022/06/10-16:39:29.186803 7f9e4017b700                    Options.recycle_log_file_num: 0
2022/06/10-16:39:29.186804 7f9e4017b700                         Options.allow_fallocate: 1
2022/06/10-16:39:29.186805 7f9e4017b700                        Options.allow_mmap_reads: 0
2022/06/10-16:39:29.186806 7f9e4017b700                       Options.allow_mmap_writes: 0
2022/06/10-16:39:29.186807 7f9e4017b700                        Options.use_direct_reads: 0
2022/06/10-16:39:29.186808 7f9e4017b700                        Options.use_direct_io_for_flush_and_compaction: 0
2022/06/10-16:39:29.186809 7f9e4017b700          Options.create_missing_column_families: 0
2022/06/10-16:39:29.186810 7f9e4017b700                              Options.db_log_dir: 
2022/06/10-16:39:29.186811 7f9e4017b700                                 Options.wal_dir: /home/ANT.AMAZON.COM/stefler/Documents/university/cloud-services/WikipediaStats/src/streams/./local-streams/kafka-streams-wiki/33_2/rocksdb/month-per-userType-countPagesCreated
2022/06/10-16:39:29.186812 7f9e4017b700                Options.table_cache_numshardbits: 6
2022/06/10-16:39:29.186813 7f9e4017b700                      Options.max_subcompactions: 1
2022/06/10-16:39:29.186814 7f9e4017b700                  Options.max_background_flushes: -1
2022/06/10-16:39:29.186815 7f9e4017b700                         Options.WAL_ttl_seconds: 0
2022/06/10-16:39:29.186816 7f9e4017b700                       Options.WAL_size_limit_MB: 0
2022/06/10-16:39:29.186817 7f9e4017b700             Options.manifest_preallocation_size: 4194304
2022/06/10-16:39:29.186818 7f9e4017b700                     Options.is_fd_close_on_exec: 1
2022/06/10-16:39:29.186820 7f9e4017b700                   Options.advise_random_on_open: 1
2022/06/10-16:39:29.186821 7f9e4017b700                    Options.db_write_buffer_size: 0
2022/06/10-16:39:29.186822 7f9e4017b700                    Options.write_buffer_manager: 0x7f9de22dc650
2022/06/10-16:39:29.186823 7f9e4017b700         Options.access_hint_on_compaction_start: 1
2022/06/10-16:39:29.186824 7f9e4017b700  Options.new_table_reader_for_compaction_inputs: 0
2022/06/10-16:39:29.186831 7f9e4017b700           Options.random_access_max_buffer_size: 1048576
2022/06/10-16:39:29.186832 7f9e4017b700                      Options.use_adaptive_mutex: 0
2022/06/10-16:39:29.186833 7f9e4017b700                            Options.rate_limiter: (nil)
2022/06/10-16:39:29.186835 7f9e4017b700     Options.sst_file_manager.rate_bytes_per_sec: 0
2022/06/10-16:39:29.186836 7f9e4017b700                       Options.wal_recovery_mode: 2
2022/06/10-16:39:29.186837 7f9e4017b700                  Options.enable_thread_tracking: 0
2022/06/10-16:39:29.186838 7f9e4017b700                  Options.enable_pipelined_write: 0
2022/06/10-16:39:29.186839 7f9e4017b700         Options.allow_concurrent_memtable_write: 1
2022/06/10-16:39:29.186840 7f9e4017b700      Options.enable_write_thread_adaptive_yield: 1
2022/06/10-16:39:29.186840 7f9e4017b700             Options.write_thread_max_yield_usec: 100
2022/06/10-16:39:29.186841 7f9e4017b700            Options.write_thread_slow_yield_usec: 3
2022/06/10-16:39:29.186842 7f9e4017b700                               Options.row_cache: None
2022/06/10-16:39:29.186843 7f9e4017b700                              Options.wal_filter: None
2022/06/10-16:39:29.186844 7f9e4017b700             Options.avoid_flush_during_recovery: 0
2022/06/10-16:39:29.186845 7f9e4017b700             Options.allow_ingest_behind: 0
2022/06/10-16:39:29.186846 7f9e4017b700             Options.preserve_deletes: 0
2022/06/10-16:39:29.186847 7f9e4017b700             Options.two_write_queues: 0
2022/06/10-16:39:29.186848 7f9e4017b700             Options.manual_wal_flush: 0
2022/06/10-16:39:29.186849 7f9e4017b700             Options.max_background_jobs: 8
2022/06/10-16:39:29.186850 7f9e4017b700             Options.max_background_compactions: -1
2022/06/10-16:39:29.186851 7f9e4017b700             Options.avoid_flush_during_shutdown: 0
2022/06/10-16:39:29.186852 7f9e4017b700           Options.writable_file_max_buffer_size: 1048576
2022/06/10-16:39:29.186853 7f9e4017b700             Options.delayed_write_rate : 16777216
2022/06/10-16:39:29.186854 7f9e4017b700             Options.max_total_wal_size: 0
2022/06/10-16:39:29.186855 7f9e4017b700             Options.delete_obsolete_files_period_micros: 21600000000
2022/06/10-16:39:29.186856 7f9e4017b700                   Options.stats_dump_period_sec: 600
2022/06/10-16:39:29.186858 7f9e4017b700                          Options.max_open_files: -1
2022/06/10-16:39:29.186859 7f9e4017b700                          Options.bytes_per_sync: 0
2022/06/10-16:39:29.186860 7f9e4017b700                      Options.wal_bytes_per_sync: 0
2022/06/10-16:39:29.186861 7f9e4017b700       Options.compaction_readahead_size: 0
2022/06/10-16:39:29.186862 7f9e4017b700 Compression algorithms supported:
2022/06/10-16:39:29.186863 7f9e4017b700 	kZSTDNotFinalCompression supported: 1
2022/06/10-16:39:29.186865 7f9e4017b700 	kZSTD supported: 1
2022/06/10-16:39:29.186867 7f9e4017b700 	kXpressCompression supported: 0
2022/06/10-16:39:29.186868 7f9e4017b700 	kLZ4HCCompression supported: 1
2022/06/10-16:39:29.186869 7f9e4017b700 	kLZ4Compression supported: 1
2022/06/10-16:39:29.186871 7f9e4017b700 	kBZip2Compression supported: 1
2022/06/10-16:39:29.186872 7f9e4017b700 	kZlibCompression supported: 1
2022/06/10-16:39:29.186873 7f9e4017b700 	kSnappyCompression supported: 1
2022/06/10-16:39:29.186875 7f9e4017b700 Fast CRC32 supported: Not supported on x86
2022/06/10-16:39:29.187027 7f9e4017b700               Options.comparator: leveldb.BytewiseComparator
2022/06/10-16:39:29.187029 7f9e4017b700           Options.merge_operator: None
2022/06/10-16:39:29.187030 7f9e4017b700        Options.compaction_filter: None
2022/06/10-16:39:29.187030 7f9e4017b700        Options.compaction_filter_factory: None
2022/06/10-16:39:29.187031 7f9e4017b700         Options.memtable_factory: SkipListFactory
2022/06/10-16:39:29.187032 7f9e4017b700            Options.table_factory: BlockBasedTable
2022/06/10-16:39:29.187105 7f9e4017b700            table_factory options:   flush_block_policy_factory: FlushBlockBySizePolicyFactory (0x7f9de22d4920)
  cache_index_and_filter_blocks: 0
  cache_index_and_filter_blocks_with_high_priority: 0
  pin_l0_filter_and_index_blocks_in_cache: 0
  pin_top_level_index_and_filter: 1
  index_type: 0
  hash_index_allow_collision: 1
  checksum: 1
  no_block_cache: 0
  block_cache: 0x7f9de22e36d0
  block_cache_name: LRUCache
  block_cache_options:
    capacity : 52428800
    num_shard_bits : 6
    strict_capacity_limit : 0
    memory_allocator : None
    high_pri_pool_ratio: 0.000
  block_cache_compressed: (nil)
  persistent_cache: (nil)
  block_size: 4096
  block_size_deviation: 10
  block_restart_interval: 16
  index_block_restart_interval: 1
  metadata_block_size: 4096
  partition_filters: 0
  use_delta_encoding: 1
  filter_policy: rocksdb.BuiltinBloomFilter
  whole_key_filtering: 1
  verify_compression: 0
  read_amp_bytes_per_bit: 0
  format_version: 0
  enable_index_compression: 1
  block_align: 0
2022/06/10-16:39:29.187118 7f9e4017b700        Options.write_buffer_size: 16777216
2022/06/10-16:39:29.187178 7f9e4017b700  Options.max_write_buffer_number: 3
2022/06/10-16:39:29.187179 7f9e4017b700          Options.compression: NoCompression
2022/06/10-16:39:29.187181 7f9e4017b700                  Options.bottommost_compression: Disabled
2022/06/10-16:39:29.187182 7f9e4017b700       Options.prefix_extractor: nullptr
2022/06/10-16:39:29.187184 7f9e4017b700   Options.memtable_insert_with_hint_prefix_extractor: nullptr
2022/06/10-16:39:29.187185 7f9e4017b700             Options.num_levels: 7
2022/06/10-16:39:29.187186 7f9e4017b700        Options.min_write_buffer_number_to_merge: 1
2022/06/10-16:39:29.187187 7f9e4017b700     Options.max_write_buffer_number_to_maintain: 0
2022/06/10-16:39:29.187188 7f9e4017b700            Options.bottommost_compression_opts.window_bits: -14
2022/06/10-16:39:29.187189 7f9e4017b700                  Options.bottommost_compression_opts.level: 32767
2022/06/10-16:39:29.187190 7f9e4017b700               Options.bottommost_compression_opts.strategy: 0
2022/06/10-16:39:29.187191 7f9e4017b700         Options.bottommost_compression_opts.max_dict_bytes: 0
2022/06/10-16:39:29.187192 7f9e4017b700         Options.bottommost_compression_opts.zstd_max_train_bytes: 0
2022/06/10-16:39:29.187193 7f9e4017b700                  Options.bottommost_compression_opts.enabled: false
2022/06/10-16:39:29.187194 7f9e4017b700            Options.compression_opts.window_bits: -14
2022/06/10-16:39:29.187207 7f9e4017b700                  Options.compression_opts.level: 32767
2022/06/10-16:39:29.187208 7f9e4017b700               Options.compression_opts.strategy: 0
2022/06/10-16:39:29.187208 7f9e4017b700         Options.compression_opts.max_dict_bytes: 0
2022/06/10-16:39:29.187209 7f9e4017b700         Options.compression_opts.zstd_max_train_bytes: 0
2022/06/10-16:39:29.187209 7f9e4017b700                  Options.compression_opts.enabled: false
2022/06/10-16:39:29.187210 7f9e4017b700      Options.level0_file_num_compaction_trigger: 4
2022/06/10-16:39:29.187211 7f9e4017b700          Options.level0_slowdown_writes_trigger: 20
2022/06/10-16:39:29.187211 7f9e4017b700              Options.level0_stop_writes_trigger: 36
2022/06/10-16:39:29.187212 7f9e4017b700                   Options.target_file_size_base: 67108864
2022/06/10-16:39:29.187213 7f9e4017b700             Options.target_file_size_multiplier: 1
2022/06/10-16:39:29.187213 7f9e4017b700                Options.max_bytes_for_level_base: 268435456
2022/06/10-16:39:29.187214 7f9e4017b700 Options.level_compaction_dynamic_level_bytes: 0
2022/06/10-16:39:29.187215 7f9e4017b700          Options.max_bytes_for_level_multiplier: 10.000000
2022/06/10-16:39:29.187217 7f9e4017b700 Options.max_bytes_for_level_multiplier_addtl[0]: 1
2022/06/10-16:39:29.187218 7f9e4017b700 Options.max_bytes_for_level_multiplier_addtl[1]: 1
2022/06/10-16:39:29.187218 7f9e4017b700 Options.max_bytes_for_level_multiplier_addtl[2]: 1
2022/06/10-16:39:29.187219 7f9e4017b700 Options.max_bytes_for_level_multiplier_addtl[3]: 1
2022/06/10-16:39:29.187219 7f9e4017b700 Options.max_bytes_for_level_multiplier_addtl[4]: 1
2022/06/10-16:39:29.187244 7f9e4017b700 Options.max_bytes_for_level_multiplier_addtl[5]: 1
2022/06/10-16:39:29.187246 7f9e4017b700 Options.max_bytes_for_level_multiplier_addtl[6]: 1
2022/06/10-16:39:29.187247 7f9e4017b700       Options.max_sequential_skip_in_iterations: 8
2022/06/10-16:39:29.187248 7f9e4017b700                    Options.max_compaction_bytes: 1677721600
2022/06/10-16:39:29.187249 7f9e4017b700                        Options.arena_block_size: 2097152
2022/06/10-16:39:29.187250 7f9e4017b700   Options.soft_pending_compaction_bytes_limit: 68719476736
2022/06/10-16:39:29.187250 7f9e4017b700   Options.hard_pending_compaction_bytes_limit: 274877906944
2022/06/10-16:39:29.187251 7f9e4017b700       Options.rate_limit_delay_max_milliseconds: 100
2022/06/10-16:39:29.187252 7f9e4017b700                Options.disable_auto_compactions: 0
2022/06/10-16:39:29.187254 7f9e4017b700                        Options.compaction_style: kCompactionStyleUniversal
2022/06/10-16:39:29.187255 7f9e4017b700                          Options.compaction_pri: kByCompensatedSize
2022/06/10-16:39:29.187256 7f9e4017b700 Options.compaction_options_universal.size_ratio: 1
2022/06/10-16:39:29.187256 7f9e4017b700 Options.compaction_options_universal.min_merge_width: 2
2022/06/10-16:39:29.187257 7f9e4017b700 Options.compaction_options_universal.max_merge_width: 4294967295
2022/06/10-16:39:29.187257 7f9e4017b700 Options.compaction_options_universal.max_size_amplification_percent: 200
2022/06/10-16:39:29.187258 7f9e4017b700 Options.compaction_options_universal.compression_size_percent: -1
2022/06/10-16:39:29.187259 7f9e4017b700 Options.compaction_options_universal.stop_style: kCompactionStopStyleTotalSize
2022/06/10-16:39:29.187260 7f9e4017b700 Options.compaction_options_fifo.max_table_files_size: 1073741824
2022/06/10-16:39:29.187260 7f9e4017b700 Options.compaction_options_fifo.allow_compaction: 0
2022/06/10-16:39:29.187261 7f9e4017b700 Options.compaction_options_fifo.ttl: 0
2022/06/10-16:39:29.187261 7f9e4017b700                   Options.table_properties_collectors: 
2022/06/10-16:39:29.187262 7f9e4017b700                   Options.inplace_update_support: 0
2022/06/10-16:39:29.187263 7f9e4017b700                 Options.inplace_update_num_locks: 10000
2022/06/10-16:39:29.187263 7f9e4017b700               Options.memtable_prefix_bloom_size_ratio: 0.000000
2022/06/10-16:39:29.187264 7f9e4017b700   Options.memtable_huge_page_size: 0
2022/06/10-16:39:29.187265 7f9e4017b700                           Options.bloom_locality: 0
2022/06/10-16:39:29.187266 7f9e4017b700                    Options.max_successive_merges: 0
2022/06/10-16:39:29.187266 7f9e4017b700                Options.optimize_filters_for_hits: 0
2022/06/10-16:39:29.187267 7f9e4017b700                Options.paranoid_file_checks: 0
2022/06/10-16:39:29.187268 7f9e4017b700                Options.force_consistency_checks: 0
2022/06/10-16:39:29.187268 7f9e4017b700                Options.report_bg_io_stats: 0
2022/06/10-16:39:29.187269 7f9e4017b700                               Options.ttl: 0
2022/06/10-16:39:29.198658 7f9e4017b700               Options.comparator: leveldb.BytewiseComparator
2022/06/10-16:39:29.198665 7f9e4017b700           Options.merge_operator: None
2022/06/10-16:39:29.198667 7f9e4017b700        Options.compaction_filter: None
2022/06/10-16:39:29.198668 7f9e4017b700        Options.compaction_filter_factory: None
2022/06/10-16:39:29.198669 7f9e4017b700         Options.memtable_factory: SkipListFactory
2022/06/10-16:39:29.198670 7f9e4017b700            Options.table_factory: BlockBasedTable
2022/06/10-16:39:29.198694 7f9e4017b700            table_factory options:   flush_block_policy_factory: FlushBlockBySizePolicyFactory (0x7f9de22d4920)
  cache_index_and_filter_blocks: 0
  cache_index_and_filter_blocks_with_high_priority: 0
  pin_l0_filter_and_index_blocks_in_cache: 0
  pin_top_level_index_and_filter: 1
  index_type: 0
  hash_index_allow_collision: 1
  checksum: 1
  no_block_cache: 0
  block_cache: 0x7f9de22e36d0
  block_cache_name: LRUCache
  block_cache_options:
    capacity : 52428800
    num_shard_bits : 6
    strict_capacity_limit : 0
    memory_allocator : None
    high_pri_pool_ratio: 0.000
  block_cache_compressed: (nil)
  persistent_cache: (nil)
  block_size: 4096
  block_size_deviation: 10
  block_restart_interval: 16
  index_block_restart_interval: 1
  metadata_block_size: 4096
  partition_filters: 0
  use_delta_encoding: 1
  filter_policy: rocksdb.BuiltinBloomFilter
  whole_key_filtering: 1
  verify_compression: 0
  read_amp_bytes_per_bit: 0
  format_version: 0
  enable_index_compression: 1
  block_align: 0
2022/06/10-16:39:29.198696 7f9e4017b700        Options.write_buffer_size: 16777216
2022/06/10-16:39:29.198697 7f9e4017b700  Options.max_write_buffer_number: 3
2022/06/10-16:39:29.198698 7f9e4017b700          Options.compression: NoCompression
2022/06/10-16:39:29.198698 7f9e4017b700                  Options.bottommost_compression: Disabled
2022/06/10-16:39:29.198699 7f9e4017b700       Options.prefix_extractor: nullptr
2022/06/10-16:39:29.198700 7f9e4017b700   Options.memtable_insert_with_hint_prefix_extractor: nullptr
2022/06/10-16:39:29.198700 7f9e4017b700             Options.num_levels: 7
2022/06/10-16:39:29.198701 7f9e4017b700        Options.min_write_buffer_number_to_merge: 1
2022/06/10-16:39:29.198702 7f9e4017b700     Options.max_write_buffer_number_to_maintain: 0
2022/06/10-16:39:29.198702 7f9e4017b700            Options.bottommost_compression_opts.window_bits: -14
2022/06/10-16:39:29.198703 7f9e4017b700                  Options.bottommost_compression_opts.level: 32767
2022/06/10-16:39:29.198703 7f9e4017b700               Options.bottommost_compression_opts.strategy: 0
2022/06/10-16:39:29.198704 7f9e4017b700         Options.bottommost_compression_opts.max_dict_bytes: 0
2022/06/10-16:39:29.198705 7f9e4017b700         Options.bottommost_compression_opts.zstd_max_train_bytes: 0
2022/06/10-16:39:29.198705 7f9e4017b700                  Options.bottommost_compression_opts.enabled: false
2022/06/10-16:39:29.198706 7f9e4017b700            Options.compression_opts.window_bits: -14
2022/06/10-16:39:29.198707 7f9e4017b700                  Options.compression_opts.level: 32767
2022/06/10-16:39:29.198707 7f9e4017b700               Options.compression_opts.strategy: 0
2022/06/10-16:39:29.198708 7f9e4017b700         Options.compression_opts.max_dict_bytes: 0
2022/06/10-16:39:29.198708 7f9e4017b700         Options.compression_opts.zstd_max_train_bytes: 0
2022/06/10-16:39:29.198709 7f9e4017b700                  Options.compression_opts.enabled: false
2022/06/10-16:39:29.198710 7f9e4017b700      Options.level0_file_num_compaction_trigger: 4
2022/06/10-16:39:29.198710 7f9e4017b700          Options.level0_slowdown_writes_trigger: 20
2022/06/10-16:39:29.198711 7f9e4017b700              Options.level0_stop_writes_trigger: 36
2022/06/10-16:39:29.198712 7f9e4017b700                   Options.target_file_size_base: 67108864
2022/06/10-16:39:29.198712 7f9e4017b700             Options.target_file_size_multiplier: 1
2022/06/10-16:39:29.198713 7f9e4017b700                Options.max_bytes_for_level