2022/06/08-16:32:36.935658 7efee9b7b700 RocksDB version: 5.18.4
2022/06/08-16:32:36.935697 7efee9b7b700 Git sha rocksdb_build_git_sha:
2022/06/08-16:32:36.935698 7efee9b7b700 Compile date Mar 11 2020
2022/06/08-16:32:36.935700 7efee9b7b700 DB SUMMARY
2022/06/08-16:32:36.935719 7efee9b7b700 CURRENT file:  CURRENT
2022/06/08-16:32:36.935720 7efee9b7b700 IDENTITY file:  IDENTITY
2022/06/08-16:32:36.935723 7efee9b7b700 MANIFEST file:  MANIFEST-000001 size: 13 Bytes
2022/06/08-16:32:36.935724 7efee9b7b700 SST files in /home/ANT.AMAZON.COM/stefler/Documents/university/cloud-services/WikipediaStats/src/streams/./local-streams/kafka-streams-wiki/46_0/rocksdb/week-per-userType-active-pages dir, Total Num: 0, files: 
2022/06/08-16:32:36.935725 7efee9b7b700 Write Ahead Log file in /home/ANT.AMAZON.COM/stefler/Documents/university/cloud-services/WikipediaStats/src/streams/./local-streams/kafka-streams-wiki/46_0/rocksdb/week-per-userType-active-pages: 000003.log size: 0 ; 
2022/06/08-16:32:36.935727 7efee9b7b700                         Options.error_if_exists: 0
2022/06/08-16:32:36.935728 7efee9b7b700                       Options.create_if_missing: 1
2022/06/08-16:32:36.935729 7efee9b7b700                         Options.paranoid_checks: 1
2022/06/08-16:32:36.935730 7efee9b7b700                                     Options.env: 0x7efe57ffbfa0
2022/06/08-16:32:36.935730 7efee9b7b700                                Options.info_log: 0x7efe9efe3ee0
2022/06/08-16:32:36.935731 7efee9b7b700                Options.max_file_opening_threads: 16
2022/06/08-16:32:36.935732 7efee9b7b700                              Options.statistics: (nil)
2022/06/08-16:32:36.935733 7efee9b7b700                               Options.use_fsync: 0
2022/06/08-16:32:36.935734 7efee9b7b700                       Options.max_log_file_size: 0
2022/06/08-16:32:36.935735 7efee9b7b700                  Options.max_manifest_file_size: 1073741824
2022/06/08-16:32:36.935736 7efee9b7b700                   Options.log_file_time_to_roll: 0
2022/06/08-16:32:36.935736 7efee9b7b700                       Options.keep_log_file_num: 1000
2022/06/08-16:32:36.935737 7efee9b7b700                    Options.recycle_log_file_num: 0
2022/06/08-16:32:36.935738 7efee9b7b700                         Options.allow_fallocate: 1
2022/06/08-16:32:36.935739 7efee9b7b700                        Options.allow_mmap_reads: 0
2022/06/08-16:32:36.935740 7efee9b7b700                       Options.allow_mmap_writes: 0
2022/06/08-16:32:36.935741 7efee9b7b700                        Options.use_direct_reads: 0
2022/06/08-16:32:36.935741 7efee9b7b700                        Options.use_direct_io_for_flush_and_compaction: 0
2022/06/08-16:32:36.935742 7efee9b7b700          Options.create_missing_column_families: 0
2022/06/08-16:32:36.935743 7efee9b7b700                              Options.db_log_dir: 
2022/06/08-16:32:36.935744 7efee9b7b700                                 Options.wal_dir: /home/ANT.AMAZON.COM/stefler/Documents/university/cloud-services/WikipediaStats/src/streams/./local-streams/kafka-streams-wiki/46_0/rocksdb/week-per-userType-active-pages
2022/06/08-16:32:36.935745 7efee9b7b700                Options.table_cache_numshardbits: 6
2022/06/08-16:32:36.935745 7efee9b7b700                      Options.max_subcompactions: 1
2022/06/08-16:32:36.935746 7efee9b7b700                  Options.max_background_flushes: -1
2022/06/08-16:32:36.935747 7efee9b7b700                         Options.WAL_ttl_seconds: 0
2022/06/08-16:32:36.935748 7efee9b7b700                       Options.WAL_size_limit_MB: 0
2022/06/08-16:32:36.935749 7efee9b7b700             Options.manifest_preallocation_size: 4194304
2022/06/08-16:32:36.935750 7efee9b7b700                     Options.is_fd_close_on_exec: 1
2022/06/08-16:32:36.935750 7efee9b7b700                   Options.advise_random_on_open: 1
2022/06/08-16:32:36.935751 7efee9b7b700                    Options.db_write_buffer_size: 0
2022/06/08-16:32:36.935752 7efee9b7b700                    Options.write_buffer_manager: 0x7efe9f0178c0
2022/06/08-16:32:36.935753 7efee9b7b700         Options.access_hint_on_compaction_start: 1
2022/06/08-16:32:36.935754 7efee9b7b700  Options.new_table_reader_for_compaction_inputs: 0
2022/06/08-16:32:36.935759 7efee9b7b700           Options.random_access_max_buffer_size: 1048576
2022/06/08-16:32:36.935760 7efee9b7b700                      Options.use_adaptive_mutex: 0
2022/06/08-16:32:36.935761 7efee9b7b700                            Options.rate_limiter: (nil)
2022/06/08-16:32:36.935762 7efee9b7b700     Options.sst_file_manager.rate_bytes_per_sec: 0
2022/06/08-16:32:36.935763 7efee9b7b700                       Options.wal_recovery_mode: 2
2022/06/08-16:32:36.935764 7efee9b7b700                  Options.enable_thread_tracking: 0
2022/06/08-16:32:36.935765 7efee9b7b700                  Options.enable_pipelined_write: 0
2022/06/08-16:32:36.935765 7efee9b7b700         Options.allow_concurrent_memtable_write: 1
2022/06/08-16:32:36.935766 7efee9b7b700      Options.enable_write_thread_adaptive_yield: 1
2022/06/08-16:32:36.935767 7efee9b7b700             Options.write_thread_max_yield_usec: 100
2022/06/08-16:32:36.935768 7efee9b7b700            Options.write_thread_slow_yield_usec: 3
2022/06/08-16:32:36.935769 7efee9b7b700                               Options.row_cache: None
2022/06/08-16:32:36.935769 7efee9b7b700                              Options.wal_filter: None
2022/06/08-16:32:36.935770 7efee9b7b700             Options.avoid_flush_during_recovery: 0
2022/06/08-16:32:36.935771 7efee9b7b700             Options.allow_ingest_behind: 0
2022/06/08-16:32:36.935772 7efee9b7b700             Options.preserve_deletes: 0
2022/06/08-16:32:36.935773 7efee9b7b700             Options.two_write_queues: 0
2022/06/08-16:32:36.935774 7efee9b7b700             Options.manual_wal_flush: 0
2022/06/08-16:32:36.935774 7efee9b7b700             Options.max_background_jobs: 8
2022/06/08-16:32:36.935775 7efee9b7b700             Options.max_background_compactions: -1
2022/06/08-16:32:36.935776 7efee9b7b700             Options.avoid_flush_during_shutdown: 0
2022/06/08-16:32:36.935777 7efee9b7b700           Options.writable_file_max_buffer_size: 1048576
2022/06/08-16:32:36.935777 7efee9b7b700             Options.delayed_write_rate : 16777216
2022/06/08-16:32:36.935778 7efee9b7b700             Options.max_total_wal_size: 0
2022/06/08-16:32:36.935779 7efee9b7b700             Options.delete_obsolete_files_period_micros: 21600000000
2022/06/08-16:32:36.935780 7efee9b7b700                   Options.stats_dump_period_sec: 600
2022/06/08-16:32:36.935781 7efee9b7b700                          Options.max_open_files: -1
2022/06/08-16:32:36.935782 7efee9b7b700                          Options.bytes_per_sync: 0
2022/06/08-16:32:36.935782 7efee9b7b700                      Options.wal_bytes_per_sync: 0
2022/06/08-16:32:36.935783 7efee9b7b700       Options.compaction_readahead_size: 0
2022/06/08-16:32:36.935784 7efee9b7b700 Compression algorithms supported:
2022/06/08-16:32:36.935785 7efee9b7b700 	kZSTDNotFinalCompression supported: 1
2022/06/08-16:32:36.935787 7efee9b7b700 	kZSTD supported: 1
2022/06/08-16:32:36.935788 7efee9b7b700 	kXpressCompression supported: 0
2022/06/08-16:32:36.935789 7efee9b7b700 	kLZ4HCCompression supported: 1
2022/06/08-16:32:36.935790 7efee9b7b700 	kLZ4Compression supported: 1
2022/06/08-16:32:36.935791 7efee9b7b700 	kBZip2Compression supported: 1
2022/06/08-16:32:36.935792 7efee9b7b700 	kZlibCompression supported: 1
2022/06/08-16:32:36.935793 7efee9b7b700 	kSnappyCompression supported: 1
2022/06/08-16:32:36.935794 7efee9b7b700 Fast CRC32 supported: Not supported on x86
2022/06/08-16:32:36.935908 7efee9b7b700               Options.comparator: leveldb.BytewiseComparator
2022/06/08-16:32:36.935909 7efee9b7b700           Options.merge_operator: None
2022/06/08-16:32:36.935910 7efee9b7b700        Options.compaction_filter: None
2022/06/08-16:32:36.935911 7efee9b7b700        Options.compaction_filter_factory: None
2022/06/08-16:32:36.935912 7efee9b7b700         Options.memtable_factory: SkipListFactory
2022/06/08-16:32:36.935913 7efee9b7b700            Options.table_factory: BlockBasedTable
2022/06/08-16:32:36.935929 7efee9b7b700            table_factory options:   flush_block_policy_factory: FlushBlockBySizePolicyFactory (0x7efe9f01f590)
  cache_index_and_filter_blocks: 0
  cache_index_and_filter_blocks_with_high_priority: 0
  pin_l0_filter_and_index_blocks_in_cache: 0
  pin_top_level_index_and_filter: 1
  index_type: 0
  hash_index_allow_collision: 1
  checksum: 1
  no_block_cache: 0
  block_cache: 0x7efe9f027a00
  block_cache_name: LRUCache
  block_cache_options:
    capacity : 52428800
    num_shard_bits : 6
    strict_capacity_limit : 0
    memory_allocator : None
    high_pri_pool_ratio: 0.000
  block_cache_compressed: (nil)
  persistent_cache: (nil)
  block_size: 4096
  block_size_deviation: 10
  block_restart_interval: 16
  index_block_restart_interval: 1
  metadata_block_size: 4096
  partition_filters: 0
  use_delta_encoding: 1
  filter_policy: rocksdb.BuiltinBloomFilter
  whole_key_filtering: 1
  verify_compression: 0
  read_amp_bytes_per_bit: 0
  format_version: 0
  enable_index_compression: 1
  block_align: 0
2022/06/08-16:32:36.935935 7efee9b7b700        Options.write_buffer_size: 16777216
2022/06/08-16:32:36.935936 7efee9b7b700  Options.max_write_buffer_number: 3
2022/06/08-16:32:36.935937 7efee9b7b700          Options.compression: NoCompression
2022/06/08-16:32:36.935938 7efee9b7b700                  Options.bottommost_compression: Disabled
2022/06/08-16:32:36.935939 7efee9b7b700       Options.prefix_extractor: nullptr
2022/06/08-16:32:36.935940 7efee9b7b700   Options.memtable_insert_with_hint_prefix_extractor: nullptr
2022/06/08-16:32:36.935941 7efee9b7b700             Options.num_levels: 7
2022/06/08-16:32:36.935942 7efee9b7b700        Options.min_write_buffer_number_to_merge: 1
2022/06/08-16:32:36.935943 7efee9b7b700     Options.max_write_buffer_number_to_maintain: 0
2022/06/08-16:32:36.935944 7efee9b7b700            Options.bottommost_compression_opts.window_bits: -14
2022/06/08-16:32:36.935945 7efee9b7b700                  Options.bottommost_compression_opts.level: 32767
2022/06/08-16:32:36.935945 7efee9b7b700               Options.bottommost_compression_opts.strategy: 0
2022/06/08-16:32:36.935946 7efee9b7b700         Options.bottommost_compression_opts.max_dict_bytes: 0
2022/06/08-16:32:36.935947 7efee9b7b700         Options.bottommost_compression_opts.zstd_max_train_bytes: 0
2022/06/08-16:32:36.935948 7efee9b7b700                  Options.bottommost_compression_opts.enabled: false
2022/06/08-16:32:36.935949 7efee9b7b700            Options.compression_opts.window_bits: -14
2022/06/08-16:32:36.935950 7efee9b7b700                  Options.compression_opts.level: 32767
2022/06/08-16:32:36.935951 7efee9b7b700               Options.compression_opts.strategy: 0
2022/06/08-16:32:36.935951 7efee9b7b700         Options.compression_opts.max_dict_bytes: 0
2022/06/08-16:32:36.935952 7efee9b7b700         Options.compression_opts.zstd_max_train_bytes: 0
2022/06/08-16:32:36.935953 7efee9b7b700                  Options.compression_opts.enabled: false
2022/06/08-16:32:36.935954 7efee9b7b700      Options.level0_file_num_compaction_trigger: 4
2022/06/08-16:32:36.935955 7efee9b7b700          Options.level0_slowdown_writes_trigger: 20
2022/06/08-16:32:36.935956 7efee9b7b700              Options.level0_stop_writes_trigger: 36
2022/06/08-16:32:36.935957 7efee9b7b700                   Options.target_file_size_base: 67108864
2022/06/08-16:32:36.935957 7efee9b7b700             Options.target_file_size_multiplier: 1
2022/06/08-16:32:36.935958 7efee9b7b700                Options.max_bytes_for_level_base: 268435456
2022/06/08-16:32:36.935959 7efee9b7b700 Options.level_compaction_dynamic_level_bytes: 0
2022/06/08-16:32:36.935960 7efee9b7b700          Options.max_bytes_for_level_multiplier: 10.000000
2022/06/08-16:32:36.935962 7efee9b7b700 Options.max_bytes_for_level_multiplier_addtl[0]: 1
2022/06/08-16:32:36.935963 7efee9b7b700 Options.max_bytes_for_level_multiplier_addtl[1]: 1
2022/06/08-16:32:36.935964 7efee9b7b700 Options.max_bytes_for_level_multiplier_addtl[2]: 1
2022/06/08-16:32:36.935965 7efee9b7b700 Options.max_bytes_for_level_multiplier_addtl[3]: 1
2022/06/08-16:32:36.935965 7efee9b7b700 Options.max_bytes_for_level_multiplier_addtl[4]: 1
2022/06/08-16:32:36.935970 7efee9b7b700 Options.max_bytes_for_level_multiplier_addtl[5]: 1
2022/06/08-16:32:36.935971 7efee9b7b700 Options.max_bytes_for_level_multiplier_addtl[6]: 1
2022/06/08-16:32:36.935972 7efee9b7b700       Options.max_sequential_skip_in_iterations: 8
2022/06/08-16:32:36.935973 7efee9b7b700                    Options.max_compaction_bytes: 1677721600
2022/06/08-16:32:36.935974 7efee9b7b700                        Options.arena_block_size: 2097152
2022/06/08-16:32:36.935974 7efee9b7b700   Options.soft_pending_compaction_bytes_limit: 68719476736
2022/06/08-16:32:36.935975 7efee9b7b700   Options.hard_pending_compaction_bytes_limit: 274877906944
2022/06/08-16:32:36.935976 7efee9b7b700       Options.rate_limit_delay_max_milliseconds: 100
2022/06/08-16:32:36.935977 7efee9b7b700                Options.disable_auto_compactions: 0
2022/06/08-16:32:36.935978 7efee9b7b700                        Options.compaction_style: kCompactionStyleUniversal
2022/06/08-16:32:36.935979 7efee9b7b700                          Options.compaction_pri: kByCompensatedSize
2022/06/08-16:32:36.935980 7efee9b7b700 Options.compaction_options_universal.size_ratio: 1
2022/06/08-16:32:36.935981 7efee9b7b700 Options.compaction_options_universal.min_merge_width: 2
2022/06/08-16:32:36.935982 7efee9b7b700 Options.compaction_options_universal.max_merge_width: 4294967295
2022/06/08-16:32:36.935983 7efee9b7b700 Options.compaction_options_universal.max_size_amplification_percent: 200
2022/06/08-16:32:36.935983 7efee9b7b700 Options.compaction_options_universal.compression_size_percent: -1
2022/06/08-16:32:36.935984 7efee9b7b700 Options.compaction_options_universal.stop_style: kCompactionStopStyleTotalSize
2022/06/08-16:32:36.935985 7efee9b7b700 Options.compaction_options_fifo.max_table_files_size: 1073741824
2022/06/08-16:32:36.935986 7efee9b7b700 Options.compaction_options_fifo.allow_compaction: 0
2022/06/08-16:32:36.935987 7efee9b7b700 Options.compaction_options_fifo.ttl: 0
2022/06/08-16:32:36.935988 7efee9b7b700                   Options.table_properties_collectors: 
2022/06/08-16:32:36.935989 7efee9b7b700                   Options.inplace_update_support: 0
2022/06/08-16:32:36.935990 7efee9b7b700                 Options.inplace_update_num_locks: 10000
2022/06/08-16:32:36.935991 7efee9b7b700               Options.memtable_prefix_bloom_size_ratio: 0.000000
2022/06/08-16:32:36.935992 7efee9b7b700   Options.memtable_huge_page_size: 0
2022/06/08-16:32:36.935993 7efee9b7b700                           Options.bloom_locality: 0
2022/06/08-16:32:36.935993 7efee9b7b700                    Options.max_successive_merges: 0
2022/06/08-16:32:36.935994 7efee9b7b700                Options.optimize_filters_for_hits: 0
2022/06/08-16:32:36.935995 7efee9b7b700                Options.paranoid_file_checks: 0
2022/06/08-16:32:36.935996 7efee9b7b700                Options.force_consistency_checks: 0
2022/06/08-16:32:36.935997 7efee9b7b700                Options.report_bg_io_stats: 0
2022/06/08-16:32:36.935998 7efee9b7b700                               Options.ttl: 0
2022/06/08-16:32:36.946749 7efee9b7b700               Options.comparator: leveldb.BytewiseComparator
2022/06/08-16:32:36.946754 7efee9b7b700           Options.merge_operator: None
2022/06/08-16:32:36.946755 7efee9b7b700        Options.compaction_filter: None
2022/06/08-16:32:36.946755 7efee9b7b700        Options.compaction_filter_factory: None
2022/06/08-16:32:36.946756 7efee9b7b700         Options.memtable_factory: SkipListFactory
2022/06/08-16:32:36.946756 7efee9b7b700            Options.table_factory: BlockBasedTable
2022/06/08-16:32:36.946777 7efee9b7b700            table_factory options:   flush_block_policy_factory: FlushBlockBySizePolicyFactory (0x7efe9f01f590)
  cache_index_and_filter_blocks: 0
  cache_index_and_filter_blocks_with_high_priority: 0
  pin_l0_filter_and_index_blocks_in_cache: 0
  pin_top_level_index_and_filter: 1
  index_type: 0
  hash_index_allow_collision: 1
  checksum: 1
  no_block_cache: 0
  block_cache: 0x7efe9f027a00
  block_cache_name: LRUCache
  block_cache_options:
    capacity : 52428800
    num_shard_bits : 6
    strict_capacity_limit : 0
    memory_allocator : None
    high_pri_pool_ratio: 0.000
  block_cache_compressed: (nil)
  persistent_cache: (nil)
  block_size: 4096
  block_size_deviation: 10
  block_restart_interval: 16
  index_block_restart_interval: 1
  metadata_block_size: 4096
  partition_filters: 0
  use_delta_encoding: 1
  filter_policy: rocksdb.BuiltinBloomFilter
  whole_key_filtering: 1
  verify_compression: 0
  read_amp_bytes_per_bit: 0
  format_version: 0
  enable_index_compression: 1
  block_align: 0
2022/06/08-16:32:36.946778 7efee9b7b700        Options.write_buffer_size: 16777216
2022/06/08-16:32:36.946779 7efee9b7b700  Options.max_write_buffer_number: 3
2022/06/08-16:32:36.946779 7efee9b7b700          Options.compression: NoCompression
2022/06/08-16:32:36.946780 7efee9b7b700                  Options.bottommost_compression: Disabled
2022/06/08-16:32:36.946780 7efee9b7b700       Options.prefix_extractor: nullptr
2022/06/08-16:32:36.946781 7efee9b7b700   Options.memtable_insert_with_hint_prefix_extractor: nullptr
2022/06/08-16:32:36.946781 7efee9b7b700             Options.num_levels: 7
2022/06/08-16:32:36.946782 7efee9b7b700        Options.min_write_buffer_number_to_merge: 1
2022/06/08-16:32:36.946782 7efee9b7b700     Options.max_write_buffer_number_to_maintain: 0
2022/06/08-16:32:36.946783 7efee9b7b700            Options.bottommost_compression_opts.window_bits: -14
2022/06/08-16:32:36.946783 7efee9b7b700                  Options.bottommost_compression_opts.level: 32767
2022/06/08-16:32:36.946784 7efee9b7b700               Options.bottommost_compression_opts.strategy: 0
2022/06/08-16:32:36.946784 7efee9b7b700         Options.bottommost_compression_opts.max_dict_bytes: 0
2022/06/08-16:32:36.946785 7efee9b7b700         Options.bottommost_compression_opts.zstd_max_train_bytes: 0
2022/06/08-16:32:36.946785 7efee9b7b700                  Options.bottommost_compression_opts.enabled: false
2022/06/08-16:32:36.946786 7efee9b7b700            Options.compression_opts.window_bits: -14
2022/06/08-16:32:36.946786 7efee9b7b700                  Options.compression_opts.level: 32767
2022/06/08-16:32:36.946787 7efee9b7b700               Options.compression_opts.strategy: 0
2022/06/08-16:32:36.946787 7efee9b7b700         Options.compression_opts.max_dict_bytes: 0
2022/06/08-16:32:36.946788 7efee9b7b700         Options.compression_opts.zstd_max_train_bytes: 0
2022/06/08-16:32:36.946788 7efee9b7b700                  Options.compression_opts.enabled: false
2022/06/08-16:32:36.946788 7efee9b7b700      Options.level0_file_num_compaction_trigger: 4
2022/06/08-16:32:36.946789 7efee9b7b700          Options.level0_slowdown_writes_trigger: 20
2022/06/08-16:32:36.946789 7efee9b7b700              Options.level0_stop_writes_trigger: 36
2022/06/08-16:32:36.946790 7efee9b7b700                   Options.target_file_size_base: 67108864
2022/06/08-16:32:36.946790 7efee9b7b700             Options.target_file_size_multiplier: 1
2022/06/08-16:32:36.946791 7efee9b7b700                Options.max_bytes_for_level_base: 268435456
2022/06/08-16:32:36.946805 7efee9b7b700 Options.level_compaction_dynamic_level_bytes: 0
2022/06/08-16:32:36.946806 7efee9b7b700          Options.max_bytes_for_level_multiplier: 10.000000
2022/06/08-16:32:36.946807 7efee9b7b700 Options.max_bytes_for_level_multiplier_addtl[0]: 1
2022/06/08-16:32:36.946808 7efee9b7b700 Options.max_bytes_for_level_multiplier_addtl[1]: 1
2022/06/08-16:32:36.946808 7efee9b7b700 Options.max_bytes_for_level_multiplier_addtl[2]: 1
2022/06/08-16:32:36.946809 7efee9b7b700 Options.max_bytes_for_level_multiplier_addtl[3]: 1
2022/06/08-16:32:36.946809 7efee9b7b700 Options.max_bytes_for_level_multiplier_addtl[4]: 1
2022/06/08-16:32:36.946810 7efee9b7b700 Options.max_bytes_for_level_multiplier_addtl[5]: 1
2022/06/08-16:32:36.946810 7efee9b7b700 Options.max_bytes_for_level_multiplier_addtl[6]: 1
2022/06/08-16:32:36.946810 7efee9b7b700       Options.max_sequential_skip_in_iterations: 8
2022/06/08-16:32:36.946811 7efee9b7b700                    Options.max_compaction_bytes: 1677721600
2022/06/08-16:32:36.946811 7efee9b7b700                        Options.arena_block_size: 2097152
2022/06/08-16:32:36.946812 7efee9b7b700   Options.soft_pending_compaction_bytes_limit: 68719476736
2022/06/08-16:32:36.946812 7efee9b7b700   Options.hard_pending_compaction_bytes_limit: 274877906944
2022/06/08-16:32:36.946813 7efee9b7b700       Options.rate_limit_delay_max_milliseconds: 100
2022/06/08-16:32:36.946813 7efee9b7b700                Options.disable_auto_compactions: 0
2022/06/08-16:32:36.946814 7efee9b7b700                        Options.compaction_style: kCompactionStyleUniversal
2022/06/08-16:32:36.946815 7efee9b7b700                          Options.compaction_pri: kByCompensatedSize
2022/06/08-16:32:36.946815 7efee9b7b700 Options.compaction_options_universal.size_ratio: 1
2022/06/08-16:32:36.946816 7efee9b7b700 Options.compaction_options_universal.min_merge_width: 2
2022/06/08-16:32:36.946816 7efee9b7b700 Options.compaction_options_universal.max_merge_width: 4294967295
2022/06/08-16:32:36.946817 7efee9b7b700 Options.compaction_options_universal.max_size_amplification_percent: 200
2022/06/08-16:32:36.946817 7efee9b7b700 Options.compaction_options_universal.compression_size_percent: -1
2022/06/08-16:32:36.946818 7efee9b7b700 Options.compaction_options_universal.stop_style: kCompactionStopStyleTotalSize
2022/06/08-16:32:36.946818 7efee9b7b700 Options.compaction_options_fifo.max_table_files_size: 1073741824
2022/06/08-16:32:36.946819 7efee9b7b700 Options.compaction_options_fifo.allow_compaction: 0
2022/06/08-16:32:36.946819 7efee9b7b700 Options.compaction_options_fifo.ttl: 0
2022/06/08-16:32:36.946820 7efee9b7b700                   Options.table_properties_collectors: 
2022/06/08-16:32:36.946820 7efee9b7b700                   Options.inplace_update_support: 0
2022/06/08-16:32:36.946821 7efee9b7b700                 Options.inplace_update_num_locks: 10000
2022/06/08-16:32:36.946821 7efee9b7b700               Options.memtable_prefix_bloom_size_ratio: 0.000000
2022/06/08-16:32:36.946822 7efee9b7b700   Options.memtable_huge_page_size: 0
2022/06/08-16:32:36.946822 7efee9b7b700                           Options.bloom_locality: 0
2022/06/08-16:32:36.946823 7efee9b7b700                    Options.max_successive_merges: 0
2022/06/08-16:32:36.946823 7efee9b7b700                Options.optimize_filters_for_hits: 0
2022/06/08-16:32:36.946823 7efee9b7b700                Options.paranoid_file_checks: 0
2022/06/08-16:32:36.946824 7efee9b7b700                Options.force_consistency_checks: 0
2022/06/08-16:32:36.946824 7efee9b7b700                Options.report_bg_io_stats: 0
2022/06/08-16:32:36.946825 7efee9b7b700                               Options.ttl: 0
