2022/06/12-10:59:20.301160 7f07773f9700 RocksDB version: 5.18.4
2022/06/12-10:59:20.301180 7f07773f9700 Git sha rocksdb_build_git_sha:
2022/06/12-10:59:20.301181 7f07773f9700 Compile date Mar 11 2020
2022/06/12-10:59:20.301181 7f07773f9700 DB SUMMARY
2022/06/12-10:59:20.301192 7f07773f9700 CURRENT file:  CURRENT
2022/06/12-10:59:20.301193 7f07773f9700 IDENTITY file:  IDENTITY
2022/06/12-10:59:20.301195 7f07773f9700 MANIFEST file:  MANIFEST-000001 size: 13 Bytes
2022/06/12-10:59:20.301195 7f07773f9700 SST files in /home/ANT.AMAZON.COM/stefler/Documents/university/cloud-services/WikipediaStats/src/streams/./local-streams/kafka-streams-wiki/7_1/rocksdb/day-all-countPagesModified dir, Total Num: 0, files: 
2022/06/12-10:59:20.301196 7f07773f9700 Write Ahead Log file in /home/ANT.AMAZON.COM/stefler/Documents/university/cloud-services/WikipediaStats/src/streams/./local-streams/kafka-streams-wiki/7_1/rocksdb/day-all-countPagesModified: 000003.log size: 0 ; 
2022/06/12-10:59:20.301197 7f07773f9700                         Options.error_if_exists: 0
2022/06/12-10:59:20.301198 7f07773f9700                       Options.create_if_missing: 1
2022/06/12-10:59:20.301198 7f07773f9700                         Options.paranoid_checks: 1
2022/06/12-10:59:20.301199 7f07773f9700                                     Options.env: 0x7f0775d39fa0
2022/06/12-10:59:20.301199 7f07773f9700                                Options.info_log: 0x7f07647b81b0
2022/06/12-10:59:20.301200 7f07773f9700                Options.max_file_opening_threads: 16
2022/06/12-10:59:20.301200 7f07773f9700                              Options.statistics: (nil)
2022/06/12-10:59:20.301201 7f07773f9700                               Options.use_fsync: 0
2022/06/12-10:59:20.301201 7f07773f9700                       Options.max_log_file_size: 0
2022/06/12-10:59:20.301202 7f07773f9700                  Options.max_manifest_file_size: 1073741824
2022/06/12-10:59:20.301202 7f07773f9700                   Options.log_file_time_to_roll: 0
2022/06/12-10:59:20.301203 7f07773f9700                       Options.keep_log_file_num: 1000
2022/06/12-10:59:20.301203 7f07773f9700                    Options.recycle_log_file_num: 0
2022/06/12-10:59:20.301204 7f07773f9700                         Options.allow_fallocate: 1
2022/06/12-10:59:20.301204 7f07773f9700                        Options.allow_mmap_reads: 0
2022/06/12-10:59:20.301205 7f07773f9700                       Options.allow_mmap_writes: 0
2022/06/12-10:59:20.301205 7f07773f9700                        Options.use_direct_reads: 0
2022/06/12-10:59:20.301205 7f07773f9700                        Options.use_direct_io_for_flush_and_compaction: 0
2022/06/12-10:59:20.301206 7f07773f9700          Options.create_missing_column_families: 0
2022/06/12-10:59:20.301206 7f07773f9700                              Options.db_log_dir: 
2022/06/12-10:59:20.301207 7f07773f9700                                 Options.wal_dir: /home/ANT.AMAZON.COM/stefler/Documents/university/cloud-services/WikipediaStats/src/streams/./local-streams/kafka-streams-wiki/7_1/rocksdb/day-all-countPagesModified
2022/06/12-10:59:20.301207 7f07773f9700                Options.table_cache_numshardbits: 6
2022/06/12-10:59:20.301208 7f07773f9700                      Options.max_subcompactions: 1
2022/06/12-10:59:20.301208 7f07773f9700                  Options.max_background_flushes: -1
2022/06/12-10:59:20.301209 7f07773f9700                         Options.WAL_ttl_seconds: 0
2022/06/12-10:59:20.301209 7f07773f9700                       Options.WAL_size_limit_MB: 0
2022/06/12-10:59:20.301210 7f07773f9700             Options.manifest_preallocation_size: 4194304
2022/06/12-10:59:20.301210 7f07773f9700                     Options.is_fd_close_on_exec: 1
2022/06/12-10:59:20.301211 7f07773f9700                   Options.advise_random_on_open: 1
2022/06/12-10:59:20.301211 7f07773f9700                    Options.db_write_buffer_size: 0
2022/06/12-10:59:20.301212 7f07773f9700                    Options.write_buffer_manager: 0x7f07647bb270
2022/06/12-10:59:20.301212 7f07773f9700         Options.access_hint_on_compaction_start: 1
2022/06/12-10:59:20.301212 7f07773f9700  Options.new_table_reader_for_compaction_inputs: 0
2022/06/12-10:59:20.301216 7f07773f9700           Options.random_access_max_buffer_size: 1048576
2022/06/12-10:59:20.301217 7f07773f9700                      Options.use_adaptive_mutex: 0
2022/06/12-10:59:20.301217 7f07773f9700                            Options.rate_limiter: (nil)
2022/06/12-10:59:20.301218 7f07773f9700     Options.sst_file_manager.rate_bytes_per_sec: 0
2022/06/12-10:59:20.301218 7f07773f9700                       Options.wal_recovery_mode: 2
2022/06/12-10:59:20.301219 7f07773f9700                  Options.enable_thread_tracking: 0
2022/06/12-10:59:20.301219 7f07773f9700                  Options.enable_pipelined_write: 0
2022/06/12-10:59:20.301220 7f07773f9700         Options.allow_concurrent_memtable_write: 1
2022/06/12-10:59:20.301220 7f07773f9700      Options.enable_write_thread_adaptive_yield: 1
2022/06/12-10:59:20.301221 7f07773f9700             Options.write_thread_max_yield_usec: 100
2022/06/12-10:59:20.301221 7f07773f9700            Options.write_thread_slow_yield_usec: 3
2022/06/12-10:59:20.301222 7f07773f9700                               Options.row_cache: None
2022/06/12-10:59:20.301222 7f07773f9700                              Options.wal_filter: None
2022/06/12-10:59:20.301223 7f07773f9700             Options.avoid_flush_during_recovery: 0
2022/06/12-10:59:20.301223 7f07773f9700             Options.allow_ingest_behind: 0
2022/06/12-10:59:20.301223 7f07773f9700             Options.preserve_deletes: 0
2022/06/12-10:59:20.301224 7f07773f9700             Options.two_write_queues: 0
2022/06/12-10:59:20.301224 7f07773f9700             Options.manual_wal_flush: 0
2022/06/12-10:59:20.301225 7f07773f9700             Options.max_background_jobs: 8
2022/06/12-10:59:20.301225 7f07773f9700             Options.max_background_compactions: -1
2022/06/12-10:59:20.301226 7f07773f9700             Options.avoid_flush_during_shutdown: 0
2022/06/12-10:59:20.301226 7f07773f9700           Options.writable_file_max_buffer_size: 1048576
2022/06/12-10:59:20.301227 7f07773f9700             Options.delayed_write_rate : 16777216
2022/06/12-10:59:20.301227 7f07773f9700             Options.max_total_wal_size: 0
2022/06/12-10:59:20.301228 7f07773f9700             Options.delete_obsolete_files_period_micros: 21600000000
2022/06/12-10:59:20.301228 7f07773f9700                   Options.stats_dump_period_sec: 600
2022/06/12-10:59:20.301229 7f07773f9700                          Options.max_open_files: -1
2022/06/12-10:59:20.301229 7f07773f9700                          Options.bytes_per_sync: 0
2022/06/12-10:59:20.301229 7f07773f9700                      Options.wal_bytes_per_sync: 0
2022/06/12-10:59:20.301230 7f07773f9700       Options.compaction_readahead_size: 0
2022/06/12-10:59:20.301230 7f07773f9700 Compression algorithms supported:
2022/06/12-10:59:20.301231 7f07773f9700 	kZSTDNotFinalCompression supported: 1
2022/06/12-10:59:20.301232 7f07773f9700 	kZSTD supported: 1
2022/06/12-10:59:20.301233 7f07773f9700 	kXpressCompression supported: 0
2022/06/12-10:59:20.301234 7f07773f9700 	kLZ4HCCompression supported: 1
2022/06/12-10:59:20.301234 7f07773f9700 	kLZ4Compression supported: 1
2022/06/12-10:59:20.301235 7f07773f9700 	kBZip2Compression supported: 1
2022/06/12-10:59:20.301235 7f07773f9700 	kZlibCompression supported: 1
2022/06/12-10:59:20.301236 7f07773f9700 	kSnappyCompression supported: 1
2022/06/12-10:59:20.301237 7f07773f9700 Fast CRC32 supported: Not supported on x86
2022/06/12-10:59:20.301303 7f07773f9700               Options.comparator: leveldb.BytewiseComparator
2022/06/12-10:59:20.301304 7f07773f9700           Options.merge_operator: None
2022/06/12-10:59:20.301304 7f07773f9700        Options.compaction_filter: None
2022/06/12-10:59:20.301305 7f07773f9700        Options.compaction_filter_factory: None
2022/06/12-10:59:20.301305 7f07773f9700         Options.memtable_factory: SkipListFactory
2022/06/12-10:59:20.301306 7f07773f9700            Options.table_factory: BlockBasedTable
2022/06/12-10:59:20.301315 7f07773f9700            table_factory options:   flush_block_policy_factory: FlushBlockBySizePolicyFactory (0x7f0764801620)
  cache_index_and_filter_blocks: 0
  cache_index_and_filter_blocks_with_high_priority: 0
  pin_l0_filter_and_index_blocks_in_cache: 0
  pin_top_level_index_and_filter: 1
  index_type: 0
  hash_index_allow_collision: 1
  checksum: 1
  no_block_cache: 0
  block_cache: 0x7f07647fcc70
  block_cache_name: LRUCache
  block_cache_options:
    capacity : 52428800
    num_shard_bits : 6
    strict_capacity_limit : 0
    memory_allocator : None
    high_pri_pool_ratio: 0.000
  block_cache_compressed: (nil)
  persistent_cache: (nil)
  block_size: 4096
  block_size_deviation: 10
  block_restart_interval: 16
  index_block_restart_interval: 1
  metadata_block_size: 4096
  partition_filters: 0
  use_delta_encoding: 1
  filter_policy: rocksdb.BuiltinBloomFilter
  whole_key_filtering: 1
  verify_compression: 0
  read_amp_bytes_per_bit: 0
  format_version: 0
  enable_index_compression: 1
  block_align: 0
2022/06/12-10:59:20.301319 7f07773f9700        Options.write_buffer_size: 16777216
2022/06/12-10:59:20.301320 7f07773f9700  Options.max_write_buffer_number: 3
2022/06/12-10:59:20.301320 7f07773f9700          Options.compression: NoCompression
2022/06/12-10:59:20.301321 7f07773f9700                  Options.bottommost_compression: Disabled
2022/06/12-10:59:20.301321 7f07773f9700       Options.prefix_extractor: nullptr
2022/06/12-10:59:20.301322 7f07773f9700   Options.memtable_insert_with_hint_prefix_extractor: nullptr
2022/06/12-10:59:20.301322 7f07773f9700             Options.num_levels: 7
2022/06/12-10:59:20.301323 7f07773f9700        Options.min_write_buffer_number_to_merge: 1
2022/06/12-10:59:20.301323 7f07773f9700     Options.max_write_buffer_number_to_maintain: 0
2022/06/12-10:59:20.301324 7f07773f9700            Options.bottommost_compression_opts.window_bits: -14
2022/06/12-10:59:20.301324 7f07773f9700                  Options.bottommost_compression_opts.level: 32767
2022/06/12-10:59:20.301325 7f07773f9700               Options.bottommost_compression_opts.strategy: 0
2022/06/12-10:59:20.301325 7f07773f9700         Options.bottommost_compression_opts.max_dict_bytes: 0
2022/06/12-10:59:20.301326 7f07773f9700         Options.bottommost_compression_opts.zstd_max_train_bytes: 0
2022/06/12-10:59:20.301326 7f07773f9700                  Options.bottommost_compression_opts.enabled: false
2022/06/12-10:59:20.301327 7f07773f9700            Options.compression_opts.window_bits: -14
2022/06/12-10:59:20.301327 7f07773f9700                  Options.compression_opts.level: 32767
2022/06/12-10:59:20.301328 7f07773f9700               Options.compression_opts.strategy: 0
2022/06/12-10:59:20.301328 7f07773f9700         Options.compression_opts.max_dict_bytes: 0
2022/06/12-10:59:20.301329 7f07773f9700         Options.compression_opts.zstd_max_train_bytes: 0
2022/06/12-10:59:20.301329 7f07773f9700                  Options.compression_opts.enabled: false
2022/06/12-10:59:20.301330 7f07773f9700      Options.level0_file_num_compaction_trigger: 4
2022/06/12-10:59:20.301330 7f07773f9700          Options.level0_slowdown_writes_trigger: 20
2022/06/12-10:59:20.301330 7f07773f9700              Options.level0_stop_writes_trigger: 36
2022/06/12-10:59:20.301331 7f07773f9700                   Options.target_file_size_base: 67108864
2022/06/12-10:59:20.301331 7f07773f9700             Options.target_file_size_multiplier: 1
2022/06/12-10:59:20.301332 7f07773f9700                Options.max_bytes_for_level_base: 268435456
2022/06/12-10:59:20.301332 7f07773f9700 Options.level_compaction_dynamic_level_bytes: 0
2022/06/12-10:59:20.301333 7f07773f9700          Options.max_bytes_for_level_multiplier: 10.000000
2022/06/12-10:59:20.301334 7f07773f9700 Options.max_bytes_for_level_multiplier_addtl[0]: 1
2022/06/12-10:59:20.301335 7f07773f9700 Options.max_bytes_for_level_multiplier_addtl[1]: 1
2022/06/12-10:59:20.301335 7f07773f9700 Options.max_bytes_for_level_multiplier_addtl[2]: 1
2022/06/12-10:59:20.301335 7f07773f9700 Options.max_bytes_for_level_multiplier_addtl[3]: 1
2022/06/12-10:59:20.301336 7f07773f9700 Options.max_bytes_for_level_multiplier_addtl[4]: 1
2022/06/12-10:59:20.301339 7f07773f9700 Options.max_bytes_for_level_multiplier_addtl[5]: 1
2022/06/12-10:59:20.301339 7f07773f9700 Options.max_bytes_for_level_multiplier_addtl[6]: 1
2022/06/12-10:59:20.301340 7f07773f9700       Options.max_sequential_skip_in_iterations: 8
2022/06/12-10:59:20.301340 7f07773f9700                    Options.max_compaction_bytes: 1677721600
2022/06/12-10:59:20.301341 7f07773f9700                        Options.arena_block_size: 2097152
2022/06/12-10:59:20.301341 7f07773f9700   Options.soft_pending_compaction_bytes_limit: 68719476736
2022/06/12-10:59:20.301342 7f07773f9700   Options.hard_pending_compaction_bytes_limit: 274877906944
2022/06/12-10:59:20.301342 7f07773f9700       Options.rate_limit_delay_max_milliseconds: 100
2022/06/12-10:59:20.301343 7f07773f9700                Options.disable_auto_compactions: 0
2022/06/12-10:59:20.301343 7f07773f9700                        Options.compaction_style: kCompactionStyleUniversal
2022/06/12-10:59:20.301344 7f07773f9700                          Options.compaction_pri: kByCompensatedSize
2022/06/12-10:59:20.301345 7f07773f9700 Options.compaction_options_universal.size_ratio: 1
2022/06/12-10:59:20.301345 7f07773f9700 Options.compaction_options_universal.min_merge_width: 2
2022/06/12-10:59:20.301346 7f07773f9700 Options.compaction_options_universal.max_merge_width: 4294967295
2022/06/12-10:59:20.301346 7f07773f9700 Options.compaction_options_universal.max_size_amplification_percent: 200
2022/06/12-10:59:20.301347 7f07773f9700 Options.compaction_options_universal.compression_size_percent: -1
2022/06/12-10:59:20.301347 7f07773f9700 Options.compaction_options_universal.stop_style: kCompactionStopStyleTotalSize
2022/06/12-10:59:20.301348 7f07773f9700 Options.compaction_options_fifo.max_table_files_size: 1073741824
2022/06/12-10:59:20.301348 7f07773f9700 Options.compaction_options_fifo.allow_compaction: 0
2022/06/12-10:59:20.301349 7f07773f9700 Options.compaction_options_fifo.ttl: 0
2022/06/12-10:59:20.301349 7f07773f9700                   Options.table_properties_collectors: 
2022/06/12-10:59:20.301350 7f07773f9700                   Options.inplace_update_support: 0
2022/06/12-10:59:20.301350 7f07773f9700                 Options.inplace_update_num_locks: 10000
2022/06/12-10:59:20.301351 7f07773f9700               Options.memtable_prefix_bloom_size_ratio: 0.000000
2022/06/12-10:59:20.301351 7f07773f9700   Options.memtable_huge_page_size: 0
2022/06/12-10:59:20.301352 7f07773f9700                           Options.bloom_locality: 0
2022/06/12-10:59:20.301352 7f07773f9700                    Options.max_successive_merges: 0
2022/06/12-10:59:20.301353 7f07773f9700                Options.optimize_filters_for_hits: 0
2022/06/12-10:59:20.301353 7f07773f9700                Options.paranoid_file_checks: 0
2022/06/12-10:59:20.301353 7f07773f9700                Options.force_consistency_checks: 0
2022/06/12-10:59:20.301354 7f07773f9700                Options.report_bg_io_stats: 0
2022/06/12-10:59:20.301354 7f07773f9700                               Options.ttl: 0
2022/06/12-10:59:20.309380 7f07773f9700               Options.comparator: leveldb.BytewiseComparator
2022/06/12-10:59:20.309382 7f07773f9700           Options.merge_operator: None
2022/06/12-10:59:20.309383 7f07773f9700        Options.compaction_filter: None
2022/06/12-10:59:20.309383 7f07773f9700        Options.compaction_filter_factory: None
2022/06/12-10:59:20.309384 7f07773f9700         Options.memtable_factory: SkipListFactory
2022/06/12-10:59:20.309384 7f07773f9700            Options.table_factory: BlockBasedTable
2022/06/12-10:59:20.309397 7f07773f9700            table_factory options:   flush_block_policy_factory: FlushBlockBySizePolicyFactory (0x7f0764801620)
  cache_index_and_filter_blocks: 0
  cache_index_and_filter_blocks_with_high_priority: 0
  pin_l0_filter_and_index_blocks_in_cache: 0
  pin_top_level_index_and_filter: 1
  index_type: 0
  hash_index_allow_collision: 1
  checksum: 1
  no_block_cache: 0
  block_cache: 0x7f07647fcc70
  block_cache_name: LRUCache
  block_cache_options:
    capacity : 52428800
    num_shard_bits : 6
    strict_capacity_limit : 0
    memory_allocator : None
    high_pri_pool_ratio: 0.000
  block_cache_compressed: (nil)
  persistent_cache: (nil)
  block_size: 4096
  block_size_deviation: 10
  block_restart_interval: 16
  index_block_restart_interval: 1
  metadata_block_size: 4096
  partition_filters: 0
  use_delta_encoding: 1
  filter_policy: rocksdb.BuiltinBloomFilter
  whole_key_filtering: 1
  verify_compression: 0
  read_amp_bytes_per_bit: 0
  format_version: 0
  enable_index_compression: 1
  block_align: 0
2022/06/12-10:59:20.309398 7f07773f9700        Options.write_buffer_size: 16777216
2022/06/12-10:59:20.309399 7f07773f9700  Options.max_write_buffer_number: 3
2022/06/12-10:59:20.309399 7f07773f9700          Options.compression: NoCompression
2022/06/12-10:59:20.309400 7f07773f9700                  Options.bottommost_compression: Disabled
2022/06/12-10:59:20.309400 7f07773f9700       Options.prefix_extractor: nullptr
2022/06/12-10:59:20.309401 7f07773f9700   Options.memtable_insert_with_hint_prefix_extractor: nullptr
2022/06/12-10:59:20.309401 7f07773f9700             Options.num_levels: 7
2022/06/12-10:59:20.309402 7f07773f9700        Options.min_write_buffer_number_to_merge: 1
2022/06/12-10:59:20.309402 7f07773f9700     Options.max_write_buffer_number_to_maintain: 0
2022/06/12-10:59:20.309403 7f07773f9700            Options.bottommost_compression_opts.window_bits: -14
2022/06/12-10:59:20.309403 7f07773f9700                  Options.bottommost_compression_opts.level: 32767
2022/06/12-10:59:20.309404 7f07773f9700               Options.bottommost_compression_opts.strategy: 0
2022/06/12-10:59:20.309404 7f07773f9700         Options.bottommost_compression_opts.max_dict_bytes: 0
2022/06/12-10:59:20.309404 7f07773f9700         Options.bottommost_compression_opts.zstd_max_train_bytes: 0
2022/06/12-10:59:20.309405 7f07773f9700                  Options.bottommost_compression_opts.enabled: false
2022/06/12-10:59:20.309405 7f07773f9700            Options.compression_opts.window_bits: -14
2022/06/12-10:59:20.309406 7f07773f9700                  Options.compression_opts.level: 32767
2022/06/12-10:59:20.309406 7f07773f9700               Options.compression_opts.strategy: 0
2022/06/12-10:59:20.309407 7f07773f9700         Options.compression_opts.max_dict_bytes: 0
2022/06/12-10:59:20.309407 7f07773f9700         Options.compression_opts.zstd_max_train_bytes: 0
2022/06/12-10:59:20.309408 7f07773f9700                  Options.compression_opts.enabled: false
2022/06/12-10:59:20.309408 7f07773f9700      Options.level0_file_num_compaction_trigger: 4
2022/06/12-10:59:20.309409 7f07773f9700          Options.level0_slowdown_writes_trigger: 20
2022/06/12-10:59:20.309409 7f07773f9700              Options.level0_stop_writes_trigger: 36
2022/06/12-10:59:20.309409 7f07773f9700                   Options.target_file_size_base: 67108864
2022/06/12-10:59:20.309410 7f07773f9700             Options.target_file_size_multiplier: 1
2022/06/12-10:59:20.309410 7f07773f9700                Options.max_bytes_for_level_base: 268435456
2022/06/12-10:59:20.309416 7f07773f9700 Options.level_compaction_dynamic_level_bytes: 0
2022/06/12-10:59:20.309417 7f07773f9700          Options.max_bytes_for_level_multiplier: 10.000000
2022/06/12-10:59:20.309418 7f07773f9700 Options.max_bytes_for_level_multiplier_addtl[0]: 1
2022/06/12-10:59:20.309418 7f07773f9700 Options.max_bytes_for_level_multiplier_addtl[1]: 1
2022/06/12-10:59:20.309419 7f07773f9700 Options.max_bytes_for_level_multiplier_addtl[2]: 1
2022/06/12-10:59:20.309419 7f07773f9700 Options.max_bytes_for_level_multiplier_addtl[3]: 1
2022/06/12-10:59:20.309420 7f07773f9700 Options.max_bytes_for_level_multiplier_addtl[4]: 1
2022/06/12-10:59:20.309420 7f07773f9700 Options.max_bytes_for_level_multiplier_addtl[5]: 1
2022/06/12-10:59:20.309420 7f07773f9700 Options.max_bytes_for_level_multiplier_addtl[6]: 1
2022/06/12-10:59:20.309421 7f07773f9700       Options.max_sequential_skip_in_iterations: 8
2022/06/12-10:59:20.309421 7f07773f9700                    Options.max_compaction_bytes: 1677721600
2022/06/12-10:59:20.309422 7f07773f9700                        Options.arena_block_size: 2097152
2022/06/12-10:59:20.309422 7f07773f9700   Options.soft_pending_compaction_bytes_limit: 68719476736
2022/06/12-10:59:20.309423 7f07773f9700   Options.hard_pending_compaction_bytes_limit: 274877906944
2022/06/12-10:59:20.309423 7f07773f9700       Options.rate_limit_delay_max_milliseconds: 100
2022/06/12-10:59:20.309424 7f07773f9700                Options.disable_auto_compactions: 0
2022/06/12-10:59:20.309424 7f07773f9700                        Options.compaction_style: kCompactionStyleUniversal
2022/06/12-10:59:20.309425 7f07773f9700                          Options.compaction_pri: kByCompensatedSize
2022/06/12-10:59:20.309425 7f07773f9700 Options.compaction_options_universal.size_ratio: 1
2022/06/12-10:59:20.309426 7f07773f9700 Options.compaction_options_universal.min_merge_width: 2
2022/06/12-10:59:20.309426 7f07773f9700 Options.compaction_options_universal.max_merge_width: 4294967295
2022/06/12-10:59:20.309427 7f07773f9700 Options.compaction_options_universal.max_size_amplification_percent: 200
2022/06/12-10:59:20.309427 7f07773f9700 Options.compaction_options_universal.compression_size_percent: -1
2022/06/12-10:59:20.309427 7f07773f9700 Options.compaction_options_universal.stop_style: kCompactionStopStyleTotalSize
2022/06/12-10:59:20.309428 7f07773f9700 Options.compaction_options_fifo.max_table_files_size: 1073741824
2022/06/12-10:59:20.309428 7f07773f9700 Options.compaction_options_fifo.allow_compaction: 0
2022/06/12-10:59:20.309429 7f07773f9700 Options.compaction_options_fifo.ttl: 0
2022/06/12-10:59:20.309429 7f07773f9700                   Options.table_properties_collectors: 
2022/06/12-10:59:20.309430 7f07773f9700                   Options.inplace_update_support: 0
2022/06/12-10:59:20.309430 7f07773f9700                 Options.inplace_update_num_locks: 10000
2022/06/12-10:59:20.309431 7f07773f9700               Options.memtable_prefix_bloom_size_ratio: 0.000000
2022/06/12-10:59:20.309431 7f07773f9700   Options.memtable_huge_page_size: 0
2022/06/12-10:59:20.309432 7f07773f9700                           Options.bloom_locality: 0
2022/06/12-10:59:20.309432 7f07773f9700                    Options.max_successive_merges: 0
2022/06/12-10:59:20.309433 7f07773f9700                Options.optimize_filters_for_hits: 0
2022/06/12-10:59:20.309433 7f07773f9700                Options.paranoid_file_checks: 0
2022/06/12-10:59:20.309433 7f07773f9700                Options.force_consistency_checks: 0
2022/06/12-10:59:20.309434 7f07773f9700                Options.report_bg_io_stats: 0
2022/06/12-10:59:20.309434 7f07773f9700                               Options.ttl: 0
