2022/06/08-16:32:36.915780 7efee9b7b700 RocksDB version: 5.18.4
2022/06/08-16:32:36.915817 7efee9b7b700 Git sha rocksdb_build_git_sha:
2022/06/08-16:32:36.915818 7efee9b7b700 Compile date Mar 11 2020
2022/06/08-16:32:36.915820 7efee9b7b700 DB SUMMARY
2022/06/08-16:32:36.915838 7efee9b7b700 CURRENT file:  CURRENT
2022/06/08-16:32:36.915840 7efee9b7b700 IDENTITY file:  IDENTITY
2022/06/08-16:32:36.915843 7efee9b7b700 MANIFEST file:  MANIFEST-000001 size: 13 Bytes
2022/06/08-16:32:36.915844 7efee9b7b700 SST files in /home/ANT.AMAZON.COM/stefler/Documents/university/cloud-services/WikipediaStats/src/streams/./local-streams/kafka-streams-wiki/45_3/rocksdb/month-per-userType-active-pages dir, Total Num: 0, files: 
2022/06/08-16:32:36.915846 7efee9b7b700 Write Ahead Log file in /home/ANT.AMAZON.COM/stefler/Documents/university/cloud-services/WikipediaStats/src/streams/./local-streams/kafka-streams-wiki/45_3/rocksdb/month-per-userType-active-pages: 000003.log size: 0 ; 
2022/06/08-16:32:36.915847 7efee9b7b700                         Options.error_if_exists: 0
2022/06/08-16:32:36.915848 7efee9b7b700                       Options.create_if_missing: 1
2022/06/08-16:32:36.915849 7efee9b7b700                         Options.paranoid_checks: 1
2022/06/08-16:32:36.915850 7efee9b7b700                                     Options.env: 0x7efe57ffbfa0
2022/06/08-16:32:36.915851 7efee9b7b700                                Options.info_log: 0x7efe9efa6ba0
2022/06/08-16:32:36.915851 7efee9b7b700                Options.max_file_opening_threads: 16
2022/06/08-16:32:36.915852 7efee9b7b700                              Options.statistics: (nil)
2022/06/08-16:32:36.915853 7efee9b7b700                               Options.use_fsync: 0
2022/06/08-16:32:36.915854 7efee9b7b700                       Options.max_log_file_size: 0
2022/06/08-16:32:36.915854 7efee9b7b700                  Options.max_manifest_file_size: 1073741824
2022/06/08-16:32:36.915855 7efee9b7b700                   Options.log_file_time_to_roll: 0
2022/06/08-16:32:36.915856 7efee9b7b700                       Options.keep_log_file_num: 1000
2022/06/08-16:32:36.915857 7efee9b7b700                    Options.recycle_log_file_num: 0
2022/06/08-16:32:36.915857 7efee9b7b700                         Options.allow_fallocate: 1
2022/06/08-16:32:36.915858 7efee9b7b700                        Options.allow_mmap_reads: 0
2022/06/08-16:32:36.915859 7efee9b7b700                       Options.allow_mmap_writes: 0
2022/06/08-16:32:36.915859 7efee9b7b700                        Options.use_direct_reads: 0
2022/06/08-16:32:36.915860 7efee9b7b700                        Options.use_direct_io_for_flush_and_compaction: 0
2022/06/08-16:32:36.915861 7efee9b7b700          Options.create_missing_column_families: 0
2022/06/08-16:32:36.915862 7efee9b7b700                              Options.db_log_dir: 
2022/06/08-16:32:36.915862 7efee9b7b700                                 Options.wal_dir: /home/ANT.AMAZON.COM/stefler/Documents/university/cloud-services/WikipediaStats/src/streams/./local-streams/kafka-streams-wiki/45_3/rocksdb/month-per-userType-active-pages
2022/06/08-16:32:36.915863 7efee9b7b700                Options.table_cache_numshardbits: 6
2022/06/08-16:32:36.915864 7efee9b7b700                      Options.max_subcompactions: 1
2022/06/08-16:32:36.915864 7efee9b7b700                  Options.max_background_flushes: -1
2022/06/08-16:32:36.915865 7efee9b7b700                         Options.WAL_ttl_seconds: 0
2022/06/08-16:32:36.915866 7efee9b7b700                       Options.WAL_size_limit_MB: 0
2022/06/08-16:32:36.915867 7efee9b7b700             Options.manifest_preallocation_size: 4194304
2022/06/08-16:32:36.915867 7efee9b7b700                     Options.is_fd_close_on_exec: 1
2022/06/08-16:32:36.915868 7efee9b7b700                   Options.advise_random_on_open: 1
2022/06/08-16:32:36.915869 7efee9b7b700                    Options.db_write_buffer_size: 0
2022/06/08-16:32:36.915870 7efee9b7b700                    Options.write_buffer_manager: 0x7efe9efe2960
2022/06/08-16:32:36.915870 7efee9b7b700         Options.access_hint_on_compaction_start: 1
2022/06/08-16:32:36.915871 7efee9b7b700  Options.new_table_reader_for_compaction_inputs: 0
2022/06/08-16:32:36.915876 7efee9b7b700           Options.random_access_max_buffer_size: 1048576
2022/06/08-16:32:36.915877 7efee9b7b700                      Options.use_adaptive_mutex: 0
2022/06/08-16:32:36.915878 7efee9b7b700                            Options.rate_limiter: (nil)
2022/06/08-16:32:36.915879 7efee9b7b700     Options.sst_file_manager.rate_bytes_per_sec: 0
2022/06/08-16:32:36.915879 7efee9b7b700                       Options.wal_recovery_mode: 2
2022/06/08-16:32:36.915880 7efee9b7b700                  Options.enable_thread_tracking: 0
2022/06/08-16:32:36.915881 7efee9b7b700                  Options.enable_pipelined_write: 0
2022/06/08-16:32:36.915881 7efee9b7b700         Options.allow_concurrent_memtable_write: 1
2022/06/08-16:32:36.915882 7efee9b7b700      Options.enable_write_thread_adaptive_yield: 1
2022/06/08-16:32:36.915883 7efee9b7b700             Options.write_thread_max_yield_usec: 100
2022/06/08-16:32:36.915884 7efee9b7b700            Options.write_thread_slow_yield_usec: 3
2022/06/08-16:32:36.915884 7efee9b7b700                               Options.row_cache: None
2022/06/08-16:32:36.915885 7efee9b7b700                              Options.wal_filter: None
2022/06/08-16:32:36.915886 7efee9b7b700             Options.avoid_flush_during_recovery: 0
2022/06/08-16:32:36.915887 7efee9b7b700             Options.allow_ingest_behind: 0
2022/06/08-16:32:36.915887 7efee9b7b700             Options.preserve_deletes: 0
2022/06/08-16:32:36.915888 7efee9b7b700             Options.two_write_queues: 0
2022/06/08-16:32:36.915888 7efee9b7b700             Options.manual_wal_flush: 0
2022/06/08-16:32:36.915889 7efee9b7b700             Options.max_background_jobs: 8
2022/06/08-16:32:36.915890 7efee9b7b700             Options.max_background_compactions: -1
2022/06/08-16:32:36.915890 7efee9b7b700             Options.avoid_flush_during_shutdown: 0
2022/06/08-16:32:36.915891 7efee9b7b700           Options.writable_file_max_buffer_size: 1048576
2022/06/08-16:32:36.915892 7efee9b7b700             Options.delayed_write_rate : 16777216
2022/06/08-16:32:36.915892 7efee9b7b700             Options.max_total_wal_size: 0
2022/06/08-16:32:36.915893 7efee9b7b700             Options.delete_obsolete_files_period_micros: 21600000000
2022/06/08-16:32:36.915894 7efee9b7b700                   Options.stats_dump_period_sec: 600
2022/06/08-16:32:36.915894 7efee9b7b700                          Options.max_open_files: -1
2022/06/08-16:32:36.915895 7efee9b7b700                          Options.bytes_per_sync: 0
2022/06/08-16:32:36.915896 7efee9b7b700                      Options.wal_bytes_per_sync: 0
2022/06/08-16:32:36.915896 7efee9b7b700       Options.compaction_readahead_size: 0
2022/06/08-16:32:36.915897 7efee9b7b700 Compression algorithms supported:
2022/06/08-16:32:36.915898 7efee9b7b700 	kZSTDNotFinalCompression supported: 1
2022/06/08-16:32:36.915900 7efee9b7b700 	kZSTD supported: 1
2022/06/08-16:32:36.915901 7efee9b7b700 	kXpressCompression supported: 0
2022/06/08-16:32:36.915902 7efee9b7b700 	kLZ4HCCompression supported: 1
2022/06/08-16:32:36.915903 7efee9b7b700 	kLZ4Compression supported: 1
2022/06/08-16:32:36.915904 7efee9b7b700 	kBZip2Compression supported: 1
2022/06/08-16:32:36.915905 7efee9b7b700 	kZlibCompression supported: 1
2022/06/08-16:32:36.915905 7efee9b7b700 	kSnappyCompression supported: 1
2022/06/08-16:32:36.915907 7efee9b7b700 Fast CRC32 supported: Not supported on x86
2022/06/08-16:32:36.916013 7efee9b7b700               Options.comparator: leveldb.BytewiseComparator
2022/06/08-16:32:36.916014 7efee9b7b700           Options.merge_operator: None
2022/06/08-16:32:36.916015 7efee9b7b700        Options.compaction_filter: None
2022/06/08-16:32:36.916015 7efee9b7b700        Options.compaction_filter_factory: None
2022/06/08-16:32:36.916016 7efee9b7b700         Options.memtable_factory: SkipListFactory
2022/06/08-16:32:36.916017 7efee9b7b700            Options.table_factory: BlockBasedTable
2022/06/08-16:32:36.916032 7efee9b7b700            table_factory options:   flush_block_policy_factory: FlushBlockBySizePolicyFactory (0x7efe9efe6760)
  cache_index_and_filter_blocks: 0
  cache_index_and_filter_blocks_with_high_priority: 0
  pin_l0_filter_and_index_blocks_in_cache: 0
  pin_top_level_index_and_filter: 1
  index_type: 0
  hash_index_allow_collision: 1
  checksum: 1
  no_block_cache: 0
  block_cache: 0x7efe9efda4e0
  block_cache_name: LRUCache
  block_cache_options:
    capacity : 52428800
    num_shard_bits : 6
    strict_capacity_limit : 0
    memory_allocator : None
    high_pri_pool_ratio: 0.000
  block_cache_compressed: (nil)
  persistent_cache: (nil)
  block_size: 4096
  block_size_deviation: 10
  block_restart_interval: 16
  index_block_restart_interval: 1
  metadata_block_size: 4096
  partition_filters: 0
  use_delta_encoding: 1
  filter_policy: rocksdb.BuiltinBloomFilter
  whole_key_filtering: 1
  verify_compression: 0
  read_amp_bytes_per_bit: 0
  format_version: 0
  enable_index_compression: 1
  block_align: 0
2022/06/08-16:32:36.916041 7efee9b7b700        Options.write_buffer_size: 16777216
2022/06/08-16:32:36.916042 7efee9b7b700  Options.max_write_buffer_number: 3
2022/06/08-16:32:36.916043 7efee9b7b700          Options.compression: NoCompression
2022/06/08-16:32:36.916044 7efee9b7b700                  Options.bottommost_compression: Disabled
2022/06/08-16:32:36.916044 7efee9b7b700       Options.prefix_extractor: nullptr
2022/06/08-16:32:36.916045 7efee9b7b700   Options.memtable_insert_with_hint_prefix_extractor: nullptr
2022/06/08-16:32:36.916046 7efee9b7b700             Options.num_levels: 7
2022/06/08-16:32:36.916046 7efee9b7b700        Options.min_write_buffer_number_to_merge: 1
2022/06/08-16:32:36.916047 7efee9b7b700     Options.max_write_buffer_number_to_maintain: 0
2022/06/08-16:32:36.916048 7efee9b7b700            Options.bottommost_compression_opts.window_bits: -14
2022/06/08-16:32:36.916048 7efee9b7b700                  Options.bottommost_compression_opts.level: 32767
2022/06/08-16:32:36.916049 7efee9b7b700               Options.bottommost_compression_opts.strategy: 0
2022/06/08-16:32:36.916050 7efee9b7b700         Options.bottommost_compression_opts.max_dict_bytes: 0
2022/06/08-16:32:36.916050 7efee9b7b700         Options.bottommost_compression_opts.zstd_max_train_bytes: 0
2022/06/08-16:32:36.916051 7efee9b7b700                  Options.bottommost_compression_opts.enabled: false
2022/06/08-16:32:36.916052 7efee9b7b700            Options.compression_opts.window_bits: -14
2022/06/08-16:32:36.916053 7efee9b7b700                  Options.compression_opts.level: 32767
2022/06/08-16:32:36.916054 7efee9b7b700               Options.compression_opts.strategy: 0
2022/06/08-16:32:36.916055 7efee9b7b700         Options.compression_opts.max_dict_bytes: 0
2022/06/08-16:32:36.916056 7efee9b7b700         Options.compression_opts.zstd_max_train_bytes: 0
2022/06/08-16:32:36.916056 7efee9b7b700                  Options.compression_opts.enabled: false
2022/06/08-16:32:36.916057 7efee9b7b700      Options.level0_file_num_compaction_trigger: 4
2022/06/08-16:32:36.916058 7efee9b7b700          Options.level0_slowdown_writes_trigger: 20
2022/06/08-16:32:36.916059 7efee9b7b700              Options.level0_stop_writes_trigger: 36
2022/06/08-16:32:36.916060 7efee9b7b700                   Options.target_file_size_base: 67108864
2022/06/08-16:32:36.916061 7efee9b7b700             Options.target_file_size_multiplier: 1
2022/06/08-16:32:36.916062 7efee9b7b700                Options.max_bytes_for_level_base: 268435456
2022/06/08-16:32:36.916063 7efee9b7b700 Options.level_compaction_dynamic_level_bytes: 0
2022/06/08-16:32:36.916064 7efee9b7b700          Options.max_bytes_for_level_multiplier: 10.000000
2022/06/08-16:32:36.916066 7efee9b7b700 Options.max_bytes_for_level_multiplier_addtl[0]: 1
2022/06/08-16:32:36.916067 7efee9b7b700 Options.max_bytes_for_level_multiplier_addtl[1]: 1
2022/06/08-16:32:36.916068 7efee9b7b700 Options.max_bytes_for_level_multiplier_addtl[2]: 1
2022/06/08-16:32:36.916069 7efee9b7b700 Options.max_bytes_for_level_multiplier_addtl[3]: 1
2022/06/08-16:32:36.916070 7efee9b7b700 Options.max_bytes_for_level_multiplier_addtl[4]: 1
2022/06/08-16:32:36.916075 7efee9b7b700 Options.max_bytes_for_level_multiplier_addtl[5]: 1
2022/06/08-16:32:36.916076 7efee9b7b700 Options.max_bytes_for_level_multiplier_addtl[6]: 1
2022/06/08-16:32:36.916077 7efee9b7b700       Options.max_sequential_skip_in_iterations: 8
2022/06/08-16:32:36.916078 7efee9b7b700                    Options.max_compaction_bytes: 1677721600
2022/06/08-16:32:36.916078 7efee9b7b700                        Options.arena_block_size: 2097152
2022/06/08-16:32:36.916079 7efee9b7b700   Options.soft_pending_compaction_bytes_limit: 68719476736
2022/06/08-16:32:36.916081 7efee9b7b700   Options.hard_pending_compaction_bytes_limit: 274877906944
2022/06/08-16:32:36.916082 7efee9b7b700       Options.rate_limit_delay_max_milliseconds: 100
2022/06/08-16:32:36.916082 7efee9b7b700                Options.disable_auto_compactions: 0
2022/06/08-16:32:36.916084 7efee9b7b700                        Options.compaction_style: kCompactionStyleUniversal
2022/06/08-16:32:36.916085 7efee9b7b700                          Options.compaction_pri: kByCompensatedSize
2022/06/08-16:32:36.916086 7efee9b7b700 Options.compaction_options_universal.size_ratio: 1
2022/06/08-16:32:36.916087 7efee9b7b700 Options.compaction_options_universal.min_merge_width: 2
2022/06/08-16:32:36.916088 7efee9b7b700 Options.compaction_options_universal.max_merge_width: 4294967295
2022/06/08-16:32:36.916089 7efee9b7b700 Options.compaction_options_universal.max_size_amplification_percent: 200
2022/06/08-16:32:36.916090 7efee9b7b700 Options.compaction_options_universal.compression_size_percent: -1
2022/06/08-16:32:36.916091 7efee9b7b700 Options.compaction_options_universal.stop_style: kCompactionStopStyleTotalSize
2022/06/08-16:32:36.916092 7efee9b7b700 Options.compaction_options_fifo.max_table_files_size: 1073741824
2022/06/08-16:32:36.916093 7efee9b7b700 Options.compaction_options_fifo.allow_compaction: 0
2022/06/08-16:32:36.916094 7efee9b7b700 Options.compaction_options_fifo.ttl: 0
2022/06/08-16:32:36.916095 7efee9b7b700                   Options.table_properties_collectors: 
2022/06/08-16:32:36.916095 7efee9b7b700                   Options.inplace_update_support: 0
2022/06/08-16:32:36.916096 7efee9b7b700                 Options.inplace_update_num_locks: 10000
2022/06/08-16:32:36.916097 7efee9b7b700               Options.memtable_prefix_bloom_size_ratio: 0.000000
2022/06/08-16:32:36.916099 7efee9b7b700   Options.memtable_huge_page_size: 0
2022/06/08-16:32:36.916100 7efee9b7b700                           Options.bloom_locality: 0
2022/06/08-16:32:36.916100 7efee9b7b700                    Options.max_successive_merges: 0
2022/06/08-16:32:36.916102 7efee9b7b700                Options.optimize_filters_for_hits: 0
2022/06/08-16:32:36.916103 7efee9b7b700                Options.paranoid_file_checks: 0
2022/06/08-16:32:36.916103 7efee9b7b700                Options.force_consistency_checks: 0
2022/06/08-16:32:36.916104 7efee9b7b700                Options.report_bg_io_stats: 0
2022/06/08-16:32:36.916105 7efee9b7b700                               Options.ttl: 0
2022/06/08-16:32:36.924489 7efee9b7b700               Options.comparator: leveldb.BytewiseComparator
2022/06/08-16:32:36.924496 7efee9b7b700           Options.merge_operator: None
2022/06/08-16:32:36.924497 7efee9b7b700        Options.compaction_filter: None
2022/06/08-16:32:36.924498 7efee9b7b700        Options.compaction_filter_factory: None
2022/06/08-16:32:36.924499 7efee9b7b700         Options.memtable_factory: SkipListFactory
2022/06/08-16:32:36.924499 7efee9b7b700            Options.table_factory: BlockBasedTable
2022/06/08-16:32:36.924532 7efee9b7b700            table_factory options:   flush_block_policy_factory: FlushBlockBySizePolicyFactory (0x7efe9efe6760)
  cache_index_and_filter_blocks: 0
  cache_index_and_filter_blocks_with_high_priority: 0
  pin_l0_filter_and_index_blocks_in_cache: 0
  pin_top_level_index_and_filter: 1
  index_type: 0
  hash_index_allow_collision: 1
  checksum: 1
  no_block_cache: 0
  block_cache: 0x7efe9efda4e0
  block_cache_name: LRUCache
  block_cache_options:
    capacity : 52428800
    num_shard_bits : 6
    strict_capacity_limit : 0
    memory_allocator : None
    high_pri_pool_ratio: 0.000
  block_cache_compressed: (nil)
  persistent_cache: (nil)
  block_size: 4096
  block_size_deviation: 10
  block_restart_interval: 16
  index_block_restart_interval: 1
  metadata_block_size: 4096
  partition_filters: 0
  use_delta_encoding: 1
  filter_policy: rocksdb.BuiltinBloomFilter
  whole_key_filtering: 1
  verify_compression: 0
  read_amp_bytes_per_bit: 0
  format_version: 0
  enable_index_compression: 1
  block_align: 0
2022/06/08-16:32:36.924533 7efee9b7b700        Options.write_buffer_size: 16777216
2022/06/08-16:32:36.924534 7efee9b7b700  Options.max_write_buffer_number: 3
2022/06/08-16:32:36.924536 7efee9b7b700          Options.compression: NoCompression
2022/06/08-16:32:36.924537 7efee9b7b700                  Options.bottommost_compression: Disabled
2022/06/08-16:32:36.924538 7efee9b7b700       Options.prefix_extractor: nullptr
2022/06/08-16:32:36.924539 7efee9b7b700   Options.memtable_insert_with_hint_prefix_extractor: nullptr
2022/06/08-16:32:36.924540 7efee9b7b700             Options.num_levels: 7
2022/06/08-16:32:36.924541 7efee9b7b700        Options.min_write_buffer_number_to_merge: 1
2022/06/08-16:32:36.924542 7efee9b7b700     Options.max_write_buffer_number_to_maintain: 0
2022/06/08-16:32:36.924543 7efee9b7b700            Options.bottommost_compression_opts.window_bits: -14
2022/06/08-16:32:36.924544 7efee9b7b700                  Options.bottommost_compression_opts.level: 32767
2022/06/08-16:32:36.924545 7efee9b7b700               Options.bottommost_compression_opts.strategy: 0
2022/06/08-16:32:36.924545 7efee9b7b700         Options.bottommost_compression_opts.max_dict_bytes: 0
2022/06/08-16:32:36.924546 7efee9b7b700         Options.bottommost_compression_opts.zstd_max_train_bytes: 0
2022/06/08-16:32:36.924547 7efee9b7b700                  Options.bottommost_compression_opts.enabled: false
2022/06/08-16:32:36.924548 7efee9b7b700            Options.compression_opts.window_bits: -14
2022/06/08-16:32:36.924549 7efee9b7b700                  Options.compression_opts.level: 32767
2022/06/08-16:32:36.924550 7efee9b7b700               Options.compression_opts.strategy: 0
2022/06/08-16:32:36.924550 7efee9b7b700         Options.compression_opts.max_dict_bytes: 0
2022/06/08-16:32:36.924551 7efee9b7b700         Options.compression_opts.zstd_max_train_bytes: 0
2022/06/08-16:32:36.924552 7efee9b7b700                  Options.compression_opts.enabled: false
2022/06/08-16:32:36.924552 7efee9b7b700      Options.level0_file_num_compaction_trigger: 4
2022/06/08-16:32:36.924553 7efee9b7b700          Options.level0_slowdown_writes_trigger: 20
2022/06/08-16:32:36.924554 7efee9b7b700              Options.level0_stop_writes_trigger: 36
2022/06/08-16:32:36.924554 7efee9b7b700                   Options.target_file_size_base: 67108864
2022/06/08-16:32:36.924555 7efee9b7b700             Options.target_file_size_multiplier: 1
2022/06/08-16:32:36.924556 7efee9b7b700                Options.max_bytes_for_level_base: 268435456
2022/06/08-16:32:36.924580 7efee9b7b700 Options.level_compaction_dynamic_level_bytes: 0
2022/06/08-16:32:36.924581 7efee9b7b700          Options.max_bytes_for_level_multiplier: 10.000000
2022/06/08-16:32:36.924584 7efee9b7b700 Options.max_bytes_for_level_multiplier_addtl[0]: 1
2022/06/08-16:32:36.924585 7efee9b7b700 Options.max_bytes_for_level_multiplier_addtl[1]: 1
2022/06/08-16:32:36.924586 7efee9b7b700 Options.max_bytes_for_level_multiplier_addtl[2]: 1
2022/06/08-16:32:36.924586 7efee9b7b700 Options.max_bytes_for_level_multiplier_addtl[3]: 1
2022/06/08-16:32:36.924587 7efee9b7b700 Options.max_bytes_for_level_multiplier_addtl[4]: 1
2022/06/08-16:32:36.924588 7efee9b7b700 Options.max_bytes_for_level_multiplier_addtl[5]: 1
2022/06/08-16:32:36.924588 7efee9b7b700 Options.max_bytes_for_level_multiplier_addtl[6]: 1
2022/06/08-16:32:36.924589 7efee9b7b700       Options.max_sequential_skip_in_iterations: 8
2022/06/08-16:32:36.924590 7efee9b7b700                    Options.max_compaction_bytes: 1677721600
2022/06/08-16:32:36.924591 7efee9b7b700                        Options.arena_block_size: 2097152
2022/06/08-16:32:36.924592 7efee9b7b700   Options.soft_pending_compaction_bytes_limit: 68719476736
2022/06/08-16:32:36.924592 7efee9b7b700   Options.hard_pending_compaction_bytes_limit: 274877906944
2022/06/08-16:32:36.924593 7efee9b7b700       Options.rate_limit_delay_max_milliseconds: 100
2022/06/08-16:32:36.924594 7efee9b7b700                Options.disable_auto_compactions: 0
2022/06/08-16:32:36.924595 7efee9b7b700                        Options.compaction_style: kCompactionStyleUniversal
2022/06/08-16:32:36.924597 7efee9b7b700                          Options.compaction_pri: kByCompensatedSize
2022/06/08-16:32:36.924598 7efee9b7b700 Options.compaction_options_universal.size_ratio: 1
2022/06/08-16:32:36.924598 7efee9b7b700 Options.compaction_options_universal.min_merge_width: 2
2022/06/08-16:32:36.924599 7efee9b7b700 Options.compaction_options_universal.max_merge_width: 4294967295
2022/06/08-16:32:36.924600 7efee9b7b700 Options.compaction_options_universal.max_size_amplification_percent: 200
2022/06/08-16:32:36.924600 7efee9b7b700 Options.compaction_options_universal.compression_size_percent: -1
2022/06/08-16:32:36.924602 7efee9b7b700 Options.compaction_options_universal.stop_style: kCompactionStopStyleTotalSize
2022/06/08-16:32:36.924603 7efee9b7b700 Options.compaction_options_fifo.max_table_files_size: 1073741824
2022/06/08-16:32:36.924603 7efee9b7b700 Options.compaction_options_fifo.allow_compaction: 0
2022/06/08-16:32:36.924604 7efee9b7b700 Options.compaction_options_fifo.ttl: 0
2022/06/08-16:32:36.924605 7efee9b7b700                   Options.table_properties_collectors: 
2022/06/08-16:32:36.924605 7efee9b7b700                   Options.inplace_update_support: 0
2022/06/08-16:32:36.924606 7efee9b7b700                 Options.inplace_update_num_locks: 10000
2022/06/08-16:32:36.924607 7efee9b7b700               Options.memtable_prefix_bloom_size_ratio: 0.000000
2022/06/08-16:32:36.924608 7efee9b7b700   Options.memtable_huge_page_size: 0
2022/06/08-16:32:36.924609 7efee9b7b700                           Options.bloom_locality: 0
2022/06/08-16:32:36.924609 7efee9b7b700                    Options.max_successive_merges: 0
2022/06/08-16:32:36.924610 7efee9b7b700                Options.optimize_filters_for_hits: 0
2022/06/08-16:32:36.924611 7efee9b7b700                Options.paranoid_file_checks: 0
2022/06/08-16:32:36.924612 7efee9b7b700                Options.force_consistency_checks: 0
2022/06/08-16:32:36.924613 7efee9b7b700                Options.report_bg_io_stats: 0
2022/06/08-16:32:36.924614 7efee9b7b700                               Options.ttl: 0
