2022/06/10-16:39:27.410536 7f9e4017b700 RocksDB version: 5.18.4
2022/06/10-16:39:27.410594 7f9e4017b700 Git sha rocksdb_build_git_sha:
2022/06/10-16:39:27.410596 7f9e4017b700 Compile date Mar 11 2020
2022/06/10-16:39:27.410598 7f9e4017b700 DB SUMMARY
2022/06/10-16:39:27.410621 7f9e4017b700 CURRENT file:  CURRENT
2022/06/10-16:39:27.410623 7f9e4017b700 IDENTITY file:  IDENTITY
2022/06/10-16:39:27.410628 7f9e4017b700 MANIFEST file:  MANIFEST-000001 size: 13 Bytes
2022/06/10-16:39:27.410629 7f9e4017b700 SST files in /home/ANT.AMAZON.COM/stefler/Documents/university/cloud-services/WikipediaStats/src/streams/./local-streams/kafka-streams-wiki/20_2/rocksdb/hour-per-language-countPagesCreated dir, Total Num: 0, files: 
2022/06/10-16:39:27.410631 7f9e4017b700 Write Ahead Log file in /home/ANT.AMAZON.COM/stefler/Documents/university/cloud-services/WikipediaStats/src/streams/./local-streams/kafka-streams-wiki/20_2/rocksdb/hour-per-language-countPagesCreated: 000003.log size: 0 ; 
2022/06/10-16:39:27.410633 7f9e4017b700                         Options.error_if_exists: 0
2022/06/10-16:39:27.410635 7f9e4017b700                       Options.create_if_missing: 1
2022/06/10-16:39:27.410636 7f9e4017b700                         Options.paranoid_checks: 1
2022/06/10-16:39:27.410638 7f9e4017b700                                     Options.env: 0x7f9de62e6fa0
2022/06/10-16:39:27.410639 7f9e4017b700                                Options.info_log: 0x7f9de15329c0
2022/06/10-16:39:27.410640 7f9e4017b700                Options.max_file_opening_threads: 16
2022/06/10-16:39:27.410641 7f9e4017b700                              Options.statistics: (nil)
2022/06/10-16:39:27.410643 7f9e4017b700                               Options.use_fsync: 0
2022/06/10-16:39:27.410644 7f9e4017b700                       Options.max_log_file_size: 0
2022/06/10-16:39:27.410646 7f9e4017b700                  Options.max_manifest_file_size: 1073741824
2022/06/10-16:39:27.410647 7f9e4017b700                   Options.log_file_time_to_roll: 0
2022/06/10-16:39:27.410648 7f9e4017b700                       Options.keep_log_file_num: 1000
2022/06/10-16:39:27.410649 7f9e4017b700                    Options.recycle_log_file_num: 0
2022/06/10-16:39:27.410651 7f9e4017b700                         Options.allow_fallocate: 1
2022/06/10-16:39:27.410652 7f9e4017b700                        Options.allow_mmap_reads: 0
2022/06/10-16:39:27.410653 7f9e4017b700                       Options.allow_mmap_writes: 0
2022/06/10-16:39:27.410654 7f9e4017b700                        Options.use_direct_reads: 0
2022/06/10-16:39:27.410655 7f9e4017b700                        Options.use_direct_io_for_flush_and_compaction: 0
2022/06/10-16:39:27.410656 7f9e4017b700          Options.create_missing_column_families: 0
2022/06/10-16:39:27.410657 7f9e4017b700                              Options.db_log_dir: 
2022/06/10-16:39:27.410659 7f9e4017b700                                 Options.wal_dir: /home/ANT.AMAZON.COM/stefler/Documents/university/cloud-services/WikipediaStats/src/streams/./local-streams/kafka-streams-wiki/20_2/rocksdb/hour-per-language-countPagesCreated
2022/06/10-16:39:27.410660 7f9e4017b700                Options.table_cache_numshardbits: 6
2022/06/10-16:39:27.410661 7f9e4017b700                      Options.max_subcompactions: 1
2022/06/10-16:39:27.410662 7f9e4017b700                  Options.max_background_flushes: -1
2022/06/10-16:39:27.410664 7f9e4017b700                         Options.WAL_ttl_seconds: 0
2022/06/10-16:39:27.410665 7f9e4017b700                       Options.WAL_size_limit_MB: 0
2022/06/10-16:39:27.410666 7f9e4017b700             Options.manifest_preallocation_size: 4194304
2022/06/10-16:39:27.410667 7f9e4017b700                     Options.is_fd_close_on_exec: 1
2022/06/10-16:39:27.410668 7f9e4017b700                   Options.advise_random_on_open: 1
2022/06/10-16:39:27.410669 7f9e4017b700                    Options.db_write_buffer_size: 0
2022/06/10-16:39:27.410671 7f9e4017b700                    Options.write_buffer_manager: 0x7f9de153a790
2022/06/10-16:39:27.410672 7f9e4017b700         Options.access_hint_on_compaction_start: 1
2022/06/10-16:39:27.410673 7f9e4017b700  Options.new_table_reader_for_compaction_inputs: 0
2022/06/10-16:39:27.410682 7f9e4017b700           Options.random_access_max_buffer_size: 1048576
2022/06/10-16:39:27.410683 7f9e4017b700                      Options.use_adaptive_mutex: 0
2022/06/10-16:39:27.410684 7f9e4017b700                            Options.rate_limiter: (nil)
2022/06/10-16:39:27.410686 7f9e4017b700     Options.sst_file_manager.rate_bytes_per_sec: 0
2022/06/10-16:39:27.410687 7f9e4017b700                       Options.wal_recovery_mode: 2
2022/06/10-16:39:27.410688 7f9e4017b700                  Options.enable_thread_tracking: 0
2022/06/10-16:39:27.410689 7f9e4017b700                  Options.enable_pipelined_write: 0
2022/06/10-16:39:27.410690 7f9e4017b700         Options.allow_concurrent_memtable_write: 1
2022/06/10-16:39:27.410691 7f9e4017b700      Options.enable_write_thread_adaptive_yield: 1
2022/06/10-16:39:27.410692 7f9e4017b700             Options.write_thread_max_yield_usec: 100
2022/06/10-16:39:27.410693 7f9e4017b700            Options.write_thread_slow_yield_usec: 3
2022/06/10-16:39:27.410695 7f9e4017b700                               Options.row_cache: None
2022/06/10-16:39:27.410696 7f9e4017b700                              Options.wal_filter: None
2022/06/10-16:39:27.410698 7f9e4017b700             Options.avoid_flush_during_recovery: 0
2022/06/10-16:39:27.410699 7f9e4017b700             Options.allow_ingest_behind: 0
2022/06/10-16:39:27.410700 7f9e4017b700             Options.preserve_deletes: 0
2022/06/10-16:39:27.410701 7f9e4017b700             Options.two_write_queues: 0
2022/06/10-16:39:27.410702 7f9e4017b700             Options.manual_wal_flush: 0
2022/06/10-16:39:27.410703 7f9e4017b700             Options.max_background_jobs: 8
2022/06/10-16:39:27.410704 7f9e4017b700             Options.max_background_compactions: -1
2022/06/10-16:39:27.410706 7f9e4017b700             Options.avoid_flush_during_shutdown: 0
2022/06/10-16:39:27.410707 7f9e4017b700           Options.writable_file_max_buffer_size: 1048576
2022/06/10-16:39:27.410708 7f9e4017b700             Options.delayed_write_rate : 16777216
2022/06/10-16:39:27.410709 7f9e4017b700             Options.max_total_wal_size: 0
2022/06/10-16:39:27.410710 7f9e4017b700             Options.delete_obsolete_files_period_micros: 21600000000
2022/06/10-16:39:27.410711 7f9e4017b700                   Options.stats_dump_period_sec: 600
2022/06/10-16:39:27.410712 7f9e4017b700                          Options.max_open_files: -1
2022/06/10-16:39:27.410714 7f9e4017b700                          Options.bytes_per_sync: 0
2022/06/10-16:39:27.410715 7f9e4017b700                      Options.wal_bytes_per_sync: 0
2022/06/10-16:39:27.410716 7f9e4017b700       Options.compaction_readahead_size: 0
2022/06/10-16:39:27.410717 7f9e4017b700 Compression algorithms supported:
2022/06/10-16:39:27.410720 7f9e4017b700 	kZSTDNotFinalCompression supported: 1
2022/06/10-16:39:27.410723 7f9e4017b700 	kZSTD supported: 1
2022/06/10-16:39:27.410725 7f9e4017b700 	kXpressCompression supported: 0
2022/06/10-16:39:27.410727 7f9e4017b700 	kLZ4HCCompression supported: 1
2022/06/10-16:39:27.410728 7f9e4017b700 	kLZ4Compression supported: 1
2022/06/10-16:39:27.410729 7f9e4017b700 	kBZip2Compression supported: 1
2022/06/10-16:39:27.410731 7f9e4017b700 	kZlibCompression supported: 1
2022/06/10-16:39:27.410733 7f9e4017b700 	kSnappyCompression supported: 1
2022/06/10-16:39:27.410735 7f9e4017b700 Fast CRC32 supported: Not supported on x86
2022/06/10-16:39:27.411078 7f9e4017b700               Options.comparator: leveldb.BytewiseComparator
2022/06/10-16:39:27.411080 7f9e4017b700           Options.merge_operator: None
2022/06/10-16:39:27.411081 7f9e4017b700        Options.compaction_filter: None
2022/06/10-16:39:27.411082 7f9e4017b700        Options.compaction_filter_factory: None
2022/06/10-16:39:27.411083 7f9e4017b700         Options.memtable_factory: SkipListFactory
2022/06/10-16:39:27.411084 7f9e4017b700            Options.table_factory: BlockBasedTable
2022/06/10-16:39:27.411125 7f9e4017b700            table_factory options:   flush_block_policy_factory: FlushBlockBySizePolicyFactory (0x7f9de1575e40)
  cache_index_and_filter_blocks: 0
  cache_index_and_filter_blocks_with_high_priority: 0
  pin_l0_filter_and_index_blocks_in_cache: 0
  pin_top_level_index_and_filter: 1
  index_type: 0
  hash_index_allow_collision: 1
  checksum: 1
  no_block_cache: 0
  block_cache: 0x7f9de14a7550
  block_cache_name: LRUCache
  block_cache_options:
    capacity : 52428800
    num_shard_bits : 6
    strict_capacity_limit : 0
    memory_allocator : None
    high_pri_pool_ratio: 0.000
  block_cache_compressed: (nil)
  persistent_cache: (nil)
  block_size: 4096
  block_size_deviation: 10
  block_restart_interval: 16
  index_block_restart_interval: 1
  metadata_block_size: 4096
  partition_filters: 0
  use_delta_encoding: 1
  filter_policy: rocksdb.BuiltinBloomFilter
  whole_key_filtering: 1
  verify_compression: 0
  read_amp_bytes_per_bit: 0
  format_version: 0
  enable_index_compression: 1
  block_align: 0
2022/06/10-16:39:27.411138 7f9e4017b700        Options.write_buffer_size: 16777216
2022/06/10-16:39:27.411139 7f9e4017b700  Options.max_write_buffer_number: 3
2022/06/10-16:39:27.411141 7f9e4017b700          Options.compression: NoCompression
2022/06/10-16:39:27.411142 7f9e4017b700                  Options.bottommost_compression: Disabled
2022/06/10-16:39:27.411143 7f9e4017b700       Options.prefix_extractor: nullptr
2022/06/10-16:39:27.411144 7f9e4017b700   Options.memtable_insert_with_hint_prefix_extractor: nullptr
2022/06/10-16:39:27.411145 7f9e4017b700             Options.num_levels: 7
2022/06/10-16:39:27.411146 7f9e4017b700        Options.min_write_buffer_number_to_merge: 1
2022/06/10-16:39:27.411147 7f9e4017b700     Options.max_write_buffer_number_to_maintain: 0
2022/06/10-16:39:27.411148 7f9e4017b700            Options.bottommost_compression_opts.window_bits: -14
2022/06/10-16:39:27.411149 7f9e4017b700                  Options.bottommost_compression_opts.level: 32767
2022/06/10-16:39:27.411149 7f9e4017b700               Options.bottommost_compression_opts.strategy: 0
2022/06/10-16:39:27.411150 7f9e4017b700         Options.bottommost_compression_opts.max_dict_bytes: 0
2022/06/10-16:39:27.411151 7f9e4017b700         Options.bottommost_compression_opts.zstd_max_train_bytes: 0
2022/06/10-16:39:27.411152 7f9e4017b700                  Options.bottommost_compression_opts.enabled: false
2022/06/10-16:39:27.411153 7f9e4017b700            Options.compression_opts.window_bits: -14
2022/06/10-16:39:27.411155 7f9e4017b700                  Options.compression_opts.level: 32767
2022/06/10-16:39:27.411155 7f9e4017b700               Options.compression_opts.strategy: 0
2022/06/10-16:39:27.411156 7f9e4017b700         Options.compression_opts.max_dict_bytes: 0
2022/06/10-16:39:27.411157 7f9e4017b700         Options.compression_opts.zstd_max_train_bytes: 0
2022/06/10-16:39:27.411158 7f9e4017b700                  Options.compression_opts.enabled: false
2022/06/10-16:39:27.411159 7f9e4017b700      Options.level0_file_num_compaction_trigger: 4
2022/06/10-16:39:27.411160 7f9e4017b700          Options.level0_slowdown_writes_trigger: 20
2022/06/10-16:39:27.411161 7f9e4017b700              Options.level0_stop_writes_trigger: 36
2022/06/10-16:39:27.411162 7f9e4017b700                   Options.target_file_size_base: 67108864
2022/06/10-16:39:27.411163 7f9e4017b700             Options.target_file_size_multiplier: 1
2022/06/10-16:39:27.411165 7f9e4017b700                Options.max_bytes_for_level_base: 268435456
2022/06/10-16:39:27.411166 7f9e4017b700 Options.level_compaction_dynamic_level_bytes: 0
2022/06/10-16:39:27.411167 7f9e4017b700          Options.max_bytes_for_level_multiplier: 10.000000
2022/06/10-16:39:27.411171 7f9e4017b700 Options.max_bytes_for_level_multiplier_addtl[0]: 1
2022/06/10-16:39:27.411172 7f9e4017b700 Options.max_bytes_for_level_multiplier_addtl[1]: 1
2022/06/10-16:39:27.411173 7f9e4017b700 Options.max_bytes_for_level_multiplier_addtl[2]: 1
2022/06/10-16:39:27.411174 7f9e4017b700 Options.max_bytes_for_level_multiplier_addtl[3]: 1
2022/06/10-16:39:27.411175 7f9e4017b700 Options.max_bytes_for_level_multiplier_addtl[4]: 1
2022/06/10-16:39:27.411181 7f9e4017b700 Options.max_bytes_for_level_multiplier_addtl[5]: 1
2022/06/10-16:39:27.411182 7f9e4017b700 Options.max_bytes_for_level_multiplier_addtl[6]: 1
2022/06/10-16:39:27.411182 7f9e4017b700       Options.max_sequential_skip_in_iterations: 8
2022/06/10-16:39:27.411183 7f9e4017b700                    Options.max_compaction_bytes: 1677721600
2022/06/10-16:39:27.411184 7f9e4017b700                        Options.arena_block_size: 2097152
2022/06/10-16:39:27.411185 7f9e4017b700   Options.soft_pending_compaction_bytes_limit: 68719476736
2022/06/10-16:39:27.411186 7f9e4017b700   Options.hard_pending_compaction_bytes_limit: 274877906944
2022/06/10-16:39:27.411187 7f9e4017b700       Options.rate_limit_delay_max_milliseconds: 100
2022/06/10-16:39:27.411188 7f9e4017b700                Options.disable_auto_compactions: 0
2022/06/10-16:39:27.411190 7f9e4017b700                        Options.compaction_style: kCompactionStyleUniversal
2022/06/10-16:39:27.411192 7f9e4017b700                          Options.compaction_pri: kByCompensatedSize
2022/06/10-16:39:27.411193 7f9e4017b700 Options.compaction_options_universal.size_ratio: 1
2022/06/10-16:39:27.411193 7f9e4017b700 Options.compaction_options_universal.min_merge_width: 2
2022/06/10-16:39:27.411194 7f9e4017b700 Options.compaction_options_universal.max_merge_width: 4294967295
2022/06/10-16:39:27.411195 7f9e4017b700 Options.compaction_options_universal.max_size_amplification_percent: 200
2022/06/10-16:39:27.411196 7f9e4017b700 Options.compaction_options_universal.compression_size_percent: -1
2022/06/10-16:39:27.411198 7f9e4017b700 Options.compaction_options_universal.stop_style: kCompactionStopStyleTotalSize
2022/06/10-16:39:27.411199 7f9e4017b700 Options.compaction_options_fifo.max_table_files_size: 1073741824
2022/06/10-16:39:27.411199 7f9e4017b700 Options.compaction_options_fifo.allow_compaction: 0
2022/06/10-16:39:27.411200 7f9e4017b700 Options.compaction_options_fifo.ttl: 0
2022/06/10-16:39:27.411201 7f9e4017b700                   Options.table_properties_collectors: 
2022/06/10-16:39:27.411202 7f9e4017b700                   Options.inplace_update_support: 0
2022/06/10-16:39:27.411203 7f9e4017b700                 Options.inplace_update_num_locks: 10000
2022/06/10-16:39:27.411205 7f9e4017b700               Options.memtable_prefix_bloom_size_ratio: 0.000000
2022/06/10-16:39:27.411206 7f9e4017b700   Options.memtable_huge_page_size: 0
2022/06/10-16:39:27.411207 7f9e4017b700                           Options.bloom_locality: 0
2022/06/10-16:39:27.411208 7f9e4017b700                    Options.max_successive_merges: 0
2022/06/10-16:39:27.411209 7f9e4017b700                Options.optimize_filters_for_hits: 0
2022/06/10-16:39:27.411210 7f9e4017b700                Options.paranoid_file_checks: 0
2022/06/10-16:39:27.411211 7f9e4017b700                Options.force_consistency_checks: 0
2022/06/10-16:39:27.411212 7f9e4017b700                Options.report_bg_io_stats: 0
2022/06/10-16:39:27.411213 7f9e4017b700                               Options.ttl: 0
2022/06/10-16:39:27.457912 7f9e4017b700               Options.comparator: leveldb.BytewiseComparator
2022/06/10-16:39:27.457928 7f9e4017b700           Options.merge_operator: None
2022/06/10-16:39:27.457929 7f9e4017b700        Options.compaction_filter: None
2022/06/10-16:39:27.457930 7f9e4017b700        Options.compaction_filter_factory: None
2022/06/10-16:39:27.457931 7f9e4017b700         Options.memtable_factory: SkipListFactory
2022/06/10-16:39:27.457932 7f9e4017b700            Options.table_factory: BlockBasedTable
2022/06/10-16:39:27.457993 7f9e4017b700            table_factory options:   flush_block_policy_factory: FlushBlockBySizePolicyFactory (0x7f9de1575e40)
  cache_index_and_filter_blocks: 0
  cache_index_and_filter_blocks_with_high_priority: 0
  pin_l0_filter_and_index_blocks_in_cache: 0
  pin_top_level_index_and_filter: 1
  index_type: 0
  hash_index_allow_collision: 1
  checksum: 1
  no_block_cache: 0
  block_cache: 0x7f9de14a7550
  block_cache_name: LRUCache
  block_cache_options:
    capacity : 52428800
    num_shard_bits : 6
    strict_capacity_limit : 0
    memory_allocator : None
    high_pri_pool_ratio: 0.000
  block_cache_compressed: (nil)
  persistent_cache: (nil)
  block_size: 4096
  block_size_deviation: 10
  block_restart_interval: 16
  index_block_restart_interval: 1
  metadata_block_size: 4096
  partition_filters: 0
  use_delta_encoding: 1
  filter_policy: rocksdb.BuiltinBloomFilter
  whole_key_filtering: 1
  verify_compression: 0
  read_amp_bytes_per_bit: 0
  format_version: 0
  enable_index_compression: 1
  block_align: 0
2022/06/10-16:39:27.457995 7f9e4017b700        Options.write_buffer_size: 16777216
2022/06/10-16:39:27.457996 7f9e4017b700  Options.max_write_buffer_number: 3
2022/06/10-16:39:27.457998 7f9e4017b700          Options.compression: NoCompression
2022/06/10-16:39:27.457999 7f9e4017b700                  Options.bottommost_compression: Disabled
2022/06/10-16:39:27.458000 7f9e4017b700       Options.prefix_extractor: nullptr
2022/06/10-16:39:27.458001 7f9e4017b700   Options.memtable_insert_with_hint_prefix_extractor: nullptr
2022/06/10-16:39:27.458002 7f9e4017b700             Options.num_levels: 7
2022/06/10-16:39:27.458003 7f9e4017b700        Options.min_write_buffer_number_to_merge: 1
2022/06/10-16:39:27.458004 7f9e4017b700     Options.max_write_buffer_number_to_maintain: 0
2022/06/10-16:39:27.458005 7f9e4017b700            Options.bottommost_compression_opts.window_bits: -14
2022/06/10-16:39:27.458006 7f9e4017b700                  Options.bottommost_compression_opts.level: 32767
2022/06/10-16:39:27.458031 7f9e4017b700               Options.bottommost_compression_opts.strategy: 0
2022/06/10-16:39:27.458032 7f9e4017b700         Options.bottommost_compression_opts.max_dict_bytes: 0
2022/06/10-16:39:27.458033 7f9e4017b700         Options.bottommost_compression_opts.zstd_max_train_bytes: 0
2022/06/10-16:39:27.458034 7f9e4017b700                  Options.bottommost_compression_opts.enabled: false
2022/06/10-16:39:27.458035 7f9e4017b700            Options.compression_opts.window_bits: -14
2022/06/10-16:39:27.458036 7f9e4017b700                  Options.compression_opts.level: 32767
2022/06/10-16:39:27.458037 7f9e4017b700               Options.compression_opts.strategy: 0
2022/06/10-16:39:27.458038 7f9e4017b700         Options.compression_opts.max_dict_bytes: 0
2022/06/10-16:39:27.458039 7f9e4017b700         Options.compression_opts.zstd_max_train_bytes: 0
2022/06/10-16:39:27.458040 7f9e4017b700                  Options.compression_opts.enabled: false
2022/06/10-16:39:27.458041 7f9e4017b700      Options.level0_file_num_compaction_trigger: 4
2022/06/10-16:39:27.458042 7f9e4017b700          Options.level0_slowdown_writes_trigger: 20
2022/06/10-16:39:27.458043 7f9e4017b700              Options.level0_stop_writes_trigger: 36
2022/06/10-16:39:27.458044 7f9e4017b700                   Options.target_file_size_base: 67108864
2022/06/10-16:39:27.458044 7f9e4017b700             Options.target_file_size_multiplier: 1
2022/06/10-16:39:27.458045 7f9e4017b700                Options.max_bytes_for_level