2022/06/10-16:39:27.768289 7f9e4017b700 RocksDB version: 5.18.4
2022/06/10-16:39:27.768326 7f9e4017b700 Git sha rocksdb_build_git_sha:
2022/06/10-16:39:27.768328 7f9e4017b700 Compile date Mar 11 2020
2022/06/10-16:39:27.768329 7f9e4017b700 DB SUMMARY
2022/06/10-16:39:27.768352 7f9e4017b700 CURRENT file:  CURRENT
2022/06/10-16:39:27.768353 7f9e4017b700 IDENTITY file:  IDENTITY
2022/06/10-16:39:27.768357 7f9e4017b700 MANIFEST file:  MANIFEST-000001 size: 13 Bytes
2022/06/10-16:39:27.768359 7f9e4017b700 SST files in /home/ANT.AMAZON.COM/stefler/Documents/university/cloud-services/WikipediaStats/src/streams/./local-streams/kafka-streams-wiki/22_3/rocksdb/week-per-language-countPagesModified dir, Total Num: 0, files: 
2022/06/10-16:39:27.768361 7f9e4017b700 Write Ahead Log file in /home/ANT.AMAZON.COM/stefler/Documents/university/cloud-services/WikipediaStats/src/streams/./local-streams/kafka-streams-wiki/22_3/rocksdb/week-per-language-countPagesModified: 000003.log size: 0 ; 
2022/06/10-16:39:27.768363 7f9e4017b700                         Options.error_if_exists: 0
2022/06/10-16:39:27.768365 7f9e4017b700                       Options.create_if_missing: 1
2022/06/10-16:39:27.768366 7f9e4017b700                         Options.paranoid_checks: 1
2022/06/10-16:39:27.768367 7f9e4017b700                                     Options.env: 0x7f9de62e6fa0
2022/06/10-16:39:27.768368 7f9e4017b700                                Options.info_log: 0x7f9de17876f0
2022/06/10-16:39:27.768369 7f9e4017b700                Options.max_file_opening_threads: 16
2022/06/10-16:39:27.768371 7f9e4017b700                              Options.statistics: (nil)
2022/06/10-16:39:27.768372 7f9e4017b700                               Options.use_fsync: 0
2022/06/10-16:39:27.768373 7f9e4017b700                       Options.max_log_file_size: 0
2022/06/10-16:39:27.768374 7f9e4017b700                  Options.max_manifest_file_size: 1073741824
2022/06/10-16:39:27.768375 7f9e4017b700                   Options.log_file_time_to_roll: 0
2022/06/10-16:39:27.768376 7f9e4017b700                       Options.keep_log_file_num: 1000
2022/06/10-16:39:27.768377 7f9e4017b700                    Options.recycle_log_file_num: 0
2022/06/10-16:39:27.768378 7f9e4017b700                         Options.allow_fallocate: 1
2022/06/10-16:39:27.768379 7f9e4017b700                        Options.allow_mmap_reads: 0
2022/06/10-16:39:27.768380 7f9e4017b700                       Options.allow_mmap_writes: 0
2022/06/10-16:39:27.768381 7f9e4017b700                        Options.use_direct_reads: 0
2022/06/10-16:39:27.768382 7f9e4017b700                        Options.use_direct_io_for_flush_and_compaction: 0
2022/06/10-16:39:27.768383 7f9e4017b700          Options.create_missing_column_families: 0
2022/06/10-16:39:27.768384 7f9e4017b700                              Options.db_log_dir: 
2022/06/10-16:39:27.768385 7f9e4017b700                                 Options.wal_dir: /home/ANT.AMAZON.COM/stefler/Documents/university/cloud-services/WikipediaStats/src/streams/./local-streams/kafka-streams-wiki/22_3/rocksdb/week-per-language-countPagesModified
2022/06/10-16:39:27.768386 7f9e4017b700                Options.table_cache_numshardbits: 6
2022/06/10-16:39:27.768387 7f9e4017b700                      Options.max_subcompactions: 1
2022/06/10-16:39:27.768388 7f9e4017b700                  Options.max_background_flushes: -1
2022/06/10-16:39:27.768390 7f9e4017b700                         Options.WAL_ttl_seconds: 0
2022/06/10-16:39:27.768391 7f9e4017b700                       Options.WAL_size_limit_MB: 0
2022/06/10-16:39:27.768392 7f9e4017b700             Options.manifest_preallocation_size: 4194304
2022/06/10-16:39:27.768393 7f9e4017b700                     Options.is_fd_close_on_exec: 1
2022/06/10-16:39:27.768394 7f9e4017b700                   Options.advise_random_on_open: 1
2022/06/10-16:39:27.768395 7f9e4017b700                    Options.db_write_buffer_size: 0
2022/06/10-16:39:27.768396 7f9e4017b700                    Options.write_buffer_manager: 0x7f9de17e1570
2022/06/10-16:39:27.768398 7f9e4017b700         Options.access_hint_on_compaction_start: 1
2022/06/10-16:39:27.768399 7f9e4017b700  Options.new_table_reader_for_compaction_inputs: 0
2022/06/10-16:39:27.768405 7f9e4017b700           Options.random_access_max_buffer_size: 1048576
2022/06/10-16:39:27.768406 7f9e4017b700                      Options.use_adaptive_mutex: 0
2022/06/10-16:39:27.768407 7f9e4017b700                            Options.rate_limiter: (nil)
2022/06/10-16:39:27.768409 7f9e4017b700     Options.sst_file_manager.rate_bytes_per_sec: 0
2022/06/10-16:39:27.768410 7f9e4017b700                       Options.wal_recovery_mode: 2
2022/06/10-16:39:27.768411 7f9e4017b700                  Options.enable_thread_tracking: 0
2022/06/10-16:39:27.768412 7f9e4017b700                  Options.enable_pipelined_write: 0
2022/06/10-16:39:27.768413 7f9e4017b700         Options.allow_concurrent_memtable_write: 1
2022/06/10-16:39:27.768414 7f9e4017b700      Options.enable_write_thread_adaptive_yield: 1
2022/06/10-16:39:27.768415 7f9e4017b700             Options.write_thread_max_yield_usec: 100
2022/06/10-16:39:27.768416 7f9e4017b700            Options.write_thread_slow_yield_usec: 3
2022/06/10-16:39:27.768417 7f9e4017b700                               Options.row_cache: None
2022/06/10-16:39:27.768418 7f9e4017b700                              Options.wal_filter: None
2022/06/10-16:39:27.768420 7f9e4017b700             Options.avoid_flush_during_recovery: 0
2022/06/10-16:39:27.768420 7f9e4017b700             Options.allow_ingest_behind: 0
2022/06/10-16:39:27.768421 7f9e4017b700             Options.preserve_deletes: 0
2022/06/10-16:39:27.768423 7f9e4017b700             Options.two_write_queues: 0
2022/06/10-16:39:27.768424 7f9e4017b700             Options.manual_wal_flush: 0
2022/06/10-16:39:27.768425 7f9e4017b700             Options.max_background_jobs: 8
2022/06/10-16:39:27.768426 7f9e4017b700             Options.max_background_compactions: -1
2022/06/10-16:39:27.768427 7f9e4017b700             Options.avoid_flush_during_shutdown: 0
2022/06/10-16:39:27.768428 7f9e4017b700           Options.writable_file_max_buffer_size: 1048576
2022/06/10-16:39:27.768429 7f9e4017b700             Options.delayed_write_rate : 16777216
2022/06/10-16:39:27.768430 7f9e4017b700             Options.max_total_wal_size: 0
2022/06/10-16:39:27.768432 7f9e4017b700             Options.delete_obsolete_files_period_micros: 21600000000
2022/06/10-16:39:27.768433 7f9e4017b700                   Options.stats_dump_period_sec: 600
2022/06/10-16:39:27.768434 7f9e4017b700                          Options.max_open_files: -1
2022/06/10-16:39:27.768435 7f9e4017b700                          Options.bytes_per_sync: 0
2022/06/10-16:39:27.768436 7f9e4017b700                      Options.wal_bytes_per_sync: 0
2022/06/10-16:39:27.768437 7f9e4017b700       Options.compaction_readahead_size: 0
2022/06/10-16:39:27.768438 7f9e4017b700 Compression algorithms supported:
2022/06/10-16:39:27.768439 7f9e4017b700 	kZSTDNotFinalCompression supported: 1
2022/06/10-16:39:27.768441 7f9e4017b700 	kZSTD supported: 1
2022/06/10-16:39:27.768442 7f9e4017b700 	kXpressCompression supported: 0
2022/06/10-16:39:27.768444 7f9e4017b700 	kLZ4HCCompression supported: 1
2022/06/10-16:39:27.768445 7f9e4017b700 	kLZ4Compression supported: 1
2022/06/10-16:39:27.768446 7f9e4017b700 	kBZip2Compression supported: 1
2022/06/10-16:39:27.768447 7f9e4017b700 	kZlibCompression supported: 1
2022/06/10-16:39:27.768448 7f9e4017b700 	kSnappyCompression supported: 1
2022/06/10-16:39:27.768450 7f9e4017b700 Fast CRC32 supported: Not supported on x86
2022/06/10-16:39:27.768589 7f9e4017b700               Options.comparator: leveldb.BytewiseComparator
2022/06/10-16:39:27.768591 7f9e4017b700           Options.merge_operator: None
2022/06/10-16:39:27.768592 7f9e4017b700        Options.compaction_filter: None
2022/06/10-16:39:27.768593 7f9e4017b700        Options.compaction_filter_factory: None
2022/06/10-16:39:27.768594 7f9e4017b700         Options.memtable_factory: SkipListFactory
2022/06/10-16:39:27.768595 7f9e4017b700            Options.table_factory: BlockBasedTable
2022/06/10-16:39:27.768622 7f9e4017b700            table_factory options:   flush_block_policy_factory: FlushBlockBySizePolicyFactory (0x7f9de17dd940)
  cache_index_and_filter_blocks: 0
  cache_index_and_filter_blocks_with_high_priority: 0
  pin_l0_filter_and_index_blocks_in_cache: 0
  pin_top_level_index_and_filter: 1
  index_type: 0
  hash_index_allow_collision: 1
  checksum: 1
  no_block_cache: 0
  block_cache: 0x7f9de178a4c0
  block_cache_name: LRUCache
  block_cache_options:
    capacity : 52428800
    num_shard_bits : 6
    strict_capacity_limit : 0
    memory_allocator : None
    high_pri_pool_ratio: 0.000
  block_cache_compressed: (nil)
  persistent_cache: (nil)
  block_size: 4096
  block_size_deviation: 10
  block_restart_interval: 16
  index_block_restart_interval: 1
  metadata_block_size: 4096
  partition_filters: 0
  use_delta_encoding: 1
  filter_policy: rocksdb.BuiltinBloomFilter
  whole_key_filtering: 1
  verify_compression: 0
  read_amp_bytes_per_bit: 0
  format_version: 0
  enable_index_compression: 1
  block_align: 0
2022/06/10-16:39:27.768630 7f9e4017b700        Options.write_buffer_size: 16777216
2022/06/10-16:39:27.768632 7f9e4017b700  Options.max_write_buffer_number: 3
2022/06/10-16:39:27.768633 7f9e4017b700          Options.compression: NoCompression
2022/06/10-16:39:27.768634 7f9e4017b700                  Options.bottommost_compression: Disabled
2022/06/10-16:39:27.768635 7f9e4017b700       Options.prefix_extractor: nullptr
2022/06/10-16:39:27.768636 7f9e4017b700   Options.memtable_insert_with_hint_prefix_extractor: nullptr
2022/06/10-16:39:27.768637 7f9e4017b700             Options.num_levels: 7
2022/06/10-16:39:27.768638 7f9e4017b700        Options.min_write_buffer_number_to_merge: 1
2022/06/10-16:39:27.768639 7f9e4017b700     Options.max_write_buffer_number_to_maintain: 0
2022/06/10-16:39:27.768640 7f9e4017b700            Options.bottommost_compression_opts.window_bits: -14
2022/06/10-16:39:27.768641 7f9e4017b700                  Options.bottommost_compression_opts.level: 32767
2022/06/10-16:39:27.768642 7f9e4017b700               Options.bottommost_compression_opts.strategy: 0
2022/06/10-16:39:27.768643 7f9e4017b700         Options.bottommost_compression_opts.max_dict_bytes: 0
2022/06/10-16:39:27.768644 7f9e4017b700         Options.bottommost_compression_opts.zstd_max_train_bytes: 0
2022/06/10-16:39:27.768645 7f9e4017b700                  Options.bottommost_compression_opts.enabled: false
2022/06/10-16:39:27.768646 7f9e4017b700            Options.compression_opts.window_bits: -14
2022/06/10-16:39:27.768648 7f9e4017b700                  Options.compression_opts.level: 32767
2022/06/10-16:39:27.768649 7f9e4017b700               Options.compression_opts.strategy: 0
2022/06/10-16:39:27.768650 7f9e4017b700         Options.compression_opts.max_dict_bytes: 0
2022/06/10-16:39:27.768651 7f9e4017b700         Options.compression_opts.zstd_max_train_bytes: 0
2022/06/10-16:39:27.768652 7f9e4017b700                  Options.compression_opts.enabled: false
2022/06/10-16:39:27.768653 7f9e4017b700      Options.level0_file_num_compaction_trigger: 4
2022/06/10-16:39:27.768654 7f9e4017b700          Options.level0_slowdown_writes_trigger: 20
2022/06/10-16:39:27.768654 7f9e4017b700              Options.level0_stop_writes_trigger: 36
2022/06/10-16:39:27.768656 7f9e4017b700                   Options.target_file_size_base: 67108864
2022/06/10-16:39:27.768656 7f9e4017b700             Options.target_file_size_multiplier: 1
2022/06/10-16:39:27.768657 7f9e4017b700                Options.max_bytes_for_level_base: 268435456
2022/06/10-16:39:27.768659 7f9e4017b700 Options.level_compaction_dynamic_level_bytes: 0
2022/06/10-16:39:27.768659 7f9e4017b700          Options.max_bytes_for_level_multiplier: 10.000000
2022/06/10-16:39:27.768662 7f9e4017b700 Options.max_bytes_for_level_multiplier_addtl[0]: 1
2022/06/10-16:39:27.768663 7f9e4017b700 Options.max_bytes_for_level_multiplier_addtl[1]: 1
2022/06/10-16:39:27.768664 7f9e4017b700 Options.max_bytes_for_level_multiplier_addtl[2]: 1
2022/06/10-16:39:27.768665 7f9e4017b700 Options.max_bytes_for_level_multiplier_addtl[3]: 1
2022/06/10-16:39:27.768666 7f9e4017b700 Options.max_bytes_for_level_multiplier_addtl[4]: 1
2022/06/10-16:39:27.768671 7f9e4017b700 Options.max_bytes_for_level_multiplier_addtl[5]: 1
2022/06/10-16:39:27.768672 7f9e4017b700 Options.max_bytes_for_level_multiplier_addtl[6]: 1
2022/06/10-16:39:27.768673 7f9e4017b700       Options.max_sequential_skip_in_iterations: 8
2022/06/10-16:39:27.768674 7f9e4017b700                    Options.max_compaction_bytes: 1677721600
2022/06/10-16:39:27.768676 7f9e4017b700                        Options.arena_block_size: 2097152
2022/06/10-16:39:27.768677 7f9e4017b700   Options.soft_pending_compaction_bytes_limit: 68719476736
2022/06/10-16:39:27.768678 7f9e4017b700   Options.hard_pending_compaction_bytes_limit: 274877906944
2022/06/10-16:39:27.768679 7f9e4017b700       Options.rate_limit_delay_max_milliseconds: 100
2022/06/10-16:39:27.768680 7f9e4017b700                Options.disable_auto_compactions: 0
2022/06/10-16:39:27.768681 7f9e4017b700                        Options.compaction_style: kCompactionStyleUniversal
2022/06/10-16:39:27.768683 7f9e4017b700                          Options.compaction_pri: kByCompensatedSize
2022/06/10-16:39:27.768684 7f9e4017b700 Options.compaction_options_universal.size_ratio: 1
2022/06/10-16:39:27.768685 7f9e4017b700 Options.compaction_options_universal.min_merge_width: 2
2022/06/10-16:39:27.768686 7f9e4017b700 Options.compaction_options_universal.max_merge_width: 4294967295
2022/06/10-16:39:27.768687 7f9e4017b700 Options.compaction_options_universal.max_size_amplification_percent: 200
2022/06/10-16:39:27.768688 7f9e4017b700 Options.compaction_options_universal.compression_size_percent: -1
2022/06/10-16:39:27.768690 7f9e4017b700 Options.compaction_options_universal.stop_style: kCompactionStopStyleTotalSize
2022/06/10-16:39:27.768691 7f9e4017b700 Options.compaction_options_fifo.max_table_files_size: 1073741824
2022/06/10-16:39:27.768692 7f9e4017b700 Options.compaction_options_fifo.allow_compaction: 0
2022/06/10-16:39:27.768693 7f9e4017b700 Options.compaction_options_fifo.ttl: 0
2022/06/10-16:39:27.768694 7f9e4017b700                   Options.table_properties_collectors: 
2022/06/10-16:39:27.768695 7f9e4017b700                   Options.inplace_update_support: 0
2022/06/10-16:39:27.768696 7f9e4017b700                 Options.inplace_update_num_locks: 10000
2022/06/10-16:39:27.768698 7f9e4017b700               Options.memtable_prefix_bloom_size_ratio: 0.000000
2022/06/10-16:39:27.768699 7f9e4017b700   Options.memtable_huge_page_size: 0
2022/06/10-16:39:27.768700 7f9e4017b700                           Options.bloom_locality: 0
2022/06/10-16:39:27.768701 7f9e4017b700                    Options.max_successive_merges: 0
2022/06/10-16:39:27.768702 7f9e4017b700                Options.optimize_filters_for_hits: 0
2022/06/10-16:39:27.768704 7f9e4017b700                Options.paranoid_file_checks: 0
2022/06/10-16:39:27.768705 7f9e4017b700                Options.force_consistency_checks: 0
2022/06/10-16:39:27.768706 7f9e4017b700                Options.report_bg_io_stats: 0
2022/06/10-16:39:27.768707 7f9e4017b700                               Options.ttl: 0
2022/06/10-16:39:27.780493 7f9e4017b700               Options.comparator: leveldb.BytewiseComparator
2022/06/10-16:39:27.780501 7f9e4017b700           Options.merge_operator: None
2022/06/10-16:39:27.780502 7f9e4017b700        Options.compaction_filter: None
2022/06/10-16:39:27.780503 7f9e4017b700        Options.compaction_filter_factory: None
2022/06/10-16:39:27.780504 7f9e4017b700         Options.memtable_factory: SkipListFactory
2022/06/10-16:39:27.780504 7f9e4017b700            Options.table_factory: BlockBasedTable
2022/06/10-16:39:27.780531 7f9e4017b700            table_factory options:   flush_block_policy_factory: FlushBlockBySizePolicyFactory (0x7f9de17dd940)
  cache_index_and_filter_blocks: 0
  cache_index_and_filter_blocks_with_high_priority: 0
  pin_l0_filter_and_index_blocks_in_cache: 0
  pin_top_level_index_and_filter: 1
  index_type: 0
  hash_index_allow_collision: 1
  checksum: 1
  no_block_cache: 0
  block_cache: 0x7f9de178a4c0
  block_cache_name: LRUCache
  block_cache_options:
    capacity : 52428800
    num_shard_bits : 6
    strict_capacity_limit : 0
    memory_allocator : None
    high_pri_pool_ratio: 0.000
  block_cache_compressed: (nil)
  persistent_cache: (nil)
  block_size: 4096
  block_size_deviation: 10
  block_restart_interval: 16
  index_block_restart_interval: 1
  metadata_block_size: 4096
  partition_filters: 0
  use_delta_encoding: 1
  filter_policy: rocksdb.BuiltinBloomFilter
  whole_key_filtering: 1
  verify_compression: 0
  read_amp_bytes_per_bit: 0
  format_version: 0
  enable_index_compression: 1
  block_align: 0
2022/06/10-16:39:27.780533 7f9e4017b700        Options.write_buffer_size: 16777216
2022/06/10-16:39:27.780533 7f9e4017b700  Options.max_write_buffer_number: 3
2022/06/10-16:39:27.780535 7f9e4017b700          Options.compression: NoCompression
2022/06/10-16:39:27.780535 7f9e4017b700                  Options.bottommost_compression: Disabled
2022/06/10-16:39:27.780536 7f9e4017b700       Options.prefix_extractor: nullptr
2022/06/10-16:39:27.780537 7f9e4017b700   Options.memtable_insert_with_hint_prefix_extractor: nullptr
2022/06/10-16:39:27.780537 7f9e4017b700             Options.num_levels: 7
2022/06/10-16:39:27.780538 7f9e4017b700        Options.min_write_buffer_number_to_merge: 1
2022/06/10-16:39:27.780539 7f9e4017b700     Options.max_write_buffer_number_to_maintain: 0
2022/06/10-16:39:27.780539 7f9e4017b700            Options.bottommost_compression_opts.window_bits: -14
2022/06/10-16:39:27.780540 7f9e4017b700                  Options.bottommost_compression_opts.level: 32767
2022/06/10-16:39:27.780540 7f9e4017b700               Options.bottommost_compression_opts.strategy: 0
2022/06/10-16:39:27.780541 7f9e4017b700         Options.bottommost_compression_opts.max_dict_bytes: 0
2022/06/10-16:39:27.780542 7f9e4017b700         Options.bottommost_compression_opts.zstd_max_train_bytes: 0
2022/06/10-16:39:27.780542 7f9e4017b700                  Options.bottommost_compression_opts.enabled: false
2022/06/10-16:39:27.780543 7f9e4017b700            Options.compression_opts.window_bits: -14
2022/06/10-16:39:27.780544 7f9e4017b700                  Options.compression_opts.level: 32767
2022/06/10-16:39:27.780544 7f9e4017b700               Options.compression_opts.strategy: 0
2022/06/10-16:39:27.780545 7f9e4017b700         Options.compression_opts.max_dict_bytes: 0
2022/06/10-16:39:27.780545 7f9e4017b700         Options.compression_opts.zstd_max_train_bytes: 0
2022/06/10-16:39:27.780546 7f9e4017b700                  Options.compression_opts.enabled: false
2022/06/10-16:39:27.780546 7f9e4017b700      Options.level0_file_num_compaction_trigger: 4
2022/06/10-16:39:27.780547 7f9e4017b700          Options.level0_slowdown_writes_trigger: 20
2022/06/10-16:39:27.780548 7f9e4017b700              Options.level0_stop_writes_trigger: 36
2022/06/10-16:39:27.780548 7f9e4017b700                   Options.target_file_size_base: 67108864
2022/06/10-16:39:27.780549 7f9e4017b700             Options.target_file_size_multiplier: 1
2022/06/10-16:39:27.780549 7f9e4017b700                Options.max_bytes_for_level