2022/06/15-23:21:41.919189 7f6aa6179700 RocksDB version: 5.18.4
2022/06/15-23:21:41.919205 7f6aa6179700 Git sha rocksdb_build_git_sha:
2022/06/15-23:21:41.919205 7f6aa6179700 Compile date Mar 11 2020
2022/06/15-23:21:41.919206 7f6aa6179700 DB SUMMARY
2022/06/15-23:21:41.919215 7f6aa6179700 CURRENT file:  CURRENT
2022/06/15-23:21:41.919215 7f6aa6179700 IDENTITY file:  IDENTITY
2022/06/15-23:21:41.919217 7f6aa6179700 MANIFEST file:  MANIFEST-000001 size: 13 Bytes
2022/06/15-23:21:41.919218 7f6aa6179700 SST files in /home/ANT.AMAZON.COM/stefler/Documents/university/cloud-services/WikipediaStats/src/streams2/./local/kafka-streams-wiki/0_0/rocksdb/year-count-pages-create dir, Total Num: 0, files: 
2022/06/15-23:21:41.919218 7f6aa6179700 Write Ahead Log file in /home/ANT.AMAZON.COM/stefler/Documents/university/cloud-services/WikipediaStats/src/streams2/./local/kafka-streams-wiki/0_0/rocksdb/year-count-pages-create: 000003.log size: 0 ; 
2022/06/15-23:21:41.919219 7f6aa6179700                         Options.error_if_exists: 0
2022/06/15-23:21:41.919219 7f6aa6179700                       Options.create_if_missing: 1
2022/06/15-23:21:41.919220 7f6aa6179700                         Options.paranoid_checks: 1
2022/06/15-23:21:41.919220 7f6aa6179700                                     Options.env: 0x7f6aa4b63fa0
2022/06/15-23:21:41.919221 7f6aa6179700                                Options.info_log: 0x7f6a58366fb0
2022/06/15-23:21:41.919221 7f6aa6179700                Options.max_file_opening_threads: 16
2022/06/15-23:21:41.919222 7f6aa6179700                              Options.statistics: (nil)
2022/06/15-23:21:41.919222 7f6aa6179700                               Options.use_fsync: 0
2022/06/15-23:21:41.919223 7f6aa6179700                       Options.max_log_file_size: 0
2022/06/15-23:21:41.919223 7f6aa6179700                  Options.max_manifest_file_size: 1073741824
2022/06/15-23:21:41.919223 7f6aa6179700                   Options.log_file_time_to_roll: 0
2022/06/15-23:21:41.919224 7f6aa6179700                       Options.keep_log_file_num: 1000
2022/06/15-23:21:41.919224 7f6aa6179700                    Options.recycle_log_file_num: 0
2022/06/15-23:21:41.919225 7f6aa6179700                         Options.allow_fallocate: 1
2022/06/15-23:21:41.919225 7f6aa6179700                        Options.allow_mmap_reads: 0
2022/06/15-23:21:41.919225 7f6aa6179700                       Options.allow_mmap_writes: 0
2022/06/15-23:21:41.919226 7f6aa6179700                        Options.use_direct_reads: 0
2022/06/15-23:21:41.919226 7f6aa6179700                        Options.use_direct_io_for_flush_and_compaction: 0
2022/06/15-23:21:41.919227 7f6aa6179700          Options.create_missing_column_families: 0
2022/06/15-23:21:41.919227 7f6aa6179700                              Options.db_log_dir: 
2022/06/15-23:21:41.919227 7f6aa6179700                                 Options.wal_dir: /home/ANT.AMAZON.COM/stefler/Documents/university/cloud-services/WikipediaStats/src/streams2/./local/kafka-streams-wiki/0_0/rocksdb/year-count-pages-create
2022/06/15-23:21:41.919228 7f6aa6179700                Options.table_cache_numshardbits: 6
2022/06/15-23:21:41.919228 7f6aa6179700                      Options.max_subcompactions: 1
2022/06/15-23:21:41.919229 7f6aa6179700                  Options.max_background_flushes: -1
2022/06/15-23:21:41.919229 7f6aa6179700                         Options.WAL_ttl_seconds: 0
2022/06/15-23:21:41.919230 7f6aa6179700                       Options.WAL_size_limit_MB: 0
2022/06/15-23:21:41.919230 7f6aa6179700             Options.manifest_preallocation_size: 4194304
2022/06/15-23:21:41.919230 7f6aa6179700                     Options.is_fd_close_on_exec: 1
2022/06/15-23:21:41.919231 7f6aa6179700                   Options.advise_random_on_open: 1
2022/06/15-23:21:41.919231 7f6aa6179700                    Options.db_write_buffer_size: 0
2022/06/15-23:21:41.919232 7f6aa6179700                    Options.write_buffer_manager: 0x7f6a582d6000
2022/06/15-23:21:41.919232 7f6aa6179700         Options.access_hint_on_compaction_start: 1
2022/06/15-23:21:41.919232 7f6aa6179700  Options.new_table_reader_for_compaction_inputs: 0
2022/06/15-23:21:41.919236 7f6aa6179700           Options.random_access_max_buffer_size: 1048576
2022/06/15-23:21:41.919237 7f6aa6179700                      Options.use_adaptive_mutex: 0
2022/06/15-23:21:41.919237 7f6aa6179700                            Options.rate_limiter: (nil)
2022/06/15-23:21:41.919238 7f6aa6179700     Options.sst_file_manager.rate_bytes_per_sec: 0
2022/06/15-23:21:41.919238 7f6aa6179700                       Options.wal_recovery_mode: 2
2022/06/15-23:21:41.919239 7f6aa6179700                  Options.enable_thread_tracking: 0
2022/06/15-23:21:41.919239 7f6aa6179700                  Options.enable_pipelined_write: 0
2022/06/15-23:21:41.919240 7f6aa6179700         Options.allow_concurrent_memtable_write: 1
2022/06/15-23:21:41.919240 7f6aa6179700      Options.enable_write_thread_adaptive_yield: 1
2022/06/15-23:21:41.919240 7f6aa6179700             Options.write_thread_max_yield_usec: 100
2022/06/15-23:21:41.919241 7f6aa6179700            Options.write_thread_slow_yield_usec: 3
2022/06/15-23:21:41.919241 7f6aa6179700                               Options.row_cache: None
2022/06/15-23:21:41.919242 7f6aa6179700                              Options.wal_filter: None
2022/06/15-23:21:41.919242 7f6aa6179700             Options.avoid_flush_during_recovery: 0
2022/06/15-23:21:41.919243 7f6aa6179700             Options.allow_ingest_behind: 0
2022/06/15-23:21:41.919243 7f6aa6179700             Options.preserve_deletes: 0
2022/06/15-23:21:41.919243 7f6aa6179700             Options.two_write_queues: 0
2022/06/15-23:21:41.919244 7f6aa6179700             Options.manual_wal_flush: 0
2022/06/15-23:21:41.919244 7f6aa6179700             Options.max_background_jobs: 8
2022/06/15-23:21:41.919245 7f6aa6179700             Options.max_background_compactions: -1
2022/06/15-23:21:41.919245 7f6aa6179700             Options.avoid_flush_during_shutdown: 0
2022/06/15-23:21:41.919245 7f6aa6179700           Options.writable_file_max_buffer_size: 1048576
2022/06/15-23:21:41.919246 7f6aa6179700             Options.delayed_write_rate : 16777216
2022/06/15-23:21:41.919246 7f6aa6179700             Options.max_total_wal_size: 0
2022/06/15-23:21:41.919247 7f6aa6179700             Options.delete_obsolete_files_period_micros: 21600000000
2022/06/15-23:21:41.919247 7f6aa6179700                   Options.stats_dump_period_sec: 600
2022/06/15-23:21:41.919247 7f6aa6179700                          Options.max_open_files: -1
2022/06/15-23:21:41.919248 7f6aa6179700                          Options.bytes_per_sync: 0
2022/06/15-23:21:41.919248 7f6aa6179700                      Options.wal_bytes_per_sync: 0
2022/06/15-23:21:41.919249 7f6aa6179700       Options.compaction_readahead_size: 0
2022/06/15-23:21:41.919249 7f6aa6179700 Compression algorithms supported:
2022/06/15-23:21:41.919250 7f6aa6179700 	kZSTDNotFinalCompression supported: 1
2022/06/15-23:21:41.919251 7f6aa6179700 	kZSTD supported: 1
2022/06/15-23:21:41.919251 7f6aa6179700 	kXpressCompression supported: 0
2022/06/15-23:21:41.919252 7f6aa6179700 	kLZ4HCCompression supported: 1
2022/06/15-23:21:41.919252 7f6aa6179700 	kLZ4Compression supported: 1
2022/06/15-23:21:41.919253 7f6aa6179700 	kBZip2Compression supported: 1
2022/06/15-23:21:41.919253 7f6aa6179700 	kZlibCompression supported: 1
2022/06/15-23:21:41.919253 7f6aa6179700 	kSnappyCompression supported: 1
2022/06/15-23:21:41.919254 7f6aa6179700 Fast CRC32 supported: Not supported on x86
2022/06/15-23:21:41.919310 7f6aa6179700               Options.comparator: leveldb.BytewiseComparator
2022/06/15-23:21:41.919311 7f6aa6179700           Options.merge_operator: None
2022/06/15-23:21:41.919311 7f6aa6179700        Options.compaction_filter: None
2022/06/15-23:21:41.919312 7f6aa6179700        Options.compaction_filter_factory: None
2022/06/15-23:21:41.919312 7f6aa6179700         Options.memtable_factory: SkipListFactory
2022/06/15-23:21:41.919312 7f6aa6179700            Options.table_factory: BlockBasedTable
2022/06/15-23:21:41.919324 7f6aa6179700            table_factory options:   flush_block_policy_factory: FlushBlockBySizePolicyFactory (0x7f6a5836ab20)
  cache_index_and_filter_blocks: 0
  cache_index_and_filter_blocks_with_high_priority: 0
  pin_l0_filter_and_index_blocks_in_cache: 0
  pin_top_level_index_and_filter: 1
  index_type: 0
  hash_index_allow_collision: 1
  checksum: 1
  no_block_cache: 0
  block_cache: 0x7f6a58331930
  block_cache_name: LRUCache
  block_cache_options:
    capacity : 52428800
    num_shard_bits : 6
    strict_capacity_limit : 0
    memory_allocator : None
    high_pri_pool_ratio: 0.000
  block_cache_compressed: (nil)
  persistent_cache: (nil)
  block_size: 4096
  block_size_deviation: 10
  block_restart_interval: 16
  index_block_restart_interval: 1
  metadata_block_size: 4096
  partition_filters: 0
  use_delta_encoding: 1
  filter_policy: rocksdb.BuiltinBloomFilter
  whole_key_filtering: 1
  verify_compression: 0
  read_amp_bytes_per_bit: 0
  format_version: 0
  enable_index_compression: 1
  block_align: 0
2022/06/15-23:21:41.919328 7f6aa6179700        Options.write_buffer_size: 16777216
2022/06/15-23:21:41.919329 7f6aa6179700  Options.max_write_buffer_number: 3
2022/06/15-23:21:41.919329 7f6aa6179700          Options.compression: NoCompression
2022/06/15-23:21:41.919330 7f6aa6179700                  Options.bottommost_compression: Disabled
2022/06/15-23:21:41.919330 7f6aa6179700       Options.prefix_extractor: nullptr
2022/06/15-23:21:41.919331 7f6aa6179700   Options.memtable_insert_with_hint_prefix_extractor: nullptr
2022/06/15-23:21:41.919331 7f6aa6179700             Options.num_levels: 7
2022/06/15-23:21:41.919331 7f6aa6179700        Options.min_write_buffer_number_to_merge: 1
2022/06/15-23:21:41.919332 7f6aa6179700     Options.max_write_buffer_number_to_maintain: 0
2022/06/15-23:21:41.919332 7f6aa6179700            Options.bottommost_compression_opts.window_bits: -14
2022/06/15-23:21:41.919333 7f6aa6179700                  Options.bottommost_compression_opts.level: 32767
2022/06/15-23:21:41.919333 7f6aa6179700               Options.bottommost_compression_opts.strategy: 0
2022/06/15-23:21:41.919333 7f6aa6179700         Options.bottommost_compression_opts.max_dict_bytes: 0
2022/06/15-23:21:41.919334 7f6aa6179700         Options.bottommost_compression_opts.zstd_max_train_bytes: 0
2022/06/15-23:21:41.919334 7f6aa6179700                  Options.bottommost_compression_opts.enabled: false
2022/06/15-23:21:41.919335 7f6aa6179700            Options.compression_opts.window_bits: -14
2022/06/15-23:21:41.919335 7f6aa6179700                  Options.compression_opts.level: 32767
2022/06/15-23:21:41.919336 7f6aa6179700               Options.compression_opts.strategy: 0
2022/06/15-23:21:41.919336 7f6aa6179700         Options.compression_opts.max_dict_bytes: 0
2022/06/15-23:21:41.919336 7f6aa6179700         Options.compression_opts.zstd_max_train_bytes: 0
2022/06/15-23:21:41.919337 7f6aa6179700                  Options.compression_opts.enabled: false
2022/06/15-23:21:41.919337 7f6aa6179700      Options.level0_file_num_compaction_trigger: 4
2022/06/15-23:21:41.919338 7f6aa6179700          Options.level0_slowdown_writes_trigger: 20
2022/06/15-23:21:41.919338 7f6aa6179700              Options.level0_stop_writes_trigger: 36
2022/06/15-23:21:41.919338 7f6aa6179700                   Options.target_file_size_base: 67108864
2022/06/15-23:21:41.919339 7f6aa6179700             Options.target_file_size_multiplier: 1
2022/06/15-23:21:41.919339 7f6aa6179700                Options.max_bytes_for_level_base: 268435456
2022/06/15-23:21:41.919340 7f6aa6179700 Options.level_compaction_dynamic_level_bytes: 0
2022/06/15-23:21:41.919340 7f6aa6179700          Options.max_bytes_for_level_multiplier: 10.000000
2022/06/15-23:21:41.919341 7f6aa6179700 Options.max_bytes_for_level_multiplier_addtl[0]: 1
2022/06/15-23:21:41.919341 7f6aa6179700 Options.max_bytes_for_level_multiplier_addtl[1]: 1
2022/06/15-23:21:41.919342 7f6aa6179700 Options.max_bytes_for_level_multiplier_addtl[2]: 1
2022/06/15-23:21:41.919342 7f6aa6179700 Options.max_bytes_for_level_multiplier_addtl[3]: 1
2022/06/15-23:21:41.919343 7f6aa6179700 Options.max_bytes_for_level_multiplier_addtl[4]: 1
2022/06/15-23:21:41.919345 7f6aa6179700 Options.max_bytes_for_level_multiplier_addtl[5]: 1
2022/06/15-23:21:41.919346 7f6aa6179700 Options.max_bytes_for_level_multiplier_addtl[6]: 1
2022/06/15-23:21:41.919346 7f6aa6179700       Options.max_sequential_skip_in_iterations: 8
2022/06/15-23:21:41.919347 7f6aa6179700                    Options.max_compaction_bytes: 1677721600
2022/06/15-23:21:41.919347 7f6aa6179700                        Options.arena_block_size: 2097152
2022/06/15-23:21:41.919348 7f6aa6179700   Options.soft_pending_compaction_bytes_limit: 68719476736
2022/06/15-23:21:41.919348 7f6aa6179700   Options.hard_pending_compaction_bytes_limit: 274877906944
2022/06/15-23:21:41.919348 7f6aa6179700       Options.rate_limit_delay_max_milliseconds: 100
2022/06/15-23:21:41.919349 7f6aa6179700                Options.disable_auto_compactions: 0
2022/06/15-23:21:41.919349 7f6aa6179700                        Options.compaction_style: kCompactionStyleUniversal
2022/06/15-23:21:41.919350 7f6aa6179700                          Options.compaction_pri: kByCompensatedSize
2022/06/15-23:21:41.919350 7f6aa6179700 Options.compaction_options_universal.size_ratio: 1
2022/06/15-23:21:41.919351 7f6aa6179700 Options.compaction_options_universal.min_merge_width: 2
2022/06/15-23:21:41.919351 7f6aa6179700 Options.compaction_options_universal.max_merge_width: 4294967295
2022/06/15-23:21:41.919352 7f6aa6179700 Options.compaction_options_universal.max_size_amplification_percent: 200
2022/06/15-23:21:41.919352 7f6aa6179700 Options.compaction_options_universal.compression_size_percent: -1
2022/06/15-23:21:41.919353 7f6aa6179700 Options.compaction_options_universal.stop_style: kCompactionStopStyleTotalSize
2022/06/15-23:21:41.919353 7f6aa6179700 Options.compaction_options_fifo.max_table_files_size: 1073741824
2022/06/15-23:21:41.919354 7f6aa6179700 Options.compaction_options_fifo.allow_compaction: 0
2022/06/15-23:21:41.919354 7f6aa6179700 Options.compaction_options_fifo.ttl: 0
2022/06/15-23:21:41.919354 7f6aa6179700                   Options.table_properties_collectors: 
2022/06/15-23:21:41.919355 7f6aa6179700                   Options.inplace_update_support: 0
2022/06/15-23:21:41.919355 7f6aa6179700                 Options.inplace_update_num_locks: 10000
2022/06/15-23:21:41.919356 7f6aa6179700               Options.memtable_prefix_bloom_size_ratio: 0.000000
2022/06/15-23:21:41.919356 7f6aa6179700   Options.memtable_huge_page_size: 0
2022/06/15-23:21:41.919357 7f6aa6179700                           Options.bloom_locality: 0
2022/06/15-23:21:41.919357 7f6aa6179700                    Options.max_successive_merges: 0
2022/06/15-23:21:41.919357 7f6aa6179700                Options.optimize_filters_for_hits: 0
2022/06/15-23:21:41.919358 7f6aa6179700                Options.paranoid_file_checks: 0
2022/06/15-23:21:41.919358 7f6aa6179700                Options.force_consistency_checks: 0
2022/06/15-23:21:41.919359 7f6aa6179700                Options.report_bg_io_stats: 0
2022/06/15-23:21:41.919359 7f6aa6179700                               Options.ttl: 0
2022/06/15-23:21:41.929406 7f6aa6179700               Options.comparator: leveldb.BytewiseComparator
2022/06/15-23:21:41.929409 7f6aa6179700           Options.merge_operator: None
2022/06/15-23:21:41.929410 7f6aa6179700        Options.compaction_filter: None
2022/06/15-23:21:41.929410 7f6aa6179700        Options.compaction_filter_factory: None
2022/06/15-23:21:41.929411 7f6aa6179700         Options.memtable_factory: SkipListFactory
2022/06/15-23:21:41.929412 7f6aa6179700            Options.table_factory: BlockBasedTable
2022/06/15-23:21:41.929429 7f6aa6179700            table_factory options:   flush_block_policy_factory: FlushBlockBySizePolicyFactory (0x7f6a5836ab20)
  cache_index_and_filter_blocks: 0
  cache_index_and_filter_blocks_with_high_priority: 0
  pin_l0_filter_and_index_blocks_in_cache: 0
  pin_top_level_index_and_filter: 1
  index_type: 0
  hash_index_allow_collision: 1
  checksum: 1
  no_block_cache: 0
  block_cache: 0x7f6a58331930
  block_cache_name: LRUCache
  block_cache_options:
    capacity : 52428800
    num_shard_bits : 6
    strict_capacity_limit : 0
    memory_allocator : None
    high_pri_pool_ratio: 0.000
  block_cache_compressed: (nil)
  persistent_cache: (nil)
  block_size: 4096
  block_size_deviation: 10
  block_restart_interval: 16
  index_block_restart_interval: 1
  metadata_block_size: 4096
  partition_filters: 0
  use_delta_encoding: 1
  filter_policy: rocksdb.BuiltinBloomFilter
  whole_key_filtering: 1
  verify_compression: 0
  read_amp_bytes_per_bit: 0
  format_version: 0
  enable_index_compression: 1
  block_align: 0
2022/06/15-23:21:41.929430 7f6aa6179700        Options.write_buffer_size: 16777216
2022/06/15-23:21:41.929430 7f6aa6179700  Options.max_write_buffer_number: 3
2022/06/15-23:21:41.929431 7f6aa6179700          Options.compression: NoCompression
2022/06/15-23:21:41.929431 7f6aa6179700                  Options.bottommost_compression: Disabled
2022/06/15-23:21:41.929432 7f6aa6179700       Options.prefix_extractor: nullptr
2022/06/15-23:21:41.929432 7f6aa6179700   Options.memtable_insert_with_hint_prefix_extractor: nullptr
2022/06/15-23:21:41.929433 7f6aa6179700             Options.num_levels: 7
2022/06/15-23:21:41.929433 7f6aa6179700        Options.min_write_buffer_number_to_merge: 1
2022/06/15-23:21:41.929433 7f6aa6179700     Options.max_write_buffer_number_to_maintain: 0
2022/06/15-23:21:41.929434 7f6aa6179700            Options.bottommost_compression_opts.window_bits: -14
2022/06/15-23:21:41.929434 7f6aa6179700                  Options.bottommost_compression_opts.level: 32767
2022/06/15-23:21:41.929435 7f6aa6179700               Options.bottommost_compression_opts.strategy: 0
2022/06/15-23:21:41.929435 7f6aa6179700         Options.bottommost_compression_opts.max_dict_bytes: 0
2022/06/15-23:21:41.929436 7f6aa6179700         Options.bottommost_compression_opts.zstd_max_train_bytes: 0
2022/06/15-23:21:41.929436 7f6aa6179700                  Options.bottommost_compression_opts.enabled: false
2022/06/15-23:21:41.929437 7f6aa6179700            Options.compression_opts.window_bits: -14
2022/06/15-23:21:41.929437 7f6aa6179700                  Options.compression_opts.level: 32767
2022/06/15-23:21:41.929437 7f6aa6179700               Options.compression_opts.strategy: 0
2022/06/15-23:21:41.929438 7f6aa6179700         Options.compression_opts.max_dict_bytes: 0
2022/06/15-23:21:41.929438 7f6aa6179700         Options.compression_opts.zstd_max_train_bytes: 0
2022/06/15-23:21:41.929439 7f6aa6179700                  Options.compression_opts.enabled: false
2022/06/15-23:21:41.929439 7f6aa6179700      Options.level0_file_num_compaction_trigger: 4
2022/06/15-23:21:41.929439 7f6aa6179700          Options.level0_slowdown_writes_trigger: 20
2022/06/15-23:21:41.929440 7f6aa6179700              Options.level0_stop_writes_trigger: 36
2022/06/15-23:21:41.929440 7f6aa6179700                   Options.target_file_size_base: 67108864
2022/06/15-23:21:41.929441 7f6aa6179700             Options.target_file_size_multiplier: 1
2022/06/15-23:21:41.929441 7f6aa6179700                Options.max_bytes_for_level_base: 268435456
2022/06/15-23:21:41.929447 7f6aa6179700 Options.level_compaction_dynamic_level_bytes: 0
2022/06/15-23:21:41.929448 7f6aa6179700          Options.max_bytes_for_level_multiplier: 10.000000
2022/06/15-23:21:41.929449 7f6aa6179700 Options.max_bytes_for_level_multiplier_addtl[0]: 1
2022/06/15-23:21:41.929449 7f6aa6179700 Options.max_bytes_for_level_multiplier_addtl[1]: 1
2022/06/15-23:21:41.929450 7f6aa6179700 Options.max_bytes_for_level_multiplier_addtl[2]: 1
2022/06/15-23:21:41.929450 7f6aa6179700 Options.max_bytes_for_level_multiplier_addtl[3]: 1
2022/06/15-23:21:41.929450 7f6aa6179700 Options.max_bytes_for_level_multiplier_addtl[4]: 1
2022/06/15-23:21:41.929451 7f6aa6179700 Options.max_bytes_for_level_multiplier_addtl[5]: 1
2022/06/15-23:21:41.929451 7f6aa6179700 Options.max_bytes_for_level_multiplier_addtl[6]: 1
2022/06/15-23:21:41.929452 7f6aa6179700       Options.max_sequential_skip_in_iterations: 8
2022/06/15-23:21:41.929452 7f6aa6179700                    Options.max_compaction_bytes: 1677721600
2022/06/15-23:21:41.929452 7f6aa6179700                        Options.arena_block_size: 2097152
2022/06/15-23:21:41.929453 7f6aa6179700   Options.soft_pending_compaction_bytes_limit: 68719476736
2022/06/15-23:21:41.929453 7f6aa6179700   Options.hard_pending_compaction_bytes_limit: 274877906944
2022/06/15-23:21:41.929454 7f6aa6179700       Options.rate_limit_delay_max_milliseconds: 100
2022/06/15-23:21:41.929454 7f6aa6179700                Options.disable_auto_compactions: 0
2022/06/15-23:21:41.929455 7f6aa6179700                        Options.compaction_style: kCompactionStyleUniversal
2022/06/15-23:21:41.929455 7f6aa6179700                          Options.compaction_pri: kByCompensatedSize
2022/06/15-23:21:41.929456 7f6aa6179700 Options.compaction_options_universal.size_ratio: 1
2022/06/15-23:21:41.929456 7f6aa6179700 Options.compaction_options_universal.min_merge_width: 2
2022/06/15-23:21:41.929456 7f6aa6179700 Options.compaction_options_universal.max_merge_width: 4294967295
2022/06/15-23:21:41.929457 7f6aa6179700 Options.compaction_options_universal.max_size_amplification_percent: 200
2022/06/15-23:21:41.929457 7f6aa6179700 Options.compaction_options_universal.compression_size_percent: -1
2022/06/15-23:21:41.929458 7f6aa6179700 Options.compaction_options_universal.stop_style: kCompactionStopStyleTotalSize
2022/06/15-23:21:41.929458 7f6aa6179700 Options.compaction_options_fifo.max_table_files_size: 1073741824
2022/06/15-23:21:41.929459 7f6aa6179700 Options.compaction_options_fifo.allow_compaction: 0
2022/06/15-23:21:41.929459 7f6aa6179700 Options.compaction_options_fifo.ttl: 0
2022/06/15-23:21:41.929459 7f6aa6179700                   Options.table_properties_collectors: 
2022/06/15-23:21:41.929460 7f6aa6179700                   Options.inplace_update_support: 0
2022/06/15-23:21:41.929460 7f6aa6179700                 Options.inplace_update_num_locks: 10000
2022/06/15-23:21:41.929461 7f6aa6179700               Options.memtable_prefix_bloom_size_ratio: 0.000000
2022/06/15-23:21:41.929461 7f6aa6179700   Options.memtable_huge_page_size: 0
2022/06/15-23:21:41.929462 7f6aa6179700                           Options.bloom_locality: 0
2022/06/15-23:21:41.929462 7f6aa6179700                    Options.max_successive_merges: 0
2022/06/15-23:21:41.929463 7f6aa6179700                Options.optimize_filters_for_hits: 0
2022/06/15-23:21:41.929463 7f6aa6179700                Options.paranoid_file_checks: 0
2022/06/15-23:21:41.929463 7f6aa6179700                Options.force_consistency_checks: 0
2022/06/15-23:21:41.929464 7f6aa6179700                Options.report_bg_io_stats: 0
2022/06/15-23:21:41.929464 7f6aa6179700                               Options.ttl: 0
