2022/06/12-10:59:19.884334 7f07773f9700 RocksDB version: 5.18.4
2022/06/12-10:59:19.884362 7f07773f9700 Git sha rocksdb_build_git_sha:
2022/06/12-10:59:19.884363 7f07773f9700 Compile date Mar 11 2020
2022/06/12-10:59:19.884364 7f07773f9700 DB SUMMARY
2022/06/12-10:59:19.884380 7f07773f9700 CURRENT file:  CURRENT
2022/06/12-10:59:19.884381 7f07773f9700 IDENTITY file:  IDENTITY
2022/06/12-10:59:19.884384 7f07773f9700 MANIFEST file:  MANIFEST-000001 size: 13 Bytes
2022/06/12-10:59:19.884385 7f07773f9700 SST files in /home/ANT.AMAZON.COM/stefler/Documents/university/cloud-services/WikipediaStats/src/streams/./local-streams/kafka-streams-wiki/2_1/rocksdb/week-all-countPagesCreated dir, Total Num: 0, files: 
2022/06/12-10:59:19.884386 7f07773f9700 Write Ahead Log file in /home/ANT.AMAZON.COM/stefler/Documents/university/cloud-services/WikipediaStats/src/streams/./local-streams/kafka-streams-wiki/2_1/rocksdb/week-all-countPagesCreated: 000003.log size: 0 ; 
2022/06/12-10:59:19.884388 7f07773f9700                         Options.error_if_exists: 0
2022/06/12-10:59:19.884389 7f07773f9700                       Options.create_if_missing: 1
2022/06/12-10:59:19.884390 7f07773f9700                         Options.paranoid_checks: 1
2022/06/12-10:59:19.884390 7f07773f9700                                     Options.env: 0x7f0775d39fa0
2022/06/12-10:59:19.884391 7f07773f9700                                Options.info_log: 0x7f07642a7d70
2022/06/12-10:59:19.884392 7f07773f9700                Options.max_file_opening_threads: 16
2022/06/12-10:59:19.884393 7f07773f9700                              Options.statistics: (nil)
2022/06/12-10:59:19.884394 7f07773f9700                               Options.use_fsync: 0
2022/06/12-10:59:19.884395 7f07773f9700                       Options.max_log_file_size: 0
2022/06/12-10:59:19.884395 7f07773f9700                  Options.max_manifest_file_size: 1073741824
2022/06/12-10:59:19.884396 7f07773f9700                   Options.log_file_time_to_roll: 0
2022/06/12-10:59:19.884397 7f07773f9700                       Options.keep_log_file_num: 1000
2022/06/12-10:59:19.884398 7f07773f9700                    Options.recycle_log_file_num: 0
2022/06/12-10:59:19.884399 7f07773f9700                         Options.allow_fallocate: 1
2022/06/12-10:59:19.884400 7f07773f9700                        Options.allow_mmap_reads: 0
2022/06/12-10:59:19.884400 7f07773f9700                       Options.allow_mmap_writes: 0
2022/06/12-10:59:19.884401 7f07773f9700                        Options.use_direct_reads: 0
2022/06/12-10:59:19.884402 7f07773f9700                        Options.use_direct_io_for_flush_and_compaction: 0
2022/06/12-10:59:19.884403 7f07773f9700          Options.create_missing_column_families: 0
2022/06/12-10:59:19.884403 7f07773f9700                              Options.db_log_dir: 
2022/06/12-10:59:19.884404 7f07773f9700                                 Options.wal_dir: /home/ANT.AMAZON.COM/stefler/Documents/university/cloud-services/WikipediaStats/src/streams/./local-streams/kafka-streams-wiki/2_1/rocksdb/week-all-countPagesCreated
2022/06/12-10:59:19.884405 7f07773f9700                Options.table_cache_numshardbits: 6
2022/06/12-10:59:19.884406 7f07773f9700                      Options.max_subcompactions: 1
2022/06/12-10:59:19.884407 7f07773f9700                  Options.max_background_flushes: -1
2022/06/12-10:59:19.884407 7f07773f9700                         Options.WAL_ttl_seconds: 0
2022/06/12-10:59:19.884408 7f07773f9700                       Options.WAL_size_limit_MB: 0
2022/06/12-10:59:19.884409 7f07773f9700             Options.manifest_preallocation_size: 4194304
2022/06/12-10:59:19.884410 7f07773f9700                     Options.is_fd_close_on_exec: 1
2022/06/12-10:59:19.884411 7f07773f9700                   Options.advise_random_on_open: 1
2022/06/12-10:59:19.884411 7f07773f9700                    Options.db_write_buffer_size: 0
2022/06/12-10:59:19.884412 7f07773f9700                    Options.write_buffer_manager: 0x7f076429e770
2022/06/12-10:59:19.884413 7f07773f9700         Options.access_hint_on_compaction_start: 1
2022/06/12-10:59:19.884414 7f07773f9700  Options.new_table_reader_for_compaction_inputs: 0
2022/06/12-10:59:19.884420 7f07773f9700           Options.random_access_max_buffer_size: 1048576
2022/06/12-10:59:19.884420 7f07773f9700                      Options.use_adaptive_mutex: 0
2022/06/12-10:59:19.884421 7f07773f9700                            Options.rate_limiter: (nil)
2022/06/12-10:59:19.884422 7f07773f9700     Options.sst_file_manager.rate_bytes_per_sec: 0
2022/06/12-10:59:19.884423 7f07773f9700                       Options.wal_recovery_mode: 2
2022/06/12-10:59:19.884424 7f07773f9700                  Options.enable_thread_tracking: 0
2022/06/12-10:59:19.884425 7f07773f9700                  Options.enable_pipelined_write: 0
2022/06/12-10:59:19.884426 7f07773f9700         Options.allow_concurrent_memtable_write: 1
2022/06/12-10:59:19.884426 7f07773f9700      Options.enable_write_thread_adaptive_yield: 1
2022/06/12-10:59:19.884427 7f07773f9700             Options.write_thread_max_yield_usec: 100
2022/06/12-10:59:19.884428 7f07773f9700            Options.write_thread_slow_yield_usec: 3
2022/06/12-10:59:19.884429 7f07773f9700                               Options.row_cache: None
2022/06/12-10:59:19.884429 7f07773f9700                              Options.wal_filter: None
2022/06/12-10:59:19.884430 7f07773f9700             Options.avoid_flush_during_recovery: 0
2022/06/12-10:59:19.884431 7f07773f9700             Options.allow_ingest_behind: 0
2022/06/12-10:59:19.884432 7f07773f9700             Options.preserve_deletes: 0
2022/06/12-10:59:19.884433 7f07773f9700             Options.two_write_queues: 0
2022/06/12-10:59:19.884433 7f07773f9700             Options.manual_wal_flush: 0
2022/06/12-10:59:19.884434 7f07773f9700             Options.max_background_jobs: 8
2022/06/12-10:59:19.884435 7f07773f9700             Options.max_background_compactions: -1
2022/06/12-10:59:19.884436 7f07773f9700             Options.avoid_flush_during_shutdown: 0
2022/06/12-10:59:19.884436 7f07773f9700           Options.writable_file_max_buffer_size: 1048576
2022/06/12-10:59:19.884437 7f07773f9700             Options.delayed_write_rate : 16777216
2022/06/12-10:59:19.884438 7f07773f9700             Options.max_total_wal_size: 0
2022/06/12-10:59:19.884439 7f07773f9700             Options.delete_obsolete_files_period_micros: 21600000000
2022/06/12-10:59:19.884439 7f07773f9700                   Options.stats_dump_period_sec: 600
2022/06/12-10:59:19.884440 7f07773f9700                          Options.max_open_files: -1
2022/06/12-10:59:19.884441 7f07773f9700                          Options.bytes_per_sync: 0
2022/06/12-10:59:19.884442 7f07773f9700                      Options.wal_bytes_per_sync: 0
2022/06/12-10:59:19.884442 7f07773f9700       Options.compaction_readahead_size: 0
2022/06/12-10:59:19.884443 7f07773f9700 Compression algorithms supported:
2022/06/12-10:59:19.884444 7f07773f9700 	kZSTDNotFinalCompression supported: 1
2022/06/12-10:59:19.884446 7f07773f9700 	kZSTD supported: 1
2022/06/12-10:59:19.884446 7f07773f9700 	kXpressCompression supported: 0
2022/06/12-10:59:19.884448 7f07773f9700 	kLZ4HCCompression supported: 1
2022/06/12-10:59:19.884448 7f07773f9700 	kLZ4Compression supported: 1
2022/06/12-10:59:19.884449 7f07773f9700 	kBZip2Compression supported: 1
2022/06/12-10:59:19.884450 7f07773f9700 	kZlibCompression supported: 1
2022/06/12-10:59:19.884451 7f07773f9700 	kSnappyCompression supported: 1
2022/06/12-10:59:19.884452 7f07773f9700 Fast CRC32 supported: Not supported on x86
2022/06/12-10:59:19.884546 7f07773f9700               Options.comparator: leveldb.BytewiseComparator
2022/06/12-10:59:19.884547 7f07773f9700           Options.merge_operator: None
2022/06/12-10:59:19.884548 7f07773f9700        Options.compaction_filter: None
2022/06/12-10:59:19.884549 7f07773f9700        Options.compaction_filter_factory: None
2022/06/12-10:59:19.884550 7f07773f9700         Options.memtable_factory: SkipListFactory
2022/06/12-10:59:19.884551 7f07773f9700            Options.table_factory: BlockBasedTable
2022/06/12-10:59:19.884571 7f07773f9700            table_factory options:   flush_block_policy_factory: FlushBlockBySizePolicyFactory (0x7f07642af5e0)
  cache_index_and_filter_blocks: 0
  cache_index_and_filter_blocks_with_high_priority: 0
  pin_l0_filter_and_index_blocks_in_cache: 0
  pin_top_level_index_and_filter: 1
  index_type: 0
  hash_index_allow_collision: 1
  checksum: 1
  no_block_cache: 0
  block_cache: 0x7f07642a6490
  block_cache_name: LRUCache
  block_cache_options:
    capacity : 52428800
    num_shard_bits : 6
    strict_capacity_limit : 0
    memory_allocator : None
    high_pri_pool_ratio: 0.000
  block_cache_compressed: (nil)
  persistent_cache: (nil)
  block_size: 4096
  block_size_deviation: 10
  block_restart_interval: 16
  index_block_restart_interval: 1
  metadata_block_size: 4096
  partition_filters: 0
  use_delta_encoding: 1
  filter_policy: rocksdb.BuiltinBloomFilter
  whole_key_filtering: 1
  verify_compression: 0
  read_amp_bytes_per_bit: 0
  format_version: 0
  enable_index_compression: 1
  block_align: 0
2022/06/12-10:59:19.884577 7f07773f9700        Options.write_buffer_size: 16777216
2022/06/12-10:59:19.884578 7f07773f9700  Options.max_write_buffer_number: 3
2022/06/12-10:59:19.884579 7f07773f9700          Options.compression: NoCompression
2022/06/12-10:59:19.884580 7f07773f9700                  Options.bottommost_compression: Disabled
2022/06/12-10:59:19.884581 7f07773f9700       Options.prefix_extractor: nullptr
2022/06/12-10:59:19.884582 7f07773f9700   Options.memtable_insert_with_hint_prefix_extractor: nullptr
2022/06/12-10:59:19.884583 7f07773f9700             Options.num_levels: 7
2022/06/12-10:59:19.884583 7f07773f9700        Options.min_write_buffer_number_to_merge: 1
2022/06/12-10:59:19.884584 7f07773f9700     Options.max_write_buffer_number_to_maintain: 0
2022/06/12-10:59:19.884585 7f07773f9700            Options.bottommost_compression_opts.window_bits: -14
2022/06/12-10:59:19.884586 7f07773f9700                  Options.bottommost_compression_opts.level: 32767
2022/06/12-10:59:19.884587 7f07773f9700               Options.bottommost_compression_opts.strategy: 0
2022/06/12-10:59:19.884588 7f07773f9700         Options.bottommost_compression_opts.max_dict_bytes: 0
2022/06/12-10:59:19.884588 7f07773f9700         Options.bottommost_compression_opts.zstd_max_train_bytes: 0
2022/06/12-10:59:19.884589 7f07773f9700                  Options.bottommost_compression_opts.enabled: false
2022/06/12-10:59:19.884590 7f07773f9700            Options.compression_opts.window_bits: -14
2022/06/12-10:59:19.884591 7f07773f9700                  Options.compression_opts.level: 32767
2022/06/12-10:59:19.884592 7f07773f9700               Options.compression_opts.strategy: 0
2022/06/12-10:59:19.884592 7f07773f9700         Options.compression_opts.max_dict_bytes: 0
2022/06/12-10:59:19.884593 7f07773f9700         Options.compression_opts.zstd_max_train_bytes: 0
2022/06/12-10:59:19.884594 7f07773f9700                  Options.compression_opts.enabled: false
2022/06/12-10:59:19.884595 7f07773f9700      Options.level0_file_num_compaction_trigger: 4
2022/06/12-10:59:19.884595 7f07773f9700          Options.level0_slowdown_writes_trigger: 20
2022/06/12-10:59:19.884596 7f07773f9700              Options.level0_stop_writes_trigger: 36
2022/06/12-10:59:19.884597 7f07773f9700                   Options.target_file_size_base: 67108864
2022/06/12-10:59:19.884598 7f07773f9700             Options.target_file_size_multiplier: 1
2022/06/12-10:59:19.884599 7f07773f9700                Options.max_bytes_for_level_base: 268435456
2022/06/12-10:59:19.884599 7f07773f9700 Options.level_compaction_dynamic_level_bytes: 0
2022/06/12-10:59:19.884600 7f07773f9700          Options.max_bytes_for_level_multiplier: 10.000000
2022/06/12-10:59:19.884602 7f07773f9700 Options.max_bytes_for_level_multiplier_addtl[0]: 1
2022/06/12-10:59:19.884603 7f07773f9700 Options.max_bytes_for_level_multiplier_addtl[1]: 1
2022/06/12-10:59:19.884604 7f07773f9700 Options.max_bytes_for_level_multiplier_addtl[2]: 1
2022/06/12-10:59:19.884604 7f07773f9700 Options.max_bytes_for_level_multiplier_addtl[3]: 1
2022/06/12-10:59:19.884605 7f07773f9700 Options.max_bytes_for_level_multiplier_addtl[4]: 1
2022/06/12-10:59:19.884610 7f07773f9700 Options.max_bytes_for_level_multiplier_addtl[5]: 1
2022/06/12-10:59:19.884611 7f07773f9700 Options.max_bytes_for_level_multiplier_addtl[6]: 1
2022/06/12-10:59:19.884611 7f07773f9700       Options.max_sequential_skip_in_iterations: 8
2022/06/12-10:59:19.884612 7f07773f9700                    Options.max_compaction_bytes: 1677721600
2022/06/12-10:59:19.884613 7f07773f9700                        Options.arena_block_size: 2097152
2022/06/12-10:59:19.884614 7f07773f9700   Options.soft_pending_compaction_bytes_limit: 68719476736
2022/06/12-10:59:19.884615 7f07773f9700   Options.hard_pending_compaction_bytes_limit: 274877906944
2022/06/12-10:59:19.884615 7f07773f9700       Options.rate_limit_delay_max_milliseconds: 100
2022/06/12-10:59:19.884616 7f07773f9700                Options.disable_auto_compactions: 0
2022/06/12-10:59:19.884617 7f07773f9700                        Options.compaction_style: kCompactionStyleUniversal
2022/06/12-10:59:19.884618 7f07773f9700                          Options.compaction_pri: kByCompensatedSize
2022/06/12-10:59:19.884619 7f07773f9700 Options.compaction_options_universal.size_ratio: 1
2022/06/12-10:59:19.884620 7f07773f9700 Options.compaction_options_universal.min_merge_width: 2
2022/06/12-10:59:19.884621 7f07773f9700 Options.compaction_options_universal.max_merge_width: 4294967295
2022/06/12-10:59:19.884622 7f07773f9700 Options.compaction_options_universal.max_size_amplification_percent: 200
2022/06/12-10:59:19.884622 7f07773f9700 Options.compaction_options_universal.compression_size_percent: -1
2022/06/12-10:59:19.884623 7f07773f9700 Options.compaction_options_universal.stop_style: kCompactionStopStyleTotalSize
2022/06/12-10:59:19.884624 7f07773f9700 Options.compaction_options_fifo.max_table_files_size: 1073741824
2022/06/12-10:59:19.884625 7f07773f9700 Options.compaction_options_fifo.allow_compaction: 0
2022/06/12-10:59:19.884626 7f07773f9700 Options.compaction_options_fifo.ttl: 0
2022/06/12-10:59:19.884627 7f07773f9700                   Options.table_properties_collectors: 
2022/06/12-10:59:19.884627 7f07773f9700                   Options.inplace_update_support: 0
2022/06/12-10:59:19.884628 7f07773f9700                 Options.inplace_update_num_locks: 10000
2022/06/12-10:59:19.884629 7f07773f9700               Options.memtable_prefix_bloom_size_ratio: 0.000000
2022/06/12-10:59:19.884630 7f07773f9700   Options.memtable_huge_page_size: 0
2022/06/12-10:59:19.884631 7f07773f9700                           Options.bloom_locality: 0
2022/06/12-10:59:19.884632 7f07773f9700                    Options.max_successive_merges: 0
2022/06/12-10:59:19.884633 7f07773f9700                Options.optimize_filters_for_hits: 0
2022/06/12-10:59:19.884633 7f07773f9700                Options.paranoid_file_checks: 0
2022/06/12-10:59:19.884634 7f07773f9700                Options.force_consistency_checks: 0
2022/06/12-10:59:19.884635 7f07773f9700                Options.report_bg_io_stats: 0
2022/06/12-10:59:19.884636 7f07773f9700                               Options.ttl: 0
2022/06/12-10:59:19.892946 7f07773f9700               Options.comparator: leveldb.BytewiseComparator
2022/06/12-10:59:19.892950 7f07773f9700           Options.merge_operator: None
2022/06/12-10:59:19.892951 7f07773f9700        Options.compaction_filter: None
2022/06/12-10:59:19.892952 7f07773f9700        Options.compaction_filter_factory: None
2022/06/12-10:59:19.892953 7f07773f9700         Options.memtable_factory: SkipListFactory
2022/06/12-10:59:19.892953 7f07773f9700            Options.table_factory: BlockBasedTable
2022/06/12-10:59:19.892972 7f07773f9700            table_factory options:   flush_block_policy_factory: FlushBlockBySizePolicyFactory (0x7f07642af5e0)
  cache_index_and_filter_blocks: 0
  cache_index_and_filter_blocks_with_high_priority: 0
  pin_l0_filter_and_index_blocks_in_cache: 0
  pin_top_level_index_and_filter: 1
  index_type: 0
  hash_index_allow_collision: 1
  checksum: 1
  no_block_cache: 0
  block_cache: 0x7f07642a6490
  block_cache_name: LRUCache
  block_cache_options:
    capacity : 52428800
    num_shard_bits : 6
    strict_capacity_limit : 0
    memory_allocator : None
    high_pri_pool_ratio: 0.000
  block_cache_compressed: (nil)
  persistent_cache: (nil)
  block_size: 4096
  block_size_deviation: 10
  block_restart_interval: 16
  index_block_restart_interval: 1
  metadata_block_size: 4096
  partition_filters: 0
  use_delta_encoding: 1
  filter_policy: rocksdb.BuiltinBloomFilter
  whole_key_filtering: 1
  verify_compression: 0
  read_amp_bytes_per_bit: 0
  format_version: 0
  enable_index_compression: 1
  block_align: 0
2022/06/12-10:59:19.892974 7f07773f9700        Options.write_buffer_size: 16777216
2022/06/12-10:59:19.892975 7f07773f9700  Options.max_write_buffer_number: 3
2022/06/12-10:59:19.892975 7f07773f9700          Options.compression: NoCompression
2022/06/12-10:59:19.892976 7f07773f9700                  Options.bottommost_compression: Disabled
2022/06/12-10:59:19.892977 7f07773f9700       Options.prefix_extractor: nullptr
2022/06/12-10:59:19.892978 7f07773f9700   Options.memtable_insert_with_hint_prefix_extractor: nullptr
2022/06/12-10:59:19.892978 7f07773f9700             Options.num_levels: 7
2022/06/12-10:59:19.892979 7f07773f9700        Options.min_write_buffer_number_to_merge: 1
2022/06/12-10:59:19.892980 7f07773f9700     Options.max_write_buffer_number_to_maintain: 0
2022/06/12-10:59:19.892980 7f07773f9700            Options.bottommost_compression_opts.window_bits: -14
2022/06/12-10:59:19.892981 7f07773f9700                  Options.bottommost_compression_opts.level: 32767
2022/06/12-10:59:19.892982 7f07773f9700               Options.bottommost_compression_opts.strategy: 0
2022/06/12-10:59:19.892982 7f07773f9700         Options.bottommost_compression_opts.max_dict_bytes: 0
2022/06/12-10:59:19.892983 7f07773f9700         Options.bottommost_compression_opts.zstd_max_train_bytes: 0
2022/06/12-10:59:19.892984 7f07773f9700                  Options.bottommost_compression_opts.enabled: false
2022/06/12-10:59:19.892984 7f07773f9700            Options.compression_opts.window_bits: -14
2022/06/12-10:59:19.892985 7f07773f9700                  Options.compression_opts.level: 32767
2022/06/12-10:59:19.892985 7f07773f9700               Options.compression_opts.strategy: 0
2022/06/12-10:59:19.892986 7f07773f9700         Options.compression_opts.max_dict_bytes: 0
2022/06/12-10:59:19.892987 7f07773f9700         Options.compression_opts.zstd_max_train_bytes: 0
2022/06/12-10:59:19.892987 7f07773f9700                  Options.compression_opts.enabled: false
2022/06/12-10:59:19.892988 7f07773f9700      Options.level0_file_num_compaction_trigger: 4
2022/06/12-10:59:19.892989 7f07773f9700          Options.level0_slowdown_writes_trigger: 20
2022/06/12-10:59:19.892989 7f07773f9700              Options.level0_stop_writes_trigger: 36
2022/06/12-10:59:19.892990 7f07773f9700                   Options.target_file_size_base: 67108864
2022/06/12-10:59:19.892991 7f07773f9700             Options.target_file_size_multiplier: 1
2022/06/12-10:59:19.892991 7f07773f9700                Options.max_bytes_for_level_base: 268435456
2022/06/12-10:59:19.893001 7f07773f9700 Options.level_compaction_dynamic_level_bytes: 0
2022/06/12-10:59:19.893002 7f07773f9700          Options.max_bytes_for_level_multiplier: 10.000000
2022/06/12-10:59:19.893004 7f07773f9700 Options.max_bytes_for_level_multiplier_addtl[0]: 1
2022/06/12-10:59:19.893004 7f07773f9700 Options.max_bytes_for_level_multiplier_addtl[1]: 1
2022/06/12-10:59:19.893005 7f07773f9700 Options.max_bytes_for_level_multiplier_addtl[2]: 1
2022/06/12-10:59:19.893006 7f07773f9700 Options.max_bytes_for_level_multiplier_addtl[3]: 1
2022/06/12-10:59:19.893006 7f07773f9700 Options.max_bytes_for_level_multiplier_addtl[4]: 1
2022/06/12-10:59:19.893007 7f07773f9700 Options.max_bytes_for_level_multiplier_addtl[5]: 1
2022/06/12-10:59:19.893008 7f07773f9700 Options.max_bytes_for_level_multiplier_addtl[6]: 1
2022/06/12-10:59:19.893009 7f07773f9700       Options.max_sequential_skip_in_iterations: 8
2022/06/12-10:59:19.893009 7f07773f9700                    Options.max_compaction_bytes: 1677721600
2022/06/12-10:59:19.893010 7f07773f9700                        Options.arena_block_size: 2097152
2022/06/12-10:59:19.893011 7f07773f9700   Options.soft_pending_compaction_bytes_limit: 68719476736
2022/06/12-10:59:19.893011 7f07773f9700   Options.hard_pending_compaction_bytes_limit: 274877906944
2022/06/12-10:59:19.893012 7f07773f9700       Options.rate_limit_delay_max_milliseconds: 100
2022/06/12-10:59:19.893013 7f07773f9700                Options.disable_auto_compactions: 0
2022/06/12-10:59:19.893014 7f07773f9700                        Options.compaction_style: kCompactionStyleUniversal
2022/06/12-10:59:19.893015 7f07773f9700                          Options.compaction_pri: kByCompensatedSize
2022/06/12-10:59:19.893016 7f07773f9700 Options.compaction_options_universal.size_ratio: 1
2022/06/12-10:59:19.893016 7f07773f9700 Options.compaction_options_universal.min_merge_width: 2
2022/06/12-10:59:19.893017 7f07773f9700 Options.compaction_options_universal.max_merge_width: 4294967295
2022/06/12-10:59:19.893018 7f07773f9700 Options.compaction_options_universal.max_size_amplification_percent: 200
2022/06/12-10:59:19.893019 7f07773f9700 Options.compaction_options_universal.compression_size_percent: -1
2022/06/12-10:59:19.893019 7f07773f9700 Options.compaction_options_universal.stop_style: kCompactionStopStyleTotalSize
2022/06/12-10:59:19.893020 7f07773f9700 Options.compaction_options_fifo.max_table_files_size: 1073741824
2022/06/12-10:59:19.893021 7f07773f9700 Options.compaction_options_fifo.allow_compaction: 0
2022/06/12-10:59:19.893021 7f07773f9700 Options.compaction_options_fifo.ttl: 0
2022/06/12-10:59:19.893022 7f07773f9700                   Options.table_properties_collectors: 
2022/06/12-10:59:19.893023 7f07773f9700                   Options.inplace_update_support: 0
2022/06/12-10:59:19.893023 7f07773f9700                 Options.inplace_update_num_locks: 10000
2022/06/12-10:59:19.893024 7f07773f9700               Options.memtable_prefix_bloom_size_ratio: 0.000000
2022/06/12-10:59:19.893025 7f07773f9700   Options.memtable_huge_page_size: 0
2022/06/12-10:59:19.893026 7f07773f9700                           Options.bloom_locality: 0
2022/06/12-10:59:19.893026 7f07773f9700                    Options.max_successive_merges: 0
2022/06/12-10:59:19.893027 7f07773f9700                Options.optimize_filters_for_hits: 0
2022/06/12-10:59:19.893028 7f07773f9700                Options.paranoid_file_checks: 0
2022/06/12-10:59:19.893028 7f07773f9700                Options.force_consistency_checks: 0
2022/06/12-10:59:19.893029 7f07773f9700                Options.report_bg_io_stats: 0
2022/06/12-10:59:19.893030 7f07773f9700                               Options.ttl: 0
